32 256 6144
32 6144 1536
32 6144 2304
32 6144 3072
32 6144 4608
32 6144 6144
32 6144 9216
64 4608 6144
64 6144 1536
64 6144 4608
64 6144 9216
64 15360 1536
128 2304 6144
128 6144 768
128 6144 2304
128 6144 4608
128 15360 768
512 128 1536
512 4608 6144
512 6144 128
512 6144 1536
512 6144 4608
512 6144 9216
576 6144 6144
576 6144 9216
1024 128 768
1024 2304 6144
1024 6144 128
1024 6144 768
1024 6144 2304
1024 6144 4608
1152 3072 6144
1152 6144 4608
2048 128 1536
2048 4608 6144
2048 6144 128
2048 6144 1536
2048 6144 4608
2048 6144 9216
2112 6144 6144
2112 6144 9216
4096 128 768
4096 2304 6144
4096 6144 128
4096 6144 768
4096 6144 2304
4096 6144 4608
4224 3072 6144
4224 6144 4608
8192 128 1536
8192 4608 6144
8192 6144 128
8192 6144 1536
8192 6144 4608
8192 6144 9216
8256 6144 6144
8256 6144 9216
16384 128 768
16384 2304 6144
16384 6144 128
16384 6144 768
16384 6144 2304
16384 6144 4608
16512 3072 6144
16512 6144 4608
