0
0
64
1
0
64
64
1
0
128
64
1
0
192
64
1
0
256
64
1
0
320
64
1
0
384
64
1
0
448
64
1
0
512
64
1
0
576
64
1
0
640
64
1
0
704
64
0
128
768
64
0
256
832
64
0
384
896
64
0
512
960
64
0
640
1024
64
0
768
1088
64
0
896
1152
64
0
0
1216
64
1
0
1280
64
1
1024
1344
64
0
1152
1408
64
0
1280
1472
64
0
1408
1536
64
0
1536
1600
64
0
1664
1664
64
0
1792
1728
64
0
1920
1792
64
0
0
1856
64
1
0
1920
64
1
2048
1984
64
0
64
0
64
1
64
64
64
1
64
128
64
1
64
192
64
1
64
256
64
1
64
320
64
1
64
384
64
1
64
448
64
1
64
512
64
1
64
576
64
1
64
640
64
1
64
704
64
0
192
768
64
0
320
832
64
0
448
896
64
0
576
960
64
0
704
1024
64
0
832
1088
64
0
960
1152
64
0
64
1216
64
1
64
1280
64
1
1088
1344
64
0
1216
1408
64
0
1344
1472
64
0
1472
1536
64
0
1600
1600
64
0
1728
1664
64
0
1856
1728
64
0
1984
1792
64
0
64
1856
64
1
64
1920
64
1
2112
1984
64
0
2176
0
64
0
2304
64
64
0
2432
128
64
0
2560
192
64
0
2688
256
64
0
2816
320
64
0
2944
384
64
0
0
448
64
1
0
512
64
1
3072
576
64
0
3200
640
64
0
3328
704
64
0
3456
768
64
0
3584
832
64
0
3712
896
64
0
3840
960
64
0
3968
1024
64
0
0
1088
64
1
0
1152
64
1
4096
1216
64
0
4224
1280
64
0
4352
1344
64
0
4480
1408
64
0
4608
1472
64
0
4736
1536
64
0
4864
1600
64
0
4992
1664
64
0
0
1728
64
1
0
1792
64
1
5120
1856
64
0
5248
1920
64
0
5376
1984
64
0
2240
0
64
0
2368
64
64
0
2496
128
64
0
2624
192
64
0
2752
256
64
0
2880
320
64
0
3008
384
64
0
64
448
64
1
64
512
64
1
3136
576
64
0
3264
640
64
0
3392
704
64
0
3520
768
64
0
3648
832
64
0
3776
896
64
0
3904
960
64
0
4032
1024
64
0
64
1088
64
1
64
1152
64
1
4160
1216
64
0
4288
1280
64
0
4416
1344
64
0
4544
1408
64
0
4672
1472
64
0
4800
1536
64
0
4928
1600
64
0
5056
1664
64
0
64
1728
64
1
64
1792
64
1
5184
1856
64
0
5312
1920
64
0
5440
1984
64
0
5504
0
64
0
5632
64
64
0
5760
128
64
0
5888
192
64
0
6016
256
64
0
0
320
64
1
0
384
64
1
6144
448
64
0
6272
512
64
0
6400
576
64
0
6528
640
64
0
6656
704
64
0
6784
768
64
0
6912
832
64
0
7040
896
64
0
0
960
64
1
0
1024
64
1
7168
1088
64
0
7296
1152
64
0
7424
1216
64
0
7552
1280
64
0
7680
1344
64
0
7808
1408
64
0
7936
1472
64
0
8064
1536
64
0
0
1600
64
1
0
1664
64
1
0
1728
64
1
0
1792
64
1
0
1856
64
1
0
1920
64
1
0
1984
64
1
5568
0
64
0
5696
64
64
0
5824
128
64
0
5952
192
64
0
6080
256
64
0
64
320
64
1
64
384
64
1
6208
448
64
0
6336
512
64
0
6464
576
64
0
6592
640
64
0
6720
704
64
0
6848
768
64
0
6976
832
64
0
7104
896
64
0
64
960
64
1
64
1024
64
1
7232
1088
64
0
7360
1152
64
0
7488
1216
64
0
7616
1280
64
0
7744
1344
64
0
7872
1408
64
0
8000
1472
64
0
8128
1536
64
0
64
1600
64
1
64
1664
64
1
64
1728
64
1
64
1792
64
1
64
1856
64
1
64
1920
64
1
64
1984
64
1
0
0
64
1
0
64
64
1
0
128
64
1
0
192
64
1
0
256
64
1
0
320
64
1
0
384
64
1
0
448
64
1
0
512
64
1
0
576
64
1
0
640
64
1
0
704
64
1
0
768
64
1
0
832
64
1
0
896
64
1
0
960
64
1
0
1024
64
1
0
1088
64
1
0
1152
64
1
0
1216
64
1
0
1280
64
1
0
1344
64
1
0
1408
64
1
0
1472
64
1
0
1536
64
1
0
1600
64
1
0
1664
64
1
0
1728
64
1
0
1792
64
1
0
1856
64
1
0
1920
64
1
0
1984
64
1
64
0
64
1
64
64
64
1
64
128
64
1
64
192
64
1
64
256
64
1
64
320
64
1
64
384
64
1
64
448
64
1
64
512
64
1
64
576
64
1
64
640
64
1
64
704
64
1
64
768
64
1
64
832
64
1
64
896
64
1
64
960
64
1
64
1024
64
1
64
1088
64
1
64
1152
64
1
64
1216
64
1
64
1280
64
1
64
1344
64
1
64
1408
64
1
64
1472
64
1
64
1536
64
1
64
1600
64
1
64
1664
64
1
64
1728
64
1
64
1792
64
1
64
1856
64
1
64
1920
64
1
64
1984
64
1
