0
0
64
1
0
64
64
1
0
128
64
1
0
192
64
1
0
256
64
1
0
320
64
1
0
384
64
1
0
448
64
1
0
512
64
1
0
576
64
1
0
640
64
1
0
704
64
1
896
768
64
0
1152
832
64
0
1408
896
64
0
0
960
64
1
0
1024
64
1
2432
1088
64
0
2688
1152
64
0
2944
1216
64
0
0
1280
64
1
0
1344
64
1
3968
1408
64
0
4224
1472
64
0
4480
1536
64
0
0
1600
64
1
0
1664
64
1
0
1728
64
1
0
1792
64
1
0
1856
64
1
0
1920
64
1
0
1984
64
1
64
0
64
1
64
64
64
1
64
128
64
1
64
192
64
1
64
256
64
1
64
320
64
1
64
384
64
1
64
448
64
1
64
512
64
1
64
576
64
1
64
640
64
1
64
704
64
1
960
768
64
0
1216
832
64
0
1472
896
64
0
64
960
64
1
64
1024
64
1
2496
1088
64
0
2752
1152
64
0
3008
1216
64
0
64
1280
64
1
64
1344
64
1
4032
1408
64
0
4288
1472
64
0
4544
1536
64
0
64
1600
64
1
64
1664
64
1
64
1728
64
1
64
1792
64
1
64
1856
64
1
64
1920
64
1
64
1984
64
1
0
0
64
1
0
64
64
1
0
128
64
1
0
192
64
1
0
256
64
1
0
320
64
1
0
384
64
1
0
448
64
1
0
512
64
1
0
576
64
1
0
640
64
1
768
704
64
0
1024
768
64
0
1280
832
64
0
0
896
64
1
0
960
64
1
2304
1024
64
0
2560
1088
64
0
2816
1152
64
0
0
1216
64
1
0
1280
64
1
3840
1344
64
0
4096
1408
64
0
4352
1472
64
0
0
1536
64
1
128
1600
64
1
128
1664
64
1
128
1728
64
1
128
1792
64
1
128
1856
64
1
128
1920
64
1
128
1984
64
1
64
0
64
1
64
64
64
1
64
128
64
1
64
192
64
1
64
256
64
1
64
320
64
1
64
384
64
1
64
448
64
1
64
512
64
1
64
576
64
1
64
640
64
1
832
704
64
0
1088
768
64
0
1344
832
64
0
64
896
64
1
64
960
64
1
2368
1024
64
0
2624
1088
64
0
2880
1152
64
0
64
1216
64
1
64
1280
64
1
3904
1344
64
0
4160
1408
64
0
4416
1472
64
0
64
1536
64
1
192
1600
64
1
192
1664
64
1
192
1728
64
1
192
1792
64
1
192
1856
64
1
192
1920
64
1
192
1984
64
1
0
0
64
1
0
64
64
1
0
128
64
1
0
192
64
1
0
256
64
1
0
320
64
1
0
384
64
1
0
448
64
1
0
512
64
1
0
576
64
1
0
640
64
1
896
704
64
0
1152
768
64
0
1408
832
64
0
0
896
64
1
0
960
64
1
2432
1024
64
0
2688
1088
64
0
2944
1152
64
0
0
1216
64
1
0
1280
64
1
3968
1344
64
0
4224
1408
64
0
4480
1472
64
0
0
1536
64
1
256
1600
64
1
256
1664
64
1
256
1728
64
1
256
1792
64
1
256
1856
64
1
256
1920
64
1
256
1984
64
1
64
0
64
1
64
64
64
1
64
128
64
1
64
192
64
1
64
256
64
1
64
320
64
1
64
384
64
1
64
448
64
1
64
512
64
1
64
576
64
1
64
640
64
1
960
704
64
0
1216
768
64
0
1472
832
64
0
64
896
64
1
64
960
64
1
2496
1024
64
0
2752
1088
64
0
3008
1152
64
0
64
1216
64
1
64
1280
64
1
4032
1344
64
0
4288
1408
64
0
4544
1472
64
0
64
1536
64
1
320
1600
64
1
320
1664
64
1
320
1728
64
1
320
1792
64
1
320
1856
64
1
320
1920
64
1
320
1984
64
1
0
0
64
1
0
64
64
1
0
128
64
1
0
192
64
1
0
256
64
1
0
320
64
1
0
384
64
1
128
448
64
0
384
512
64
0
640
576
64
0
0
640
64
1
0
704
64
1
1664
768
64
0
1920
832
64
0
2176
896
64
0
0
960
64
1
0
1024
64
1
3200
1088
64
0
3456
1152
64
0
3712
1216
64
0
0
1280
64
1
0
1344
64
1
0
1408
64
1
0
1472
64
1
0
1536
64
1
384
1600
64
1
384
1664
64
1
384
1728
64
1
384
1792
64
1
384
1856
64
1
384
1920
64
1
384
1984
64
1
64
0
64
1
64
64
64
1
64
128
64
1
64
192
64
1
64
256
64
1
64
320
64
1
64
384
64
1
192
448
64
0
448
512
64
0
704
576
64
0
64
640
64
1
64
704
64
1
1728
768
64
0
1984
832
64
0
2240
896
64
0
64
960
64
1
64
1024
64
1
3264
1088
64
0
3520
1152
64
0
3776
1216
64
0
64
1280
64
1
64
1344
64
1
64
1408
64
1
64
1472
64
1
64
1536
64
1
448
1600
64
1
448
1664
64
1
448
1728
64
1
448
1792
64
1
448
1856
64
1
448
1920
64
1
448
1984
64
1
0
0
64
1
0
64
64
1
0
128
64
1
0
192
64
1
0
256
64
1
0
320
64
1
0
384
64
0
256
448
64
0
512
512
64
0
0
576
64
1
0
640
64
1
1536
704
64
0
1792
768
64
0
2048
832
64
0
0
896
64
1
0
960
64
1
3072
1024
64
0
3328
1088
64
0
3584
1152
64
0
0
1216
64
1
0
1280
64
1
0
1344
64
1
0
1408
64
1
0
1472
64
1
0
1536
64
1
512
1600
64
1
512
1664
64
1
512
1728
64
1
512
1792
64
1
512
1856
64
1
512
1920
64
1
512
1984
64
1
64
0
64
1
64
64
64
1
64
128
64
1
64
192
64
1
64
256
64
1
64
320
64
1
64
384
64
0
320
448
64
0
576
512
64
0
64
576
64
1
64
640
64
1
1600
704
64
0
1856
768
64
0
2112
832
64
0
64
896
64
1
64
960
64
1
3136
1024
64
0
3392
1088
64
0
3648
1152
64
0
64
1216
64
1
64
1280
64
1
64
1344
64
1
64
1408
64
1
64
1472
64
1
64
1536
64
1
576
1600
64
1
576
1664
64
1
576
1728
64
1
576
1792
64
1
576
1856
64
1
576
1920
64
1
576
1984
64
1
0
0
64
1
0
64
64
1
0
128
64
1
0
192
64
1
0
256
64
1
0
320
64
1
128
384
64
0
384
448
64
0
640
512
64
0
0
576
64
1
0
640
64
1
1664
704
64
0
1920
768
64
0
2176
832
64
0
0
896
64
1
0
960
64
1
3200
1024
64
0
3456
1088
64
0
3712
1152
64
0
0
1216
64
1
0
1280
64
1
0
1344
64
1
0
1408
64
1
0
1472
64
1
0
1536
64
1
640
1600
64
1
640
1664
64
1
640
1728
64
1
640
1792
64
1
640
1856
64
1
640
1920
64
1
640
1984
64
1
64
0
64
1
64
64
64
1
64
128
64
1
64
192
64
1
64
256
64
1
64
320
64
1
192
384
64
0
448
448
64
0
704
512
64
0
64
576
64
1
64
640
64
1
1728
704
64
0
1984
768
64
0
2240
832
64
0
64
896
64
1
64
960
64
1
3264
1024
64
0
3520
1088
64
0
3776
1152
64
0
64
1216
64
1
64
1280
64
1
64
1344
64
1
64
1408
64
1
64
1472
64
1
64
1536
64
1
704
1600
64
1
704
1664
64
1
704
1728
64
1
704
1792
64
1
704
1856
64
1
704
1920
64
1
704
1984
64
1
0
0
64
1
0
64
64
1
0
128
64
1
0
192
64
1
0
256
64
1
0
320
64
1
0
384
64
1
896
448
64
0
1152
512
64
0
1408
576
64
0
0
640
64
1
0
704
64
1
2432
768
64
0
2688
832
64
0
2944
896
64
0
0
960
64
1
0
1024
64
1
3968
1088
64
0
4224
1152
64
0
4480
1216
64
0
0
1280
64
1
0
1344
64
1
0
1408
64
1
0
1472
64
1
0
1536
64
1
768
1600
64
1
768
1664
64
1
768
1728
64
1
768
1792
64
1
768
1856
64
1
768
1920
64
1
768
1984
64
1
64
0
64
1
64
64
64
1
64
128
64
1
64
192
64
1
64
256
64
1
64
320
64
1
64
384
64
1
960
448
64
0
1216
512
64
0
1472
576
64
0
64
640
64
1
64
704
64
1
2496
768
64
0
2752
832
64
0
3008
896
64
0
64
960
64
1
64
1024
64
1
4032
1088
64
0
4288
1152
64
0
4544
1216
64
0
64
1280
64
1
64
1344
64
1
64
1408
64
1
64
1472
64
1
64
1536
64
1
832
1600
64
1
832
1664
64
1
832
1728
64
1
832
1792
64
1
832
1856
64
1
832
1920
64
1
832
1984
64
1
0
0
64
1
0
64
64
1
0
128
64
1
0
192
64
1
0
256
64
1
0
320
64
1
768
384
64
0
1024
448
64
0
1280
512
64
0
0
576
64
1
0
640
64
1
2304
704
64
0
2560
768
64
0
2816
832
64
0
0
896
64
1
0
960
64
1
3840
1024
64
0
4096
1088
64
0
4352
1152
64
0
0
1216
64
1
0
1280
64
1
0
1344
64
1
0
1408
64
1
0
1472
64
1
0
1536
64
1
896
1600
64
1
896
1664
64
1
896
1728
64
1
896
1792
64
1
896
1856
64
1
896
1920
64
1
896
1984
64
1
64
0
64
1
64
64
64
1
64
128
64
1
64
192
64
1
64
256
64
1
64
320
64
1
832
384
64
0
1088
448
64
0
1344
512
64
0
64
576
64
1
64
640
64
1
2368
704
64
0
2624
768
64
0
2880
832
64
0
64
896
64
1
64
960
64
1
3904
1024
64
0
4160
1088
64
0
4416
1152
64
0
64
1216
64
1
64
1280
64
1
64
1344
64
1
64
1408
64
1
64
1472
64
1
64
1536
64
1
960
1600
64
1
960
1664
64
1
960
1728
64
1
960
1792
64
1
960
1856
64
1
960
1920
64
1
960
1984
64
1
0
0
64
1
0
64
64
1
0
128
64
1
0
192
64
1
0
256
64
1
0
320
64
1
896
384
64
0
1152
448
64
0
1408
512
64
0
0
576
64
1
0
640
64
1
2432
704
64
0
2688
768
64
0
2944
832
64
0
0
896
64
1
0
960
64
1
3968
1024
64
0
4224
1088
64
0
4480
1152
64
0
0
1216
64
1
0
1280
64
1
0
1344
64
1
0
1408
64
1
0
1472
64
1
0
1536
64
1
1024
1600
64
1
1024
1664
64
1
1024
1728
64
1
1024
1792
64
1
1024
1856
64
1
1024
1920
64
1
1024
1984
64
1
64
0
64
1
64
64
64
1
64
128
64
1
64
192
64
1
64
256
64
1
64
320
64
1
960
384
64
0
1216
448
64
0
1472
512
64
0
64
576
64
1
64
640
64
1
2496
704
64
0
2752
768
64
0
3008
832
64
0
64
896
64
1
64
960
64
1
4032
1024
64
0
4288
1088
64
0
4544
1152
64
0
64
1216
64
1
64
1280
64
1
64
1344
64
1
64
1408
64
1
64
1472
64
1
64
1536
64
1
1088
1600
64
1
1088
1664
64
1
1088
1728
64
1
1088
1792
64
1
1088
1856
64
1
1088
1920
64
1
1088
1984
64
1
