0
0
64
0
256
64
64
0
512
128
64
0
768
192
64
0
1792
256
64
0
2048
320
64
0
2304
384
64
0
2560
448
64
0
3584
512
64
0
3840
576
64
0
4096
640
64
0
4352
704
64
0
5376
768
64
0
5632
832
64
0
5888
896
64
0
6144
960
64
0
0
1024
64
1
0
1088
64
1
0
1152
64
1
0
1216
64
1
0
1280
64
1
0
1344
64
1
0
1408
64
1
0
1472
64
1
0
1536
64
1
0
1600
64
1
0
1664
64
1
0
1728
64
1
0
1792
64
1
0
1856
64
1
0
1920
64
1
0
1984
64
1
64
0
64
0
320
64
64
0
576
128
64
0
832
192
64
0
1856
256
64
0
2112
320
64
0
2368
384
64
0
2624
448
64
0
3648
512
64
0
3904
576
64
0
4160
640
64
0
4416
704
64
0
5440
768
64
0
5696
832
64
0
5952
896
64
0
6208
960
64
0
64
1024
64
1
64
1088
64
1
64
1152
64
1
64
1216
64
1
64
1280
64
1
64
1344
64
1
64
1408
64
1
64
1472
64
1
64
1536
64
1
64
1600
64
1
64
1664
64
1
64
1728
64
1
64
1792
64
1
64
1856
64
1
64
1920
64
1
64
1984
64
1
