0
0
64
1
0
64
64
1
0
128
64
1
0
192
64
1
0
256
64
1
0
320
64
1
0
384
64
1
0
448
64
1
0
512
64
1
0
576
64
1
0
640
64
1
0
704
64
1
1152
768
64
0
1408
832
64
0
1664
896
64
0
0
960
64
1
0
1024
64
1
3200
1088
64
0
3456
1152
64
0
3712
1216
64
0
0
1280
64
1
0
1344
64
1
5248
1408
64
0
5504
1472
64
0
5760
1536
64
0
0
1600
64
1
0
1664
64
1
0
1728
64
1
0
1792
64
1
0
1856
64
1
0
1920
64
1
0
1984
64
1
64
0
64
1
64
64
64
1
64
128
64
1
64
192
64
1
64
256
64
1
64
320
64
1
64
384
64
1
64
448
64
1
64
512
64
1
64
576
64
1
64
640
64
1
64
704
64
1
1216
768
64
0
1472
832
64
0
1728
896
64
0
64
960
64
1
64
1024
64
1
3264
1088
64
0
3520
1152
64
0
3776
1216
64
0
64
1280
64
1
64
1344
64
1
5312
1408
64
0
5568
1472
64
0
5824
1536
64
0
64
1600
64
1
64
1664
64
1
64
1728
64
1
64
1792
64
1
64
1856
64
1
64
1920
64
1
64
1984
64
1
0
0
64
1
0
64
64
1
0
128
64
1
0
192
64
1
0
256
64
1
0
320
64
1
0
384
64
1
0
448
64
1
0
512
64
1
0
576
64
1
0
640
64
1
1024
704
64
0
1280
768
64
0
1536
832
64
0
1792
896
64
0
0
960
64
1
3072
1024
64
0
3328
1088
64
0
3584
1152
64
0
3840
1216
64
0
0
1280
64
1
5120
1344
64
0
5376
1408
64
0
5632
1472
64
0
5888
1536
64
0
128
1600
64
1
128
1664
64
1
128
1728
64
1
128
1792
64
1
128
1856
64
1
128
1920
64
1
128
1984
64
1
64
0
64
1
64
64
64
1
64
128
64
1
64
192
64
1
64
256
64
1
64
320
64
1
64
384
64
1
64
448
64
1
64
512
64
1
64
576
64
1
64
640
64
1
1088
704
64
0
1344
768
64
0
1600
832
64
0
1856
896
64
0
64
960
64
1
3136
1024
64
0
3392
1088
64
0
3648
1152
64
0
3904
1216
64
0
64
1280
64
1
5184
1344
64
0
5440
1408
64
0
5696
1472
64
0
5952
1536
64
0
192
1600
64
1
192
1664
64
1
192
1728
64
1
192
1792
64
1
192
1856
64
1
192
1920
64
1
192
1984
64
1
0
0
64
1
0
64
64
1
0
128
64
1
0
192
64
1
0
256
64
1
0
320
64
1
0
384
64
1
0
448
64
1
0
512
64
1
0
576
64
1
0
640
64
1
1152
704
64
0
1408
768
64
0
1664
832
64
0
1920
896
64
0
0
960
64
1
3200
1024
64
0
3456
1088
64
0
3712
1152
64
0
3968
1216
64
0
0
1280
64
1
5248
1344
64
0
5504
1408
64
0
5760
1472
64
0
6016
1536
64
0
256
1600
64
1
256
1664
64
1
256
1728
64
1
256
1792
64
1
256
1856
64
1
256
1920
64
1
256
1984
64
1
64
0
64
1
64
64
64
1
64
128
64
1
64
192
64
1
64
256
64
1
64
320
64
1
64
384
64
1
64
448
64
1
64
512
64
1
64
576
64
1
64
640
64
1
1216
704
64
0
1472
768
64
0
1728
832
64
0
1984
896
64
0
64
960
64
1
3264
1024
64
0
3520
1088
64
0
3776
1152
64
0
4032
1216
64
0
64
1280
64
1
5312
1344
64
0
5568
1408
64
0
5824
1472
64
0
6080
1536
64
0
320
1600
64
1
320
1664
64
1
320
1728
64
1
320
1792
64
1
320
1856
64
1
320
1920
64
1
320
1984
64
1
0
0
64
1
0
64
64
1
0
128
64
1
0
192
64
1
0
256
64
1
0
320
64
1
0
384
64
1
0
448
64
1
0
512
64
1
0
576
64
1
1024
640
64
0
1280
704
64
0
1536
768
64
0
1792
832
64
0
0
896
64
1
3072
960
64
0
3328
1024
64
0
3584
1088
64
0
3840
1152
64
0
0
1216
64
1
5120
1280
64
0
5376
1344
64
0
5632
1408
64
0
5888
1472
64
0
0
1536
64
1
384
1600
64
1
384
1664
64
1
384
1728
64
1
384
1792
64
1
384
1856
64
1
384
1920
64
1
384
1984
64
1
64
0
64
1
64
64
64
1
64
128
64
1
64
192
64
1
64
256
64
1
64
320
64
1
64
384
64
1
64
448
64
1
64
512
64
1
64
576
64
1
1088
640
64
0
1344
704
64
0
1600
768
64
0
1856
832
64
0
64
896
64
1
3136
960
64
0
3392
1024
64
0
3648
1088
64
0
3904
1152
64
0
64
1216
64
1
5184
1280
64
0
5440
1344
64
0
5696
1408
64
0
5952
1472
64
0
64
1536
64
1
448
1600
64
1
448
1664
64
1
448
1728
64
1
448
1792
64
1
448
1856
64
1
448
1920
64
1
448
1984
64
1
0
0
64
1
0
64
64
1
0
128
64
1
0
192
64
1
0
256
64
1
0
320
64
1
0
384
64
1
0
448
64
1
0
512
64
1
0
576
64
1
1152
640
64
0
1408
704
64
0
1664
768
64
0
1920
832
64
0
0
896
64
1
3200
960
64
0
3456
1024
64
0
3712
1088
64
0
3968
1152
64
0
0
1216
64
1
5248
1280
64
0
5504
1344
64
0
5760
1408
64
0
6016
1472
64
0
0
1536
64
1
512
1600
64
1
512
1664
64
1
512
1728
64
1
512
1792
64
1
512
1856
64
1
512
1920
64
1
512
1984
64
1
64
0
64
1
64
64
64
1
64
128
64
1
64
192
64
1
64
256
64
1
64
320
64
1
64
384
64
1
64
448
64
1
64
512
64
1
64
576
64
1
1216
640
64
0
1472
704
64
0
1728
768
64
0
1984
832
64
0
64
896
64
1
3264
960
64
0
3520
1024
64
0
3776
1088
64
0
4032
1152
64
0
64
1216
64
1
5312
1280
64
0
5568
1344
64
0
5824
1408
64
0
6080
1472
64
0
64
1536
64
1
576
1600
64
1
576
1664
64
1
576
1728
64
1
576
1792
64
1
576
1856
64
1
576
1920
64
1
576
1984
64
1
0
0
64
1
0
64
64
1
0
128
64
1
0
192
64
1
0
256
64
1
0
320
64
1
0
384
64
1
128
448
64
0
384
512
64
0
640
576
64
0
0
640
64
1
0
704
64
1
2176
768
64
0
2432
832
64
0
2688
896
64
0
0
960
64
1
0
1024
64
1
4224
1088
64
0
4480
1152
64
0
4736
1216
64
0
0
1280
64
1
0
1344
64
1
6272
1408
64
0
6528
1472
64
0
6784
1536
64
0
640
1600
64
1
640
1664
64
1
640
1728
64
1
640
1792
64
1
640
1856
64
1
640
1920
64
1
640
1984
64
1
64
0
64
1
64
64
64
1
64
128
64
1
64
192
64
1
64
256
64
1
64
320
64
1
64
384
64
1
192
448
64
0
448
512
64
0
704
576
64
0
64
640
64
1
64
704
64
1
2240
768
64
0
2496
832
64
0
2752
896
64
0
64
960
64
1
64
1024
64
1
4288
1088
64
0
4544
1152
64
0
4800
1216
64
0
64
1280
64
1
64
1344
64
1
6336
1408
64
0
6592
1472
64
0
6848
1536
64
0
704
1600
64
1
704
1664
64
1
704
1728
64
1
704
1792
64
1
704
1856
64
1
704
1920
64
1
704
1984
64
1
0
0
64
1
0
64
64
1
0
128
64
1
0
192
64
1
0
256
64
1
0
320
64
1
0
384
64
0
256
448
64
0
512
512
64
0
768
576
64
0
0
640
64
1
2048
704
64
0
2304
768
64
0
2560
832
64
0
2816
896
64
0
0
960
64
1
4096
1024
64
0
4352
1088
64
0
4608
1152
64
0
4864
1216
64
0
0
1280
64
1
6144
1344
64
0
6400
1408
64
0
6656
1472
64
0
6912
1536
64
0
768
1600
64
1
768
1664
64
1
768
1728
64
1
768
1792
64
1
768
1856
64
1
768
1920
64
1
768
1984
64
1
64
0
64
1
64
64
64
1
64
128
64
1
64
192
64
1
64
256
64
1
64
320
64
1
64
384
64
0
320
448
64
0
576
512
64
0
832
576
64
0
64
640
64
1
2112
704
64
0
2368
768
64
0
2624
832
64
0
2880
896
64
0
64
960
64
1
4160
1024
64
0
4416
1088
64
0
4672
1152
64
0
4928
1216
64
0
64
1280
64
1
6208
1344
64
0
6464
1408
64
0
6720
1472
64
0
6976
1536
64
0
832
1600
64
1
832
1664
64
1
832
1728
64
1
832
1792
64
1
832
1856
64
1
832
1920
64
1
832
1984
64
1
0
0
64
1
0
64
64
1
0
128
64
1
0
192
64
1
0
256
64
1
0
320
64
1
128
384
64
0
384
448
64
0
640
512
64
0
896
576
64
0
0
640
64
1
2176
704
64
0
2432
768
64
0
2688
832
64
0
2944
896
64
0
0
960
64
1
4224
1024
64
0
4480
1088
64
0
4736
1152
64
0
4992
1216
64
0
0
1280
64
1
6272
1344
64
0
6528
1408
64
0
6784
1472
64
0
7040
1536
64
0
896
1600
64
1
896
1664
64
1
896
1728
64
1
896
1792
64
1
896
1856
64
1
896
1920
64
1
896
1984
64
1
64
0
64
1
64
64
64
1
64
128
64
1
64
192
64
1
64
256
64
1
64
320
64
1
192
384
64
0
448
448
64
0
704
512
64
0
960
576
64
0
64
640
64
1
2240
704
64
0
2496
768
64
0
2752
832
64
0
3008
896
64
0
64
960
64
1
4288
1024
64
0
4544
1088
64
0
4800
1152
64
0
5056
1216
64
0
64
1280
64
1
6336
1344
64
0
6592
1408
64
0
6848
1472
64
0
7104
1536
64
0
960
1600
64
1
960
1664
64
1
960
1728
64
1
960
1792
64
1
960
1856
64
1
960
1920
64
1
960
1984
64
1
0
0
64
1
0
64
64
1
0
128
64
1
0
192
64
1
0
256
64
1
0
320
64
0
256
384
64
0
512
448
64
0
768
512
64
0
0
576
64
1
2048
640
64
0
2304
704
64
0
2560
768
64
0
2816
832
64
0
0
896
64
1
4096
960
64
0
4352
1024
64
0
4608
1088
64
0
4864
1152
64
0
0
1216
64
1
6144
1280
64
0
6400
1344
64
0
6656
1408
64
0
6912
1472
64
0
0
1536
64
1
1024
1600
64
1
1024
1664
64
1
1024
1728
64
1
1024
1792
64
1
1024
1856
64
1
1024
1920
64
1
1024
1984
64
1
64
0
64
1
64
64
64
1
64
128
64
1
64
192
64
1
64
256
64
1
64
320
64
0
320
384
64
0
576
448
64
0
832
512
64
0
64
576
64
1
2112
640
64
0
2368
704
64
0
2624
768
64
0
2880
832
64
0
64
896
64
1
4160
960
64
0
4416
1024
64
0
4672
1088
64
0
4928
1152
64
0
64
1216
64
1
6208
1280
64
0
6464
1344
64
0
6720
1408
64
0
6976
1472
64
0
64
1536
64
1
1088
1600
64
1
1088
1664
64
1
1088
1728
64
1
1088
1792
64
1
1088
1856
64
1
1088
1920
64
1
1088
1984
64
1
0
0
64
1
0
64
64
1
0
128
64
1
0
192
64
1
0
256
64
1
128
320
64
0
384
384
64
0
640
448
64
0
896
512
64
0
0
576
64
1
2176
640
64
0
2432
704
64
0
2688
768
64
0
2944
832
64
0
0
896
64
1
4224
960
64
0
4480
1024
64
0
4736
1088
64
0
4992
1152
64
0
0
1216
64
1
6272
1280
64
0
6528
1344
64
0
6784
1408
64
0
7040
1472
64
0
0
1536
64
1
1152
1600
64
1
1152
1664
64
1
1152
1728
64
1
1152
1792
64
1
1152
1856
64
1
1152
1920
64
1
1152
1984
64
1
64
0
64
1
64
64
64
1
64
128
64
1
64
192
64
1
64
256
64
1
192
320
64
0
448
384
64
0
704
448
64
0
960
512
64
0
64
576
64
1
2240
640
64
0
2496
704
64
0
2752
768
64
0
3008
832
64
0
64
896
64
1
4288
960
64
0
4544
1024
64
0
4800
1088
64
0
5056
1152
64
0
64
1216
64
1
6336
1280
64
0
6592
1344
64
0
6848
1408
64
0
7104
1472
64
0
64
1536
64
1
1216
1600
64
1
1216
1664
64
1
1216
1728
64
1
1216
1792
64
1
1216
1856
64
1
1216
1920
64
1
1216
1984
64
1
0
0
64
1
0
64
64
1
0
128
64
1
0
192
64
1
0
256
64
1
0
320
64
1
0
384
64
1
1152
448
64
0
1408
512
64
0
1664
576
64
0
0
640
64
1
0
704
64
1
3200
768
64
0
3456
832
64
0
3712
896
64
0
0
960
64
1
0
1024
64
1
5248
1088
64
0
5504
1152
64
0
5760
1216
64
0
0
1280
64
1
0
1344
64
1
7296
1408
64
0
7552
1472
64
0
7808
1536
64
0
1280
1600
64
1
1280
1664
64
1
1280
1728
64
1
1280
1792
64
1
1280
1856
64
1
1280
1920
64
1
1280
1984
64
1
64
0
64
1
64
64
64
1
64
128
64
1
64
192
64
1
64
256
64
1
64
320
64
1
64
384
64
1
1216
448
64
0
1472
512
64
0
1728
576
64
0
64
640
64
1
64
704
64
1
3264
768
64
0
3520
832
64
0
3776
896
64
0
64
960
64
1
64
1024
64
1
5312
1088
64
0
5568
1152
64
0
5824
1216
64
0
64
1280
64
1
64
1344
64
1
7360
1408
64
0
7616
1472
64
0
7872
1536
64
0
1344
1600
64
1
1344
1664
64
1
1344
1728
64
1
1344
1792
64
1
1344
1856
64
1
1344
1920
64
1
1344
1984
64
1
0
0
64
1
0
64
64
1
0
128
64
1
0
192
64
1
0
256
64
1
0
320
64
1
1024
384
64
0
1280
448
64
0
1536
512
64
0
1792
576
64
0
0
640
64
1
3072
704
64
0
3328
768
64
0
3584
832
64
0
3840
896
64
0
0
960
64
1
5120
1024
64
0
5376
1088
64
0
5632
1152
64
0
5888
1216
64
0
0
1280
64
1
7168
1344
64
0
7424
1408
64
0
7680
1472
64
0
7936
1536
64
0
1408
1600
64
1
1408
1664
64
1
1408
1728
64
1
1408
1792
64
1
1408
1856
64
1
1408
1920
64
1
1408
1984
64
1
64
0
64
1
64
64
64
1
64
128
64
1
64
192
64
1
64
256
64
1
64
320
64
1
1088
384
64
0
1344
448
64
0
1600
512
64
0
1856
576
64
0
64
640
64
1
3136
704
64
0
3392
768
64
0
3648
832
64
0
3904
896
64
0
64
960
64
1
5184
1024
64
0
5440
1088
64
0
5696
1152
64
0
5952
1216
64
0
64
1280
64
1
7232
1344
64
0
7488
1408
64
0
7744
1472
64
0
8000
1536
64
0
1472
1600
64
1
1472
1664
64
1
1472
1728
64
1
1472
1792
64
1
1472
1856
64
1
1472
1920
64
1
1472
1984
64
1
0
0
64
1
0
64
64
1
0
128
64
1
0
192
64
1
0
256
64
1
0
320
64
1
1152
384
64
0
1408
448
64
0
1664
512
64
0
1920
576
64
0
0
640
64
1
3200
704
64
0
3456
768
64
0
3712
832
64
0
3968
896
64
0
0
960
64
1
5248
1024
64
0
5504
1088
64
0
5760
1152
64
0
6016
1216
64
0
0
1280
64
1
7296
1344
64
0
7552
1408
64
0
7808
1472
64
0
8064
1536
64
0
1536
1600
64
1
1536
1664
64
1
1536
1728
64
1
1536
1792
64
1
1536
1856
64
1
1536
1920
64
1
1536
1984
64
1
64
0
64
1
64
64
64
1
64
128
64
1
64
192
64
1
64
256
64
1
64
320
64
1
1216
384
64
0
1472
448
64
0
1728
512
64
0
1984
576
64
0
64
640
64
1
3264
704
64
0
3520
768
64
0
3776
832
64
0
4032
896
64
0
64
960
64
1
5312
1024
64
0
5568
1088
64
0
5824
1152
64
0
6080
1216
64
0
64
1280
64
1
7360
1344
64
0
7616
1408
64
0
7872
1472
64
0
8128
1536
64
0
1600
1600
64
1
1600
1664
64
1
1600
1728
64
1
1600
1792
64
1
1600
1856
64
1
1600
1920
64
1
1600
1984
64
1
0
0
64
1
0
64
64
1
0
128
64
1
0
192
64
1
0
256
64
1
1024
320
64
0
1280
384
64
0
1536
448
64
0
1792
512
64
0
0
576
64
1
3072
640
64
0
3328
704
64
0
3584
768
64
0
3840
832
64
0
0
896
64
1
5120
960
64
0
5376
1024
64
0
5632
1088
64
0
5888
1152
64
0
0
1216
64
1
7168
1280
64
0
7424
1344
64
0
7680
1408
64
0
7936
1472
64
0
0
1536
64
1
1664
1600
64
1
1664
1664
64
1
1664
1728
64
1
1664
1792
64
1
1664
1856
64
1
1664
1920
64
1
1664
1984
64
1
64
0
64
1
64
64
64
1
64
128
64
1
64
192
64
1
64
256
64
1
1088
320
64
0
1344
384
64
0
1600
448
64
0
1856
512
64
0
64
576
64
1
3136
640
64
0
3392
704
64
0
3648
768
64
0
3904
832
64
0
64
896
64
1
5184
960
64
0
5440
1024
64
0
5696
1088
64
0
5952
1152
64
0
64
1216
64
1
7232
1280
64
0
7488
1344
64
0
7744
1408
64
0
8000
1472
64
0
64
1536
64
1
1728
1600
64
1
1728
1664
64
1
1728
1728
64
1
1728
1792
64
1
1728
1856
64
1
1728
1920
64
1
1728
1984
64
1
0
0
64
1
0
64
64
1
0
128
64
1
0
192
64
1
0
256
64
1
1152
320
64
0
1408
384
64
0
1664
448
64
0
1920
512
64
0
0
576
64
1
3200
640
64
0
3456
704
64
0
3712
768
64
0
3968
832
64
0
0
896
64
1
5248
960
64
0
5504
1024
64
0
5760
1088
64
0
6016
1152
64
0
0
1216
64
1
7296
1280
64
0
7552
1344
64
0
7808
1408
64
0
8064
1472
64
0
0
1536
64
1
1792
1600
64
1
1792
1664
64
1
1792
1728
64
1
1792
1792
64
1
1792
1856
64
1
1792
1920
64
1
1792
1984
64
1
64
0
64
1
64
64
64
1
64
128
64
1
64
192
64
1
64
256
64
1
1216
320
64
0
1472
384
64
0
1728
448
64
0
1984
512
64
0
64
576
64
1
3264
640
64
0
3520
704
64
0
3776
768
64
0
4032
832
64
0
64
896
64
1
5312
960
64
0
5568
1024
64
0
5824
1088
64
0
6080
1152
64
0
64
1216
64
1
7360
1280
64
0
7616
1344
64
0
7872
1408
64
0
8128
1472
64
0
64
1536
64
1
1856
1600
64
1
1856
1664
64
1
1856
1728
64
1
1856
1792
64
1
1856
1856
64
1
1856
1920
64
1
1856
1984
64
1
0
0
64
1
0
64
64
1
128
128
64
0
384
192
64
0
640
256
64
0
0
320
64
1
0
384
64
1
2176
448
64
0
2432
512
64
0
2688
576
64
0
0
640
64
1
0
704
64
1
4224
768
64
0
4480
832
64
0
4736
896
64
0
0
960
64
1
0
1024
64
1
6272
1088
64
0
6528
1152
64
0
6784
1216
64
0
0
1280
64
1
0
1344
64
1
0
1408
64
1
0
1472
64
1
0
1536
64
1
1920
1600
64
1
1920
1664
64
1
1920
1728
64
1
1920
1792
64
1
1920
1856
64
1
1920
1920
64
1
1920
1984
64
1
64
0
64
1
64
64
64
1
192
128
64
0
448
192
64
0
704
256
64
0
64
320
64
1
64
384
64
1
2240
448
64
0
2496
512
64
0
2752
576
64
0
64
640
64
1
64
704
64
1
4288
768
64
0
4544
832
64
0
4800
896
64
0
64
960
64
1
64
1024
64
1
6336
1088
64
0
6592
1152
64
0
6848
1216
64
0
64
1280
64
1
64
1344
64
1
64
1408
64
1
64
1472
64
1
64
1536
64
1
1984
1600
64
1
1984
1664
64
1
1984
1728
64
1
1984
1792
64
1
1984
1856
64
1
1984
1920
64
1
1984
1984
64
1
0
0
64
1
0
64
64
0
256
128
64
0
512
192
64
0
768
256
64
0
0
320
64
1
2048
384
64
0
2304
448
64
0
2560
512
64
0
2816
576
64
0
0
640
64
1
4096
704
64
0
4352
768
64
0
4608
832
64
0
4864
896
64
0
0
960
64
1
6144
1024
64
0
6400
1088
64
0
6656
1152
64
0
6912
1216
64
0
0
1280
64
1
0
1344
64
1
0
1408
64
1
0
1472
64
1
0
1536
64
1
2048
1600
64
1
2048
1664
64
1
2048
1728
64
1
2048
1792
64
1
2048
1856
64
1
2048
1920
64
1
2048
1984
64
1
64
0
64
1
64
64
64
0
320
128
64
0
576
192
64
0
832
256
64
0
64
320
64
1
2112
384
64
0
2368
448
64
0
2624
512
64
0
2880
576
64
0
64
640
64
1
4160
704
64
0
4416
768
64
0
4672
832
64
0
4928
896
64
0
64
960
64
1
6208
1024
64
0
6464
1088
64
0
6720
1152
64
0
6976
1216
64
0
64
1280
64
1
64
1344
64
1
64
1408
64
1
64
1472
64
1
64
1536
64
1
2112
1600
64
1
2112
1664
64
1
2112
1728
64
1
2112
1792
64
1
2112
1856
64
1
2112
1920
64
1
2112
1984
64
1
0
0
64
1
128
64
64
0
384
128
64
0
640
192
64
0
896
256
64
0
0
320
64
1
2176
384
64
0
2432
448
64
0
2688
512
64
0
2944
576
64
0
0
640
64
1
4224
704
64
0
4480
768
64
0
4736
832
64
0
4992
896
64
0
0
960
64
1
6272
1024
64
0
6528
1088
64
0
6784
1152
64
0
7040
1216
64
0
0
1280
64
1
0
1344
64
1
0
1408
64
1
0
1472
64
1
0
1536
64
1
2176
1600
64
1
2176
1664
64
1
2176
1728
64
1
2176
1792
64
1
2176
1856
64
1
2176
1920
64
1
2176
1984
64
1
64
0
64
1
192
64
64
0
448
128
64
0
704
192
64
0
960
256
64
0
64
320
64
1
2240
384
64
0
2496
448
64
0
2752
512
64
0
3008
576
64
0
64
640
64
1
4288
704
64
0
4544
768
64
0
4800
832
64
0
5056
896
64
0
64
960
64
1
6336
1024
64
0
6592
1088
64
0
6848
1152
64
0
7104
1216
64
0
64
1280
64
1
64
1344
64
1
64
1408
64
1
64
1472
64
1
64
1536
64
1
2240
1600
64
1
2240
1664
64
1
2240
1728
64
1
2240
1792
64
1
2240
1856
64
1
2240
1920
64
1
2240
1984
64
1
0
0
64
0
256
64
64
0
512
128
64
0
768
192
64
0
0
256
64
1
2048
320
64
0
2304
384
64
0
2560
448
64
0
2816
512
64
0
0
576
64
1
4096
640
64
0
4352
704
64
0
4608
768
64
0
4864
832
64
0
0
896
64
1
6144
960
64
0
6400
1024
64
0
6656
1088
64
0
6912
1152
64
0
0
1216
64
1
0
1280
64
1
0
1344
64
1
0
1408
64
1
0
1472
64
1
0
1536
64
1
2304
1600
64
1
2304
1664
64
1
2304
1728
64
1
2304
1792
64
1
2304
1856
64
1
2304
1920
64
1
2304
1984
64
1
64
0
64
0
320
64
64
0
576
128
64
0
832
192
64
0
64
256
64
1
2112
320
64
0
2368
384
64
0
2624
448
64
0
2880
512
64
0
64
576
64
1
4160
640
64
0
4416
704
64
0
4672
768
64
0
4928
832
64
0
64
896
64
1
6208
960
64
0
6464
1024
64
0
6720
1088
64
0
6976
1152
64
0
64
1216
64
1
64
1280
64
1
64
1344
64
1
64
1408
64
1
64
1472
64
1
64
1536
64
1
2368
1600
64
1
2368
1664
64
1
2368
1728
64
1
2368
1792
64
1
2368
1856
64
1
2368
1920
64
1
2368
1984
64
1
128
0
64
0
384
64
64
0
640
128
64
0
896
192
64
0
0
256
64
1
2176
320
64
0
2432
384
64
0
2688
448
64
0
2944
512
64
0
0
576
64
1
4224
640
64
0
4480
704
64
0
4736
768
64
0
4992
832
64
0
0
896
64
1
6272
960
64
0
6528
1024
64
0
6784
1088
64
0
7040
1152
64
0
0
1216
64
1
0
1280
64
1
0
1344
64
1
0
1408
64
1
0
1472
64
1
0
1536
64
1
2432
1600
64
1
2432
1664
64
1
2432
1728
64
1
2432
1792
64
1
2432
1856
64
1
2432
1920
64
1
2432
1984
64
1
192
0
64
0
448
64
64
0
704
128
64
0
960
192
64
0
64
256
64
1
2240
320
64
0
2496
384
64
0
2752
448
64
0
3008
512
64
0
64
576
64
1
4288
640
64
0
4544
704
64
0
4800
768
64
0
5056
832
64
0
64
896
64
1
6336
960
64
0
6592
1024
64
0
6848
1088
64
0
7104
1152
64
0
64
1216
64
1
64
1280
64
1
64
1344
64
1
64
1408
64
1
64
1472
64
1
64
1536
64
1
2496
1600
64
1
2496
1664
64
1
2496
1728
64
1
2496
1792
64
1
2496
1856
64
1
2496
1920
64
1
2496
1984
64
1
0
0
64
1
0
64
64
1
1152
128
64
0
1408
192
64
0
1664
256
64
0
0
320
64
1
0
384
64
1
3200
448
64
0
3456
512
64
0
3712
576
64
0
0
640
64
1
0
704
64
1
5248
768
64
0
5504
832
64
0
5760
896
64
0
0
960
64
1
0
1024
64
1
7296
1088
64
0
7552
1152
64
0
7808
1216
64
0
0
1280
64
1
0
1344
64
1
0
1408
64
1
0
1472
64
1
0
1536
64
1
2560
1600
64
1
2560
1664
64
1
2560
1728
64
1
2560
1792
64
1
2560
1856
64
1
2560
1920
64
1
2560
1984
64
1
64
0
64
1
64
64
64
1
1216
128
64
0
1472
192
64
0
1728
256
64
0
64
320
64
1
64
384
64
1
3264
448
64
0
3520
512
64
0
3776
576
64
0
64
640
64
1
64
704
64
1
5312
768
64
0
5568
832
64
0
5824
896
64
0
64
960
64
1
64
1024
64
1
7360
1088
64
0
7616
1152
64
0
7872
1216
64
0
64
1280
64
1
64
1344
64
1
64
1408
64
1
64
1472
64
1
64
1536
64
1
2624
1600
64
1
2624
1664
64
1
2624
1728
64
1
2624
1792
64
1
2624
1856
64
1
2624
1920
64
1
2624
1984
64
1
0
0
64
1
1024
64
64
0
1280
128
64
0
1536
192
64
0
1792
256
64
0
0
320
64
1
3072
384
64
0
3328
448
64
0
3584
512
64
0
3840
576
64
0
0
640
64
1
5120
704
64
0
5376
768
64
0
5632
832
64
0
5888
896
64
0
0
960
64
1
7168
1024
64
0
7424
1088
64
0
7680
1152
64
0
7936
1216
64
0
0
1280
64
1
0
1344
64
1
0
1408
64
1
0
1472
64
1
0
1536
64
1
2688
1600
64
1
2688
1664
64
1
2688
1728
64
1
2688
1792
64
1
2688
1856
64
1
2688
1920
64
1
2688
1984
64
1
64
0
64
1
1088
64
64
0
1344
128
64
0
1600
192
64
0
1856
256
64
0
64
320
64
1
3136
384
64
0
3392
448
64
0
3648
512
64
0
3904
576
64
0
64
640
64
1
5184
704
64
0
5440
768
64
0
5696
832
64
0
5952
896
64
0
64
960
64
1
7232
1024
64
0
7488
1088
64
0
7744
1152
64
0
8000
1216
64
0
64
1280
64
1
64
1344
64
1
64
1408
64
1
64
1472
64
1
64
1536
64
1
2752
1600
64
1
2752
1664
64
1
2752
1728
64
1
2752
1792
64
1
2752
1856
64
1
2752
1920
64
1
2752
1984
64
1
0
0
64
1
1152
64
64
0
1408
128
64
0
1664
192
64
0
1920
256
64
0
0
320
64
1
3200
384
64
0
3456
448
64
0
3712
512
64
0
3968
576
64
0
0
640
64
1
5248
704
64
0
5504
768
64
0
5760
832
64
0
6016
896
64
0
0
960
64
1
7296
1024
64
0
7552
1088
64
0
7808
1152
64
0
8064
1216
64
0
0
1280
64
1
0
1344
64
1
0
1408
64
1
0
1472
64
1
0
1536
64
1
2816
1600
64
1
2816
1664
64
1
2816
1728
64
1
2816
1792
64
1
2816
1856
64
1
2816
1920
64
1
2816
1984
64
1
64
0
64
1
1216
64
64
0
1472
128
64
0
1728
192
64
0
1984
256
64
0
64
320
64
1
3264
384
64
0
3520
448
64
0
3776
512
64
0
4032
576
64
0
64
640
64
1
5312
704
64
0
5568
768
64
0
5824
832
64
0
6080
896
64
0
64
960
64
1
7360
1024
64
0
7616
1088
64
0
7872
1152
64
0
8128
1216
64
0
64
1280
64
1
64
1344
64
1
64
1408
64
1
64
1472
64
1
64
1536
64
1
2880
1600
64
1
2880
1664
64
1
2880
1728
64
1
2880
1792
64
1
2880
1856
64
1
2880
1920
64
1
2880
1984
64
1
1024
0
64
0
1280
64
64
0
1536
128
64
0
1792
192
64
0
0
256
64
1
3072
320
64
0
3328
384
64
0
3584
448
64
0
3840
512
64
0
0
576
64
1
5120
640
64
0
5376
704
64
0
5632
768
64
0
5888
832
64
0
0
896
64
1
7168
960
64
0
7424
1024
64
0
7680
1088
64
0
7936
1152
64
0
0
1216
64
1
0
1280
64
1
0
1344
64
1
0
1408
64
1
0
1472
64
1
0
1536
64
1
2944
1600
64
1
2944
1664
64
1
2944
1728
64
1
2944
1792
64
1
2944
1856
64
1
2944
1920
64
1
2944
1984
64
1
1088
0
64
0
1344
64
64
0
1600
128
64
0
1856
192
64
0
64
256
64
1
3136
320
64
0
3392
384
64
0
3648
448
64
0
3904
512
64
0
64
576
64
1
5184
640
64
0
5440
704
64
0
5696
768
64
0
5952
832
64
0
64
896
64
1
7232
960
64
0
7488
1024
64
0
7744
1088
64
0
8000
1152
64
0
64
1216
64
1
64
1280
64
1
64
1344
64
1
64
1408
64
1
64
1472
64
1
64
1536
64
1
3008
1600
64
1
3008
1664
64
1
3008
1728
64
1
3008
1792
64
1
3008
1856
64
1
3008
1920
64
1
3008
1984
64
1
1152
0
64
0
1408
64
64
0
1664
128
64
0
1920
192
64
0
0
256
64
1
3200
320
64
0
3456
384
64
0
3712
448
64
0
3968
512
64
0
0
576
64
1
5248
640
64
0
5504
704
64
0
5760
768
64
0
6016
832
64
0
0
896
64
1
7296
960
64
0
7552
1024
64
0
7808
1088
64
0
8064
1152
64
0
0
1216
64
1
0
1280
64
1
0
1344
64
1
0
1408
64
1
0
1472
64
1
0
1536
64
1
3072
1600
64
1
3072
1664
64
1
3072
1728
64
1
3072
1792
64
1
3072
1856
64
1
3072
1920
64
1
3072
1984
64
1
1216
0
64
0
1472
64
64
0
1728
128
64
0
1984
192
64
0
64
256
64
1
3264
320
64
0
3520
384
64
0
3776
448
64
0
4032
512
64
0
64
576
64
1
5312
640
64
0
5568
704
64
0
5824
768
64
0
6080
832
64
0
64
896
64
1
7360
960
64
0
7616
1024
64
0
7872
1088
64
0
8128
1152
64
0
64
1216
64
1
64
1280
64
1
64
1344
64
1
64
1408
64
1
64
1472
64
1
64
1536
64
1
3136
1600
64
1
3136
1664
64
1
3136
1728
64
1
3136
1792
64
1
3136
1856
64
1
3136
1920
64
1
3136
1984
64
1
