0
0
64
1
0
64
64
1
0
128
64
1
0
192
64
1
0
256
64
1
0
320
64
1
0
384
64
1
0
448
64
1
0
512
64
1
0
576
64
0
128
640
64
0
256
704
64
0
384
768
64
0
512
832
64
0
640
896
64
0
0
960
64
1
0
1024
64
1
768
1088
64
0
896
1152
64
0
1024
1216
64
0
1152
1280
64
0
1280
1344
64
0
1408
1408
64
0
0
1472
64
1
0
1536
64
1
1536
1600
64
0
1664
1664
64
0
1792
1728
64
0
1920
1792
64
0
2048
1856
64
0
2176
1920
64
0
0
1984
64
1
64
0
64
1
64
64
64
1
64
128
64
1
64
192
64
1
64
256
64
1
64
320
64
1
64
384
64
1
64
448
64
1
64
512
64
1
64
576
64
0
192
640
64
0
320
704
64
0
448
768
64
0
576
832
64
0
704
896
64
0
64
960
64
1
64
1024
64
1
832
1088
64
0
960
1152
64
0
1088
1216
64
0
1216
1280
64
0
1344
1344
64
0
1472
1408
64
0
64
1472
64
1
64
1536
64
1
1600
1600
64
0
1728
1664
64
0
1856
1728
64
0
1984
1792
64
0
2112
1856
64
0
2240
1920
64
0
64
1984
64
1
0
0
64
1
2304
64
64
0
2432
128
64
0
2560
192
64
0
2688
256
64
0
2816
320
64
0
2944
384
64
0
0
448
64
1
0
512
64
1
3072
576
64
0
3200
640
64
0
3328
704
64
0
3456
768
64
0
3584
832
64
0
3712
896
64
0
0
960
64
1
0
1024
64
1
3840
1088
64
0
3968
1152
64
0
4096
1216
64
0
4224
1280
64
0
4352
1344
64
0
4480
1408
64
0
0
1472
64
1
0
1536
64
1
0
1600
64
1
0
1664
64
1
0
1728
64
1
0
1792
64
1
0
1856
64
1
0
1920
64
1
0
1984
64
1
64
0
64
1
2368
64
64
0
2496
128
64
0
2624
192
64
0
2752
256
64
0
2880
320
64
0
3008
384
64
0
64
448
64
1
64
512
64
1
3136
576
64
0
3264
640
64
0
3392
704
64
0
3520
768
64
0
3648
832
64
0
3776
896
64
0
64
960
64
1
64
1024
64
1
3904
1088
64
0
4032
1152
64
0
4160
1216
64
0
4288
1280
64
0
4416
1344
64
0
4544
1408
64
0
64
1472
64
1
64
1536
64
1
64
1600
64
1
64
1664
64
1
64
1728
64
1
64
1792
64
1
64
1856
64
1
64
1920
64
1
64
1984
64
1
