0
0
64
0
256
64
64
0
512
128
64
0
768
192
64
0
1024
256
64
0
1280
320
64
0
1536
384
64
0
1792
448
64
0
2048
512
64
0
2304
576
64
0
2560
640
64
0
2816
704
64
0
3072
768
64
0
3328
832
64
0
3584
896
64
0
3840
960
64
0
4096
1024
64
0
4352
1088
64
0
4608
1152
64
0
4864
1216
64
0
5120
1280
64
0
5376
1344
64
0
5632
1408
64
0
5888
1472
64
0
6144
1536
64
0
6400
1600
64
0
6656
1664
64
0
6912
1728
64
0
7168
1792
64
0
7424
1856
64
0
7680
1920
64
0
7936
1984
64
0
64
0
64
0
320
64
64
0
576
128
64
0
832
192
64
0
1088
256
64
0
1344
320
64
0
1600
384
64
0
1856
448
64
0
2112
512
64
0
2368
576
64
0
2624
640
64
0
2880
704
64
0
3136
768
64
0
3392
832
64
0
3648
896
64
0
3904
960
64
0
4160
1024
64
0
4416
1088
64
0
4672
1152
64
0
4928
1216
64
0
5184
1280
64
0
5440
1344
64
0
5696
1408
64
0
5952
1472
64
0
6208
1536
64
0
6464
1600
64
0
6720
1664
64
0
6976
1728
64
0
7232
1792
64
0
7488
1856
64
0
7744
1920
64
0
8000
1984
64
0
128
0
64
0
384
64
64
0
640
128
64
0
896
192
64
0
1152
256
64
0
1408
320
64
0
1664
384
64
0
1920
448
64
0
2176
512
64
0
2432
576
64
0
2688
640
64
0
2944
704
64
0
3200
768
64
0
3456
832
64
0
3712
896
64
0
3968
960
64
0
4224
1024
64
0
4480
1088
64
0
4736
1152
64
0
4992
1216
64
0
5248
1280
64
0
5504
1344
64
0
5760
1408
64
0
6016
1472
64
0
6272
1536
64
0
6528
1600
64
0
6784
1664
64
0
7040
1728
64
0
7296
1792
64
0
7552
1856
64
0
7808
1920
64
0
8064
1984
64
0
192
0
64
0
448
64
64
0
704
128
64
0
960
192
64
0
1216
256
64
0
1472
320
64
0
1728
384
64
0
1984
448
64
0
2240
512
64
0
2496
576
64
0
2752
640
64
0
3008
704
64
0
3264
768
64
0
3520
832
64
0
3776
896
64
0
4032
960
64
0
4288
1024
64
0
4544
1088
64
0
4800
1152
64
0
5056
1216
64
0
5312
1280
64
0
5568
1344
64
0
5824
1408
64
0
6080
1472
64
0
6336
1536
64
0
6592
1600
64
0
6848
1664
64
0
7104
1728
64
0
7360
1792
64
0
7616
1856
64
0
7872
1920
64
0
8128
1984
64
0
8192
0
64
0
8448
64
64
0
8704
128
64
0
8960
192
64
0
9216
256
64
0
9472
320
64
0
9728
384
64
0
9984
448
64
0
10240
512
64
0
10496
576
64
0
10752
640
64
0
11008
704
64
0
11264
768
64
0
11520
832
64
0
11776
896
64
0
12032
960
64
0
12288
1024
64
0
12544
1088
64
0
12800
1152
64
0
13056
1216
64
0
13312
1280
64
0
13568
1344
64
0
13824
1408
64
0
14080
1472
64
0
14336
1536
64
0
14592
1600
64
0
14848
1664
64
0
15104
1728
64
0
15360
1792
64
0
15616
1856
64
0
15872
1920
64
0
16128
1984
64
0
8256
0
64
0
8512
64
64
0
8768
128
64
0
9024
192
64
0
9280
256
64
0
9536
320
64
0
9792
384
64
0
10048
448
64
0
10304
512
64
0
10560
576
64
0
10816
640
64
0
11072
704
64
0
11328
768
64
0
11584
832
64
0
11840
896
64
0
12096
960
64
0
12352
1024
64
0
12608
1088
64
0
12864
1152
64
0
13120
1216
64
0
13376
1280
64
0
13632
1344
64
0
13888
1408
64
0
14144
1472
64
0
14400
1536
64
0
14656
1600
64
0
14912
1664
64
0
15168
1728
64
0
15424
1792
64
0
15680
1856
64
0
15936
1920
64
0
16192
1984
64
0
8320
0
64
0
8576
64
64
0
8832
128
64
0
9088
192
64
0
9344
256
64
0
9600
320
64
0
9856
384
64
0
10112
448
64
0
10368
512
64
0
10624
576
64
0
10880
640
64
0
11136
704
64
0
11392
768
64
0
11648
832
64
0
11904
896
64
0
12160
960
64
0
12416
1024
64
0
12672
1088
64
0
12928
1152
64
0
13184
1216
64
0
13440
1280
64
0
13696
1344
64
0
13952
1408
64
0
14208
1472
64
0
14464
1536
64
0
14720
1600
64
0
14976
1664
64
0
15232
1728
64
0
15488
1792
64
0
15744
1856
64
0
16000
1920
64
0
16256
1984
64
0
8384
0
64
0
8640
64
64
0
8896
128
64
0
9152
192
64
0
9408
256
64
0
9664
320
64
0
9920
384
64
0
10176
448
64
0
10432
512
64
0
10688
576
64
0
10944
640
64
0
11200
704
64
0
11456
768
64
0
11712
832
64
0
11968
896
64
0
12224
960
64
0
12480
1024
64
0
12736
1088
64
0
12992
1152
64
0
13248
1216
64
0
13504
1280
64
0
13760
1344
64
0
14016
1408
64
0
14272
1472
64
0
14528
1536
64
0
14784
1600
64
0
15040
1664
64
0
15296
1728
64
0
15552
1792
64
0
15808
1856
64
0
16064
1920
64
0
16320
1984
64
0
16384
0
64
0
16640
64
64
0
16896
128
64
0
17152
192
64
0
17408
256
64
0
17664
320
64
0
17920
384
64
0
18176
448
64
0
18432
512
64
0
18688
576
64
0
18944
640
64
0
19200
704
64
0
19456
768
64
0
19712
832
64
0
19968
896
64
0
20224
960
64
0
20480
1024
64
0
20736
1088
64
0
20992
1152
64
0
21248
1216
64
0
21504
1280
64
0
21760
1344
64
0
22016
1408
64
0
22272
1472
64
0
22528
1536
64
0
22784
1600
64
0
23040
1664
64
0
23296
1728
64
0
23552
1792
64
0
23808
1856
64
0
24064
1920
64
0
24320
1984
64
0
16448
0
64
0
16704
64
64
0
16960
128
64
0
17216
192
64
0
17472
256
64
0
17728
320
64
0
17984
384
64
0
18240
448
64
0
18496
512
64
0
18752
576
64
0
19008
640
64
0
19264
704
64
0
19520
768
64
0
19776
832
64
0
20032
896
64
0
20288
960
64
0
20544
1024
64
0
20800
1088
64
0
21056
1152
64
0
21312
1216
64
0
21568
1280
64
0
21824
1344
64
0
22080
1408
64
0
22336
1472
64
0
22592
1536
64
0
22848
1600
64
0
23104
1664
64
0
23360
1728
64
0
23616
1792
64
0
23872
1856
64
0
24128
1920
64
0
24384
1984
64
0
16512
0
64
0
16768
64
64
0
17024
128
64
0
17280
192
64
0
17536
256
64
0
17792
320
64
0
18048
384
64
0
18304
448
64
0
18560
512
64
0
18816
576
64
0
19072
640
64
0
19328
704
64
0
19584
768
64
0
19840
832
64
0
20096
896
64
0
20352
960
64
0
20608
1024
64
0
20864
1088
64
0
21120
1152
64
0
21376
1216
64
0
21632
1280
64
0
21888
1344
64
0
22144
1408
64
0
22400
1472
64
0
22656
1536
64
0
22912
1600
64
0
23168
1664
64
0
23424
1728
64
0
23680
1792
64
0
23936
1856
64
0
24192
1920
64
0
24448
1984
64
0
16576
0
64
0
16832
64
64
0
17088
128
64
0
17344
192
64
0
17600
256
64
0
17856
320
64
0
18112
384
64
0
18368
448
64
0
18624
512
64
0
18880
576
64
0
19136
640
64
0
19392
704
64
0
19648
768
64
0
19904
832
64
0
20160
896
64
0
20416
960
64
0
20672
1024
64
0
20928
1088
64
0
21184
1152
64
0
21440
1216
64
0
21696
1280
64
0
21952
1344
64
0
22208
1408
64
0
22464
1472
64
0
22720
1536
64
0
22976
1600
64
0
23232
1664
64
0
23488
1728
64
0
23744
1792
64
0
24000
1856
64
0
24256
1920
64
0
24512
1984
64
0
24576
0
64
0
24832
64
64
0
25088
128
64
0
25344
192
64
0
25600
256
64
0
25856
320
64
0
26112
384
64
0
26368
448
64
0
26624
512
64
0
26880
576
64
0
27136
640
64
0
27392
704
64
0
27648
768
64
0
27904
832
64
0
28160
896
64
0
28416
960
64
0
28672
1024
64
0
28928
1088
64
0
29184
1152
64
0
29440
1216
64
0
29696
1280
64
0
29952
1344
64
0
30208
1408
64
0
30464
1472
64
0
30720
1536
64
0
30976
1600
64
0
31232
1664
64
0
31488
1728
64
0
31744
1792
64
0
32000
1856
64
0
32256
1920
64
0
32512
1984
64
0
24640
0
64
0
24896
64
64
0
25152
128
64
0
25408
192
64
0
25664
256
64
0
25920
320
64
0
26176
384
64
0
26432
448
64
0
26688
512
64
0
26944
576
64
0
27200
640
64
0
27456
704
64
0
27712
768
64
0
27968
832
64
0
28224
896
64
0
28480
960
64
0
28736
1024
64
0
28992
1088
64
0
29248
1152
64
0
29504
1216
64
0
29760
1280
64
0
30016
1344
64
0
30272
1408
64
0
30528
1472
64
0
30784
1536
64
0
31040
1600
64
0
31296
1664
64
0
31552
1728
64
0
31808
1792
64
0
32064
1856
64
0
32320
1920
64
0
32576
1984
64
0
24704
0
64
0
24960
64
64
0
25216
128
64
0
25472
192
64
0
25728
256
64
0
25984
320
64
0
26240
384
64
0
26496
448
64
0
26752
512
64
0
27008
576
64
0
27264
640
64
0
27520
704
64
0
27776
768
64
0
28032
832
64
0
28288
896
64
0
28544
960
64
0
28800
1024
64
0
29056
1088
64
0
29312
1152
64
0
29568
1216
64
0
29824
1280
64
0
30080
1344
64
0
30336
1408
64
0
30592
1472
64
0
30848
1536
64
0
31104
1600
64
0
31360
1664
64
0
31616
1728
64
0
31872
1792
64
0
32128
1856
64
0
32384
1920
64
0
32640
1984
64
0
24768
0
64
0
25024
64
64
0
25280
128
64
0
25536
192
64
0
25792
256
64
0
26048
320
64
0
26304
384
64
0
26560
448
64
0
26816
512
64
0
27072
576
64
0
27328
640
64
0
27584
704
64
0
27840
768
64
0
28096
832
64
0
28352
896
64
0
28608
960
64
0
28864
1024
64
0
29120
1088
64
0
29376
1152
64
0
29632
1216
64
0
29888
1280
64
0
30144
1344
64
0
30400
1408
64
0
30656
1472
64
0
30912
1536
64
0
31168
1600
64
0
31424
1664
64
0
31680
1728
64
0
31936
1792
64
0
32192
1856
64
0
32448
1920
64
0
32704
1984
64
0
32768
0
64
0
33024
64
64
0
33280
128
64
0
33536
192
64
0
33792
256
64
0
34048
320
64
0
34304
384
64
0
34560
448
64
0
34816
512
64
0
35072
576
64
0
35328
640
64
0
35584
704
64
0
35840
768
64
0
36096
832
64
0
36352
896
64
0
36608
960
64
0
36864
1024
64
0
37120
1088
64
0
37376
1152
64
0
37632
1216
64
0
37888
1280
64
0
38144
1344
64
0
38400
1408
64
0
38656
1472
64
0
38912
1536
64
0
39168
1600
64
0
39424
1664
64
0
39680
1728
64
0
39936
1792
64
0
40192
1856
64
0
40448
1920
64
0
40704
1984
64
0
32832
0
64
0
33088
64
64
0
33344
128
64
0
33600
192
64
0
33856
256
64
0
34112
320
64
0
34368
384
64
0
34624
448
64
0
34880
512
64
0
35136
576
64
0
35392
640
64
0
35648
704
64
0
35904
768
64
0
36160
832
64
0
36416
896
64
0
36672
960
64
0
36928
1024
64
0
37184
1088
64
0
37440
1152
64
0
37696
1216
64
0
37952
1280
64
0
38208
1344
64
0
38464
1408
64
0
38720
1472
64
0
38976
1536
64
0
39232
1600
64
0
39488
1664
64
0
39744
1728
64
0
40000
1792
64
0
40256
1856
64
0
40512
1920
64
0
40768
1984
64
0
32896
0
64
0
33152
64
64
0
33408
128
64
0
33664
192
64
0
33920
256
64
0
34176
320
64
0
34432
384
64
0
34688
448
64
0
34944
512
64
0
35200
576
64
0
35456
640
64
0
35712
704
64
0
35968
768
64
0
36224
832
64
0
36480
896
64
0
36736
960
64
0
36992
1024
64
0
37248
1088
64
0
37504
1152
64
0
37760
1216
64
0
38016
1280
64
0
38272
1344
64
0
38528
1408
64
0
38784
1472
64
0
39040
1536
64
0
39296
1600
64
0
39552
1664
64
0
39808
1728
64
0
40064
1792
64
0
40320
1856
64
0
40576
1920
64
0
40832
1984
64
0
32960
0
64
0
33216
64
64
0
33472
128
64
0
33728
192
64
0
33984
256
64
0
34240
320
64
0
34496
384
64
0
34752
448
64
0
35008
512
64
0
35264
576
64
0
35520
640
64
0
35776
704
64
0
36032
768
64
0
36288
832
64
0
36544
896
64
0
36800
960
64
0
37056
1024
64
0
37312
1088
64
0
37568
1152
64
0
37824
1216
64
0
38080
1280
64
0
38336
1344
64
0
38592
1408
64
0
38848
1472
64
0
39104
1536
64
0
39360
1600
64
0
39616
1664
64
0
39872
1728
64
0
40128
1792
64
0
40384
1856
64
0
40640
1920
64
0
40896
1984
64
0
40960
0
64
0
41216
64
64
0
41472
128
64
0
41728
192
64
0
41984
256
64
0
42240
320
64
0
42496
384
64
0
42752
448
64
0
43008
512
64
0
43264
576
64
0
43520
640
64
0
43776
704
64
0
44032
768
64
0
44288
832
64
0
44544
896
64
0
44800
960
64
0
45056
1024
64
0
45312
1088
64
0
45568
1152
64
0
45824
1216
64
0
46080
1280
64
0
46336
1344
64
0
46592
1408
64
0
46848
1472
64
0
47104
1536
64
0
47360
1600
64
0
47616
1664
64
0
47872
1728
64
0
48128
1792
64
0
48384
1856
64
0
48640
1920
64
0
48896
1984
64
0
41024
0
64
0
41280
64
64
0
41536
128
64
0
41792
192
64
0
42048
256
64
0
42304
320
64
0
42560
384
64
0
42816
448
64
0
43072
512
64
0
43328
576
64
0
43584
640
64
0
43840
704
64
0
44096
768
64
0
44352
832
64
0
44608
896
64
0
44864
960
64
0
45120
1024
64
0
45376
1088
64
0
45632
1152
64
0
45888
1216
64
0
46144
1280
64
0
46400
1344
64
0
46656
1408
64
0
46912
1472
64
0
47168
1536
64
0
47424
1600
64
0
47680
1664
64
0
47936
1728
64
0
48192
1792
64
0
48448
1856
64
0
48704
1920
64
0
48960
1984
64
0
41088
0
64
0
41344
64
64
0
41600
128
64
0
41856
192
64
0
42112
256
64
0
42368
320
64
0
42624
384
64
0
42880
448
64
0
43136
512
64
0
43392
576
64
0
43648
640
64
0
43904
704
64
0
44160
768
64
0
44416
832
64
0
44672
896
64
0
44928
960
64
0
45184
1024
64
0
45440
1088
64
0
45696
1152
64
0
45952
1216
64
0
46208
1280
64
0
46464
1344
64
0
46720
1408
64
0
46976
1472
64
0
47232
1536
64
0
47488
1600
64
0
47744
1664
64
0
48000
1728
64
0
48256
1792
64
0
48512
1856
64
0
48768
1920
64
0
49024
1984
64
0
41152
0
64
0
41408
64
64
0
41664
128
64
0
41920
192
64
0
42176
256
64
0
42432
320
64
0
42688
384
64
0
42944
448
64
0
43200
512
64
0
43456
576
64
0
43712
640
64
0
43968
704
64
0
44224
768
64
0
44480
832
64
0
44736
896
64
0
44992
960
64
0
45248
1024
64
0
45504
1088
64
0
45760
1152
64
0
46016
1216
64
0
46272
1280
64
0
46528
1344
64
0
46784
1408
64
0
47040
1472
64
0
47296
1536
64
0
47552
1600
64
0
47808
1664
64
0
48064
1728
64
0
48320
1792
64
0
48576
1856
64
0
48832
1920
64
0
49088
1984
64
0
49152
0
64
0
49408
64
64
0
49664
128
64
0
49920
192
64
0
50176
256
64
0
50432
320
64
0
50688
384
64
0
50944
448
64
0
51200
512
64
0
51456
576
64
0
51712
640
64
0
51968
704
64
0
52224
768
64
0
52480
832
64
0
52736
896
64
0
52992
960
64
0
53248
1024
64
0
53504
1088
64
0
53760
1152
64
0
54016
1216
64
0
54272
1280
64
0
54528
1344
64
0
54784
1408
64
0
55040
1472
64
0
55296
1536
64
0
55552
1600
64
0
55808
1664
64
0
56064
1728
64
0
56320
1792
64
0
56576
1856
64
0
56832
1920
64
0
57088
1984
64
0
49216
0
64
0
49472
64
64
0
49728
128
64
0
49984
192
64
0
50240
256
64
0
50496
320
64
0
50752
384
64
0
51008
448
64
0
51264
512
64
0
51520
576
64
0
51776
640
64
0
52032
704
64
0
52288
768
64
0
52544
832
64
0
52800
896
64
0
53056
960
64
0
53312
1024
64
0
53568
1088
64
0
53824
1152
64
0
54080
1216
64
0
54336
1280
64
0
54592
1344
64
0
54848
1408
64
0
55104
1472
64
0
55360
1536
64
0
55616
1600
64
0
55872
1664
64
0
56128
1728
64
0
56384
1792
64
0
56640
1856
64
0
56896
1920
64
0
57152
1984
64
0
49280
0
64
0
49536
64
64
0
49792
128
64
0
50048
192
64
0
50304
256
64
0
50560
320
64
0
50816
384
64
0
51072
448
64
0
51328
512
64
0
51584
576
64
0
51840
640
64
0
52096
704
64
0
52352
768
64
0
52608
832
64
0
52864
896
64
0
53120
960
64
0
53376
1024
64
0
53632
1088
64
0
53888
1152
64
0
54144
1216
64
0
54400
1280
64
0
54656
1344
64
0
54912
1408
64
0
55168
1472
64
0
55424
1536
64
0
55680
1600
64
0
55936
1664
64
0
56192
1728
64
0
56448
1792
64
0
56704
1856
64
0
56960
1920
64
0
57216
1984
64
0
49344
0
64
0
49600
64
64
0
49856
128
64
0
50112
192
64
0
50368
256
64
0
50624
320
64
0
50880
384
64
0
51136
448
64
0
51392
512
64
0
51648
576
64
0
51904
640
64
0
52160
704
64
0
52416
768
64
0
52672
832
64
0
52928
896
64
0
53184
960
64
0
53440
1024
64
0
53696
1088
64
0
53952
1152
64
0
54208
1216
64
0
54464
1280
64
0
54720
1344
64
0
54976
1408
64
0
55232
1472
64
0
55488
1536
64
0
55744
1600
64
0
56000
1664
64
0
56256
1728
64
0
56512
1792
64
0
56768
1856
64
0
57024
1920
64
0
57280
1984
64
0
57344
0
64
0
57600
64
64
0
57856
128
64
0
58112
192
64
0
58368
256
64
0
58624
320
64
0
58880
384
64
0
59136
448
64
0
59392
512
64
0
59648
576
64
0
59904
640
64
0
60160
704
64
0
60416
768
64
0
60672
832
64
0
60928
896
64
0
61184
960
64
0
61440
1024
64
0
61696
1088
64
0
61952
1152
64
0
62208
1216
64
0
62464
1280
64
0
62720
1344
64
0
62976
1408
64
0
63232
1472
64
0
63488
1536
64
0
63744
1600
64
0
64000
1664
64
0
64256
1728
64
0
64512
1792
64
0
64768
1856
64
0
65024
1920
64
0
65280
1984
64
0
57408
0
64
0
57664
64
64
0
57920
128
64
0
58176
192
64
0
58432
256
64
0
58688
320
64
0
58944
384
64
0
59200
448
64
0
59456
512
64
0
59712
576
64
0
59968
640
64
0
60224
704
64
0
60480
768
64
0
60736
832
64
0
60992
896
64
0
61248
960
64
0
61504
1024
64
0
61760
1088
64
0
62016
1152
64
0
62272
1216
64
0
62528
1280
64
0
62784
1344
64
0
63040
1408
64
0
63296
1472
64
0
63552
1536
64
0
63808
1600
64
0
64064
1664
64
0
64320
1728
64
0
64576
1792
64
0
64832
1856
64
0
65088
1920
64
0
65344
1984
64
0
57472
0
64
0
57728
64
64
0
57984
128
64
0
58240
192
64
0
58496
256
64
0
58752
320
64
0
59008
384
64
0
59264
448
64
0
59520
512
64
0
59776
576
64
0
60032
640
64
0
60288
704
64
0
60544
768
64
0
60800
832
64
0
61056
896
64
0
61312
960
64
0
61568
1024
64
0
61824
1088
64
0
62080
1152
64
0
62336
1216
64
0
62592
1280
64
0
62848
1344
64
0
63104
1408
64
0
63360
1472
64
0
63616
1536
64
0
63872
1600
64
0
64128
1664
64
0
64384
1728
64
0
64640
1792
64
0
64896
1856
64
0
65152
1920
64
0
65408
1984
64
0
57536
0
64
0
57792
64
64
0
58048
128
64
0
58304
192
64
0
58560
256
64
0
58816
320
64
0
59072
384
64
0
59328
448
64
0
59584
512
64
0
59840
576
64
0
60096
640
64
0
60352
704
64
0
60608
768
64
0
60864
832
64
0
61120
896
64
0
61376
960
64
0
61632
1024
64
0
61888
1088
64
0
62144
1152
64
0
62400
1216
64
0
62656
1280
64
0
62912
1344
64
0
63168
1408
64
0
63424
1472
64
0
63680
1536
64
0
63936
1600
64
0
64192
1664
64
0
64448
1728
64
0
64704
1792
64
0
64960
1856
64
0
65216
1920
64
0
65472
1984
64
0
65536
0
64
0
65792
64
64
0
66048
128
64
0
66304
192
64
0
66560
256
64
0
66816
320
64
0
67072
384
64
0
67328
448
64
0
67584
512
64
0
67840
576
64
0
68096
640
64
0
68352
704
64
0
68608
768
64
0
68864
832
64
0
69120
896
64
0
69376
960
64
0
69632
1024
64
0
69888
1088
64
0
70144
1152
64
0
70400
1216
64
0
70656
1280
64
0
70912
1344
64
0
71168
1408
64
0
71424
1472
64
0
71680
1536
64
0
71936
1600
64
0
72192
1664
64
0
72448
1728
64
0
72704
1792
64
0
72960
1856
64
0
73216
1920
64
0
73472
1984
64
0
65600
0
64
0
65856
64
64
0
66112
128
64
0
66368
192
64
0
66624
256
64
0
66880
320
64
0
67136
384
64
0
67392
448
64
0
67648
512
64
0
67904
576
64
0
68160
640
64
0
68416
704
64
0
68672
768
64
0
68928
832
64
0
69184
896
64
0
69440
960
64
0
69696
1024
64
0
69952
1088
64
0
70208
1152
64
0
70464
1216
64
0
70720
1280
64
0
70976
1344
64
0
71232
1408
64
0
71488
1472
64
0
71744
1536
64
0
72000
1600
64
0
72256
1664
64
0
72512
1728
64
0
72768
1792
64
0
73024
1856
64
0
73280
1920
64
0
73536
1984
64
0
65664
0
64
0
65920
64
64
0
66176
128
64
0
66432
192
64
0
66688
256
64
0
66944
320
64
0
67200
384
64
0
67456
448
64
0
67712
512
64
0
67968
576
64
0
68224
640
64
0
68480
704
64
0
68736
768
64
0
68992
832
64
0
69248
896
64
0
69504
960
64
0
69760
1024
64
0
70016
1088
64
0
70272
1152
64
0
70528
1216
64
0
70784
1280
64
0
71040
1344
64
0
71296
1408
64
0
71552
1472
64
0
71808
1536
64
0
72064
1600
64
0
72320
1664
64
0
72576
1728
64
0
72832
1792
64
0
73088
1856
64
0
73344
1920
64
0
73600
1984
64
0
65728
0
64
0
65984
64
64
0
66240
128
64
0
66496
192
64
0
66752
256
64
0
67008
320
64
0
67264
384
64
0
67520
448
64
0
67776
512
64
0
68032
576
64
0
68288
640
64
0
68544
704
64
0
68800
768
64
0
69056
832
64
0
69312
896
64
0
69568
960
64
0
69824
1024
64
0
70080
1088
64
0
70336
1152
64
0
70592
1216
64
0
70848
1280
64
0
71104
1344
64
0
71360
1408
64
0
71616
1472
64
0
71872
1536
64
0
72128
1600
64
0
72384
1664
64
0
72640
1728
64
0
72896
1792
64
0
73152
1856
64
0
73408
1920
64
0
73664
1984
64
0
73728
0
64
0
73984
64
64
0
74240
128
64
0
74496
192
64
0
74752
256
64
0
75008
320
64
0
75264
384
64
0
75520
448
64
0
75776
512
64
0
76032
576
64
0
76288
640
64
0
76544
704
64
0
76800
768
64
0
77056
832
64
0
77312
896
64
0
77568
960
64
0
77824
1024
64
0
78080
1088
64
0
78336
1152
64
0
78592
1216
64
0
78848
1280
64
0
79104
1344
64
0
79360
1408
64
0
79616
1472
64
0
79872
1536
64
0
80128
1600
64
0
80384
1664
64
0
80640
1728
64
0
80896
1792
64
0
81152
1856
64
0
81408
1920
64
0
81664
1984
64
0
73792
0
64
0
74048
64
64
0
74304
128
64
0
74560
192
64
0
74816
256
64
0
75072
320
64
0
75328
384
64
0
75584
448
64
0
75840
512
64
0
76096
576
64
0
76352
640
64
0
76608
704
64
0
76864
768
64
0
77120
832
64
0
77376
896
64
0
77632
960
64
0
77888
1024
64
0
78144
1088
64
0
78400
1152
64
0
78656
1216
64
0
78912
1280
64
0
79168
1344
64
0
79424
1408
64
0
79680
1472
64
0
79936
1536
64
0
80192
1600
64
0
80448
1664
64
0
80704
1728
64
0
80960
1792
64
0
81216
1856
64
0
81472
1920
64
0
81728
1984
64
0
73856
0
64
0
74112
64
64
0
74368
128
64
0
74624
192
64
0
74880
256
64
0
75136
320
64
0
75392
384
64
0
75648
448
64
0
75904
512
64
0
76160
576
64
0
76416
640
64
0
76672
704
64
0
76928
768
64
0
77184
832
64
0
77440
896
64
0
77696
960
64
0
77952
1024
64
0
78208
1088
64
0
78464
1152
64
0
78720
1216
64
0
78976
1280
64
0
79232
1344
64
0
79488
1408
64
0
79744
1472
64
0
80000
1536
64
0
80256
1600
64
0
80512
1664
64
0
80768
1728
64
0
81024
1792
64
0
81280
1856
64
0
81536
1920
64
0
81792
1984
64
0
73920
0
64
0
74176
64
64
0
74432
128
64
0
74688
192
64
0
74944
256
64
0
75200
320
64
0
75456
384
64
0
75712
448
64
0
75968
512
64
0
76224
576
64
0
76480
640
64
0
76736
704
64
0
76992
768
64
0
77248
832
64
0
77504
896
64
0
77760
960
64
0
78016
1024
64
0
78272
1088
64
0
78528
1152
64
0
78784
1216
64
0
79040
1280
64
0
79296
1344
64
0
79552
1408
64
0
79808
1472
64
0
80064
1536
64
0
80320
1600
64
0
80576
1664
64
0
80832
1728
64
0
81088
1792
64
0
81344
1856
64
0
81600
1920
64
0
81856
1984
64
0
81920
0
64
0
82176
64
64
0
82432
128
64
0
82688
192
64
0
82944
256
64
0
83200
320
64
0
83456
384
64
0
83712
448
64
0
83968
512
64
0
84224
576
64
0
84480
640
64
0
84736
704
64
0
84992
768
64
0
85248
832
64
0
85504
896
64
0
85760
960
64
0
86016
1024
64
0
86272
1088
64
0
86528
1152
64
0
86784
1216
64
0
87040
1280
64
0
87296
1344
64
0
87552
1408
64
0
87808
1472
64
0
88064
1536
64
0
88320
1600
64
0
88576
1664
64
0
88832
1728
64
0
89088
1792
64
0
89344
1856
64
0
89600
1920
64
0
89856
1984
64
0
81984
0
64
0
82240
64
64
0
82496
128
64
0
82752
192
64
0
83008
256
64
0
83264
320
64
0
83520
384
64
0
83776
448
64
0
84032
512
64
0
84288
576
64
0
84544
640
64
0
84800
704
64
0
85056
768
64
0
85312
832
64
0
85568
896
64
0
85824
960
64
0
86080
1024
64
0
86336
1088
64
0
86592
1152
64
0
86848
1216
64
0
87104
1280
64
0
87360
1344
64
0
87616
1408
64
0
87872
1472
64
0
88128
1536
64
0
88384
1600
64
0
88640
1664
64
0
88896
1728
64
0
89152
1792
64
0
89408
1856
64
0
89664
1920
64
0
89920
1984
64
0
82048
0
64
0
82304
64
64
0
82560
128
64
0
82816
192
64
0
83072
256
64
0
83328
320
64
0
83584
384
64
0
83840
448
64
0
84096
512
64
0
84352
576
64
0
84608
640
64
0
84864
704
64
0
85120
768
64
0
85376
832
64
0
85632
896
64
0
85888
960
64
0
86144
1024
64
0
86400
1088
64
0
86656
1152
64
0
86912
1216
64
0
87168
1280
64
0
87424
1344
64
0
87680
1408
64
0
87936
1472
64
0
88192
1536
64
0
88448
1600
64
0
88704
1664
64
0
88960
1728
64
0
89216
1792
64
0
89472
1856
64
0
89728
1920
64
0
89984
1984
64
0
82112
0
64
0
82368
64
64
0
82624
128
64
0
82880
192
64
0
83136
256
64
0
83392
320
64
0
83648
384
64
0
83904
448
64
0
84160
512
64
0
84416
576
64
0
84672
640
64
0
84928
704
64
0
85184
768
64
0
85440
832
64
0
85696
896
64
0
85952
960
64
0
86208
1024
64
0
86464
1088
64
0
86720
1152
64
0
86976
1216
64
0
87232
1280
64
0
87488
1344
64
0
87744
1408
64
0
88000
1472
64
0
88256
1536
64
0
88512
1600
64
0
88768
1664
64
0
89024
1728
64
0
89280
1792
64
0
89536
1856
64
0
89792
1920
64
0
90048
1984
64
0
90112
0
64
0
90368
64
64
0
90624
128
64
0
90880
192
64
0
91136
256
64
0
91392
320
64
0
91648
384
64
0
91904
448
64
0
92160
512
64
0
92416
576
64
0
92672
640
64
0
92928
704
64
0
93184
768
64
0
93440
832
64
0
93696
896
64
0
93952
960
64
0
94208
1024
64
0
94464
1088
64
0
94720
1152
64
0
94976
1216
64
0
95232
1280
64
0
95488
1344
64
0
95744
1408
64
0
96000
1472
64
0
96256
1536
64
0
96512
1600
64
0
96768
1664
64
0
97024
1728
64
0
97280
1792
64
0
97536
1856
64
0
97792
1920
64
0
98048
1984
64
0
90176
0
64
0
90432
64
64
0
90688
128
64
0
90944
192
64
0
91200
256
64
0
91456
320
64
0
91712
384
64
0
91968
448
64
0
92224
512
64
0
92480
576
64
0
92736
640
64
0
92992
704
64
0
93248
768
64
0
93504
832
64
0
93760
896
64
0
94016
960
64
0
94272
1024
64
0
94528
1088
64
0
94784
1152
64
0
95040
1216
64
0
95296
1280
64
0
95552
1344
64
0
95808
1408
64
0
96064
1472
64
0
96320
1536
64
0
96576
1600
64
0
96832
1664
64
0
97088
1728
64
0
97344
1792
64
0
97600
1856
64
0
97856
1920
64
0
98112
1984
64
0
90240
0
64
0
90496
64
64
0
90752
128
64
0
91008
192
64
0
91264
256
64
0
91520
320
64
0
91776
384
64
0
92032
448
64
0
92288
512
64
0
92544
576
64
0
92800
640
64
0
93056
704
64
0
93312
768
64
0
93568
832
64
0
93824
896
64
0
94080
960
64
0
94336
1024
64
0
94592
1088
64
0
94848
1152
64
0
95104
1216
64
0
95360
1280
64
0
95616
1344
64
0
95872
1408
64
0
96128
1472
64
0
96384
1536
64
0
96640
1600
64
0
96896
1664
64
0
97152
1728
64
0
97408
1792
64
0
97664
1856
64
0
97920
1920
64
0
98176
1984
64
0
90304
0
64
0
90560
64
64
0
90816
128
64
0
91072
192
64
0
91328
256
64
0
91584
320
64
0
91840
384
64
0
92096
448
64
0
92352
512
64
0
92608
576
64
0
92864
640
64
0
93120
704
64
0
93376
768
64
0
93632
832
64
0
93888
896
64
0
94144
960
64
0
94400
1024
64
0
94656
1088
64
0
94912
1152
64
0
95168
1216
64
0
95424
1280
64
0
95680
1344
64
0
95936
1408
64
0
96192
1472
64
0
96448
1536
64
0
96704
1600
64
0
96960
1664
64
0
97216
1728
64
0
97472
1792
64
0
97728
1856
64
0
97984
1920
64
0
98240
1984
64
0
98304
0
64
0
98560
64
64
0
98816
128
64
0
99072
192
64
0
99328
256
64
0
99584
320
64
0
99840
384
64
0
100096
448
64
0
100352
512
64
0
100608
576
64
0
100864
640
64
0
101120
704
64
0
101376
768
64
0
101632
832
64
0
101888
896
64
0
102144
960
64
0
102400
1024
64
0
102656
1088
64
0
102912
1152
64
0
103168
1216
64
0
103424
1280
64
0
103680
1344
64
0
103936
1408
64
0
104192
1472
64
0
104448
1536
64
0
104704
1600
64
0
104960
1664
64
0
105216
1728
64
0
105472
1792
64
0
105728
1856
64
0
105984
1920
64
0
106240
1984
64
0
98368
0
64
0
98624
64
64
0
98880
128
64
0
99136
192
64
0
99392
256
64
0
99648
320
64
0
99904
384
64
0
100160
448
64
0
100416
512
64
0
100672
576
64
0
100928
640
64
0
101184
704
64
0
101440
768
64
0
101696
832
64
0
101952
896
64
0
102208
960
64
0
102464
1024
64
0
102720
1088
64
0
102976
1152
64
0
103232
1216
64
0
103488
1280
64
0
103744
1344
64
0
104000
1408
64
0
104256
1472
64
0
104512
1536
64
0
104768
1600
64
0
105024
1664
64
0
105280
1728
64
0
105536
1792
64
0
105792
1856
64
0
106048
1920
64
0
106304
1984
64
0
98432
0
64
0
98688
64
64
0
98944
128
64
0
99200
192
64
0
99456
256
64
0
99712
320
64
0
99968
384
64
0
100224
448
64
0
100480
512
64
0
100736
576
64
0
100992
640
64
0
101248
704
64
0
101504
768
64
0
101760
832
64
0
102016
896
64
0
102272
960
64
0
102528
1024
64
0
102784
1088
64
0
103040
1152
64
0
103296
1216
64
0
103552
1280
64
0
103808
1344
64
0
104064
1408
64
0
104320
1472
64
0
104576
1536
64
0
104832
1600
64
0
105088
1664
64
0
105344
1728
64
0
105600
1792
64
0
105856
1856
64
0
106112
1920
64
0
106368
1984
64
0
98496
0
64
0
98752
64
64
0
99008
128
64
0
99264
192
64
0
99520
256
64
0
99776
320
64
0
100032
384
64
0
100288
448
64
0
100544
512
64
0
100800
576
64
0
101056
640
64
0
101312
704
64
0
101568
768
64
0
101824
832
64
0
102080
896
64
0
102336
960
64
0
102592
1024
64
0
102848
1088
64
0
103104
1152
64
0
103360
1216
64
0
103616
1280
64
0
103872
1344
64
0
104128
1408
64
0
104384
1472
64
0
104640
1536
64
0
104896
1600
64
0
105152
1664
64
0
105408
1728
64
0
105664
1792
64
0
105920
1856
64
0
106176
1920
64
0
106432
1984
64
0
106496
0
64
0
106752
64
64
0
107008
128
64
0
107264
192
64
0
107520
256
64
0
107776
320
64
0
108032
384
64
0
108288
448
64
0
108544
512
64
0
108800
576
64
0
109056
640
64
0
109312
704
64
0
109568
768
64
0
109824
832
64
0
110080
896
64
0
110336
960
64
0
110592
1024
64
0
110848
1088
64
0
111104
1152
64
0
111360
1216
64
0
111616
1280
64
0
111872
1344
64
0
112128
1408
64
0
112384
1472
64
0
112640
1536
64
0
112896
1600
64
0
113152
1664
64
0
113408
1728
64
0
113664
1792
64
0
113920
1856
64
0
114176
1920
64
0
114432
1984
64
0
106560
0
64
0
106816
64
64
0
107072
128
64
0
107328
192
64
0
107584
256
64
0
107840
320
64
0
108096
384
64
0
108352
448
64
0
108608
512
64
0
108864
576
64
0
109120
640
64
0
109376
704
64
0
109632
768
64
0
109888
832
64
0
110144
896
64
0
110400
960
64
0
110656
1024
64
0
110912
1088
64
0
111168
1152
64
0
111424
1216
64
0
111680
1280
64
0
111936
1344
64
0
112192
1408
64
0
112448
1472
64
0
112704
1536
64
0
112960
1600
64
0
113216
1664
64
0
113472
1728
64
0
113728
1792
64
0
113984
1856
64
0
114240
1920
64
0
114496
1984
64
0
106624
0
64
0
106880
64
64
0
107136
128
64
0
107392
192
64
0
107648
256
64
0
107904
320
64
0
108160
384
64
0
108416
448
64
0
108672
512
64
0
108928
576
64
0
109184
640
64
0
109440
704
64
0
109696
768
64
0
109952
832
64
0
110208
896
64
0
110464
960
64
0
110720
1024
64
0
110976
1088
64
0
111232
1152
64
0
111488
1216
64
0
111744
1280
64
0
112000
1344
64
0
112256
1408
64
0
112512
1472
64
0
112768
1536
64
0
113024
1600
64
0
113280
1664
64
0
113536
1728
64
0
113792
1792
64
0
114048
1856
64
0
114304
1920
64
0
114560
1984
64
0
106688
0
64
0
106944
64
64
0
107200
128
64
0
107456
192
64
0
107712
256
64
0
107968
320
64
0
108224
384
64
0
108480
448
64
0
108736
512
64
0
108992
576
64
0
109248
640
64
0
109504
704
64
0
109760
768
64
0
110016
832
64
0
110272
896
64
0
110528
960
64
0
110784
1024
64
0
111040
1088
64
0
111296
1152
64
0
111552
1216
64
0
111808
1280
64
0
112064
1344
64
0
112320
1408
64
0
112576
1472
64
0
112832
1536
64
0
113088
1600
64
0
113344
1664
64
0
113600
1728
64
0
113856
1792
64
0
114112
1856
64
0
114368
1920
64
0
114624
1984
64
0
114688
0
64
0
114944
64
64
0
115200
128
64
0
115456
192
64
0
115712
256
64
0
115968
320
64
0
116224
384
64
0
116480
448
64
0
116736
512
64
0
116992
576
64
0
117248
640
64
0
117504
704
64
0
117760
768
64
0
118016
832
64
0
118272
896
64
0
118528
960
64
0
118784
1024
64
0
119040
1088
64
0
119296
1152
64
0
119552
1216
64
0
119808
1280
64
0
120064
1344
64
0
120320
1408
64
0
120576
1472
64
0
120832
1536
64
0
121088
1600
64
0
121344
1664
64
0
121600
1728
64
0
121856
1792
64
0
122112
1856
64
0
122368
1920
64
0
122624
1984
64
0
114752
0
64
0
115008
64
64
0
115264
128
64
0
115520
192
64
0
115776
256
64
0
116032
320
64
0
116288
384
64
0
116544
448
64
0
116800
512
64
0
117056
576
64
0
117312
640
64
0
117568
704
64
0
117824
768
64
0
118080
832
64
0
118336
896
64
0
118592
960
64
0
118848
1024
64
0
119104
1088
64
0
119360
1152
64
0
119616
1216
64
0
119872
1280
64
0
120128
1344
64
0
120384
1408
64
0
120640
1472
64
0
120896
1536
64
0
121152
1600
64
0
121408
1664
64
0
121664
1728
64
0
121920
1792
64
0
122176
1856
64
0
122432
1920
64
0
122688
1984
64
0
114816
0
64
0
115072
64
64
0
115328
128
64
0
115584
192
64
0
115840
256
64
0
116096
320
64
0
116352
384
64
0
116608
448
64
0
116864
512
64
0
117120
576
64
0
117376
640
64
0
117632
704
64
0
117888
768
64
0
118144
832
64
0
118400
896
64
0
118656
960
64
0
118912
1024
64
0
119168
1088
64
0
119424
1152
64
0
119680
1216
64
0
119936
1280
64
0
120192
1344
64
0
120448
1408
64
0
120704
1472
64
0
120960
1536
64
0
121216
1600
64
0
121472
1664
64
0
121728
1728
64
0
121984
1792
64
0
122240
1856
64
0
122496
1920
64
0
122752
1984
64
0
114880
0
64
0
115136
64
64
0
115392
128
64
0
115648
192
64
0
115904
256
64
0
116160
320
64
0
116416
384
64
0
116672
448
64
0
116928
512
64
0
117184
576
64
0
117440
640
64
0
117696
704
64
0
117952
768
64
0
118208
832
64
0
118464
896
64
0
118720
960
64
0
118976
1024
64
0
119232
1088
64
0
119488
1152
64
0
119744
1216
64
0
120000
1280
64
0
120256
1344
64
0
120512
1408
64
0
120768
1472
64
0
121024
1536
64
0
121280
1600
64
0
121536
1664
64
0
121792
1728
64
0
122048
1792
64
0
122304
1856
64
0
122560
1920
64
0
122816
1984
64
0
122880
0
64
0
123136
64
64
0
123392
128
64
0
123648
192
64
0
123904
256
64
0
124160
320
64
0
124416
384
64
0
124672
448
64
0
124928
512
64
0
125184
576
64
0
125440
640
64
0
125696
704
64
0
125952
768
64
0
126208
832
64
0
126464
896
64
0
126720
960
64
0
126976
1024
64
0
127232
1088
64
0
127488
1152
64
0
127744
1216
64
0
128000
1280
64
0
128256
1344
64
0
128512
1408
64
0
128768
1472
64
0
129024
1536
64
0
129280
1600
64
0
129536
1664
64
0
129792
1728
64
0
130048
1792
64
0
130304
1856
64
0
130560
1920
64
0
130816
1984
64
0
122944
0
64
0
123200
64
64
0
123456
128
64
0
123712
192
64
0
123968
256
64
0
124224
320
64
0
124480
384
64
0
124736
448
64
0
124992
512
64
0
125248
576
64
0
125504
640
64
0
125760
704
64
0
126016
768
64
0
126272
832
64
0
126528
896
64
0
126784
960
64
0
127040
1024
64
0
127296
1088
64
0
127552
1152
64
0
127808
1216
64
0
128064
1280
64
0
128320
1344
64
0
128576
1408
64
0
128832
1472
64
0
129088
1536
64
0
129344
1600
64
0
129600
1664
64
0
129856
1728
64
0
130112
1792
64
0
130368
1856
64
0
130624
1920
64
0
130880
1984
64
0
123008
0
64
0
123264
64
64
0
123520
128
64
0
123776
192
64
0
124032
256
64
0
124288
320
64
0
124544
384
64
0
124800
448
64
0
125056
512
64
0
125312
576
64
0
125568
640
64
0
125824
704
64
0
126080
768
64
0
126336
832
64
0
126592
896
64
0
126848
960
64
0
127104
1024
64
0
127360
1088
64
0
127616
1152
64
0
127872
1216
64
0
128128
1280
64
0
128384
1344
64
0
128640
1408
64
0
128896
1472
64
0
129152
1536
64
0
129408
1600
64
0
129664
1664
64
0
129920
1728
64
0
130176
1792
64
0
130432
1856
64
0
130688
1920
64
0
130944
1984
64
0
123072
0
64
0
123328
64
64
0
123584
128
64
0
123840
192
64
0
124096
256
64
0
124352
320
64
0
124608
384
64
0
124864
448
64
0
125120
512
64
0
125376
576
64
0
125632
640
64
0
125888
704
64
0
126144
768
64
0
126400
832
64
0
126656
896
64
0
126912
960
64
0
127168
1024
64
0
127424
1088
64
0
127680
1152
64
0
127936
1216
64
0
128192
1280
64
0
128448
1344
64
0
128704
1408
64
0
128960
1472
64
0
129216
1536
64
0
129472
1600
64
0
129728
1664
64
0
129984
1728
64
0
130240
1792
64
0
130496
1856
64
0
130752
1920
64
0
131008
1984
64
0
131072
0
64
0
131328
64
64
0
131584
128
64
0
131840
192
64
0
132096
256
64
0
132352
320
64
0
132608
384
64
0
132864
448
64
0
133120
512
64
0
133376
576
64
0
133632
640
64
0
133888
704
64
0
134144
768
64
0
134400
832
64
0
134656
896
64
0
134912
960
64
0
135168
1024
64
0
135424
1088
64
0
135680
1152
64
0
135936
1216
64
0
136192
1280
64
0
136448
1344
64
0
136704
1408
64
0
136960
1472
64
0
137216
1536
64
0
137472
1600
64
0
137728
1664
64
0
137984
1728
64
0
138240
1792
64
0
138496
1856
64
0
138752
1920
64
0
139008
1984
64
0
131136
0
64
0
131392
64
64
0
131648
128
64
0
131904
192
64
0
132160
256
64
0
132416
320
64
0
132672
384
64
0
132928
448
64
0
133184
512
64
0
133440
576
64
0
133696
640
64
0
133952
704
64
0
134208
768
64
0
134464
832
64
0
134720
896
64
0
134976
960
64
0
135232
1024
64
0
135488
1088
64
0
135744
1152
64
0
136000
1216
64
0
136256
1280
64
0
136512
1344
64
0
136768
1408
64
0
137024
1472
64
0
137280
1536
64
0
137536
1600
64
0
137792
1664
64
0
138048
1728
64
0
138304
1792
64
0
138560
1856
64
0
138816
1920
64
0
139072
1984
64
0
131200
0
64
0
131456
64
64
0
131712
128
64
0
131968
192
64
0
132224
256
64
0
132480
320
64
0
132736
384
64
0
132992
448
64
0
133248
512
64
0
133504
576
64
0
133760
640
64
0
134016
704
64
0
134272
768
64
0
134528
832
64
0
134784
896
64
0
135040
960
64
0
135296
1024
64
0
135552
1088
64
0
135808
1152
64
0
136064
1216
64
0
136320
1280
64
0
136576
1344
64
0
136832
1408
64
0
137088
1472
64
0
137344
1536
64
0
137600
1600
64
0
137856
1664
64
0
138112
1728
64
0
138368
1792
64
0
138624
1856
64
0
138880
1920
64
0
139136
1984
64
0
131264
0
64
0
131520
64
64
0
131776
128
64
0
132032
192
64
0
132288
256
64
0
132544
320
64
0
132800
384
64
0
133056
448
64
0
133312
512
64
0
133568
576
64
0
133824
640
64
0
134080
704
64
0
134336
768
64
0
134592
832
64
0
134848
896
64
0
135104
960
64
0
135360
1024
64
0
135616
1088
64
0
135872
1152
64
0
136128
1216
64
0
136384
1280
64
0
136640
1344
64
0
136896
1408
64
0
137152
1472
64
0
137408
1536
64
0
137664
1600
64
0
137920
1664
64
0
138176
1728
64
0
138432
1792
64
0
138688
1856
64
0
138944
1920
64
0
139200
1984
64
0
139264
0
64
0
139520
64
64
0
139776
128
64
0
140032
192
64
0
140288
256
64
0
140544
320
64
0
140800
384
64
0
141056
448
64
0
141312
512
64
0
141568
576
64
0
141824
640
64
0
142080
704
64
0
142336
768
64
0
142592
832
64
0
142848
896
64
0
143104
960
64
0
143360
1024
64
0
143616
1088
64
0
143872
1152
64
0
144128
1216
64
0
144384
1280
64
0
144640
1344
64
0
144896
1408
64
0
145152
1472
64
0
145408
1536
64
0
145664
1600
64
0
145920
1664
64
0
146176
1728
64
0
146432
1792
64
0
146688
1856
64
0
146944
1920
64
0
147200
1984
64
0
139328
0
64
0
139584
64
64
0
139840
128
64
0
140096
192
64
0
140352
256
64
0
140608
320
64
0
140864
384
64
0
141120
448
64
0
141376
512
64
0
141632
576
64
0
141888
640
64
0
142144
704
64
0
142400
768
64
0
142656
832
64
0
142912
896
64
0
143168
960
64
0
143424
1024
64
0
143680
1088
64
0
143936
1152
64
0
144192
1216
64
0
144448
1280
64
0
144704
1344
64
0
144960
1408
64
0
145216
1472
64
0
145472
1536
64
0
145728
1600
64
0
145984
1664
64
0
146240
1728
64
0
146496
1792
64
0
146752
1856
64
0
147008
1920
64
0
147264
1984
64
0
139392
0
64
0
139648
64
64
0
139904
128
64
0
140160
192
64
0
140416
256
64
0
140672
320
64
0
140928
384
64
0
141184
448
64
0
141440
512
64
0
141696
576
64
0
141952
640
64
0
142208
704
64
0
142464
768
64
0
142720
832
64
0
142976
896
64
0
143232
960
64
0
143488
1024
64
0
143744
1088
64
0
144000
1152
64
0
144256
1216
64
0
144512
1280
64
0
144768
1344
64
0
145024
1408
64
0
145280
1472
64
0
145536
1536
64
0
145792
1600
64
0
146048
1664
64
0
146304
1728
64
0
146560
1792
64
0
146816
1856
64
0
147072
1920
64
0
147328
1984
64
0
139456
0
64
0
139712
64
64
0
139968
128
64
0
140224
192
64
0
140480
256
64
0
140736
320
64
0
140992
384
64
0
141248
448
64
0
141504
512
64
0
141760
576
64
0
142016
640
64
0
142272
704
64
0
142528
768
64
0
142784
832
64
0
143040
896
64
0
143296
960
64
0
143552
1024
64
0
143808
1088
64
0
144064
1152
64
0
144320
1216
64
0
144576
1280
64
0
144832
1344
64
0
145088
1408
64
0
145344
1472
64
0
145600
1536
64
0
145856
1600
64
0
146112
1664
64
0
146368
1728
64
0
146624
1792
64
0
146880
1856
64
0
147136
1920
64
0
147392
1984
64
0
147456
0
64
0
147712
64
64
0
147968
128
64
0
148224
192
64
0
148480
256
64
0
148736
320
64
0
148992
384
64
0
149248
448
64
0
149504
512
64
0
149760
576
64
0
150016
640
64
0
150272
704
64
0
150528
768
64
0
150784
832
64
0
151040
896
64
0
151296
960
64
0
151552
1024
64
0
151808
1088
64
0
152064
1152
64
0
152320
1216
64
0
152576
1280
64
0
152832
1344
64
0
153088
1408
64
0
153344
1472
64
0
153600
1536
64
0
153856
1600
64
0
154112
1664
64
0
154368
1728
64
0
154624
1792
64
0
154880
1856
64
0
155136
1920
64
0
155392
1984
64
0
147520
0
64
0
147776
64
64
0
148032
128
64
0
148288
192
64
0
148544
256
64
0
148800
320
64
0
149056
384
64
0
149312
448
64
0
149568
512
64
0
149824
576
64
0
150080
640
64
0
150336
704
64
0
150592
768
64
0
150848
832
64
0
151104
896
64
0
151360
960
64
0
151616
1024
64
0
151872
1088
64
0
152128
1152
64
0
152384
1216
64
0
152640
1280
64
0
152896
1344
64
0
153152
1408
64
0
153408
1472
64
0
153664
1536
64
0
153920
1600
64
0
154176
1664
64
0
154432
1728
64
0
154688
1792
64
0
154944
1856
64
0
155200
1920
64
0
155456
1984
64
0
147584
0
64
0
147840
64
64
0
148096
128
64
0
148352
192
64
0
148608
256
64
0
148864
320
64
0
149120
384
64
0
149376
448
64
0
149632
512
64
0
149888
576
64
0
150144
640
64
0
150400
704
64
0
150656
768
64
0
150912
832
64
0
151168
896
64
0
151424
960
64
0
151680
1024
64
0
151936
1088
64
0
152192
1152
64
0
152448
1216
64
0
152704
1280
64
0
152960
1344
64
0
153216
1408
64
0
153472
1472
64
0
153728
1536
64
0
153984
1600
64
0
154240
1664
64
0
154496
1728
64
0
154752
1792
64
0
155008
1856
64
0
155264
1920
64
0
155520
1984
64
0
147648
0
64
0
147904
64
64
0
148160
128
64
0
148416
192
64
0
148672
256
64
0
148928
320
64
0
149184
384
64
0
149440
448
64
0
149696
512
64
0
149952
576
64
0
150208
640
64
0
150464
704
64
0
150720
768
64
0
150976
832
64
0
151232
896
64
0
151488
960
64
0
151744
1024
64
0
152000
1088
64
0
152256
1152
64
0
152512
1216
64
0
152768
1280
64
0
153024
1344
64
0
153280
1408
64
0
153536
1472
64
0
153792
1536
64
0
154048
1600
64
0
154304
1664
64
0
154560
1728
64
0
154816
1792
64
0
155072
1856
64
0
155328
1920
64
0
155584
1984
64
0
155648
0
64
0
155904
64
64
0
156160
128
64
0
156416
192
64
0
156672
256
64
0
156928
320
64
0
157184
384
64
0
157440
448
64
0
157696
512
64
0
157952
576
64
0
158208
640
64
0
158464
704
64
0
158720
768
64
0
158976
832
64
0
159232
896
64
0
159488
960
64
0
159744
1024
64
0
160000
1088
64
0
160256
1152
64
0
160512
1216
64
0
160768
1280
64
0
161024
1344
64
0
161280
1408
64
0
161536
1472
64
0
161792
1536
64
0
162048
1600
64
0
162304
1664
64
0
162560
1728
64
0
162816
1792
64
0
163072
1856
64
0
163328
1920
64
0
163584
1984
64
0
155712
0
64
0
155968
64
64
0
156224
128
64
0
156480
192
64
0
156736
256
64
0
156992
320
64
0
157248
384
64
0
157504
448
64
0
157760
512
64
0
158016
576
64
0
158272
640
64
0
158528
704
64
0
158784
768
64
0
159040
832
64
0
159296
896
64
0
159552
960
64
0
159808
1024
64
0
160064
1088
64
0
160320
1152
64
0
160576
1216
64
0
160832
1280
64
0
161088
1344
64
0
161344
1408
64
0
161600
1472
64
0
161856
1536
64
0
162112
1600
64
0
162368
1664
64
0
162624
1728
64
0
162880
1792
64
0
163136
1856
64
0
163392
1920
64
0
163648
1984
64
0
155776
0
64
0
156032
64
64
0
156288
128
64
0
156544
192
64
0
156800
256
64
0
157056
320
64
0
157312
384
64
0
157568
448
64
0
157824
512
64
0
158080
576
64
0
158336
640
64
0
158592
704
64
0
158848
768
64
0
159104
832
64
0
159360
896
64
0
159616
960
64
0
159872
1024
64
0
160128
1088
64
0
160384
1152
64
0
160640
1216
64
0
160896
1280
64
0
161152
1344
64
0
161408
1408
64
0
161664
1472
64
0
161920
1536
64
0
162176
1600
64
0
162432
1664
64
0
162688
1728
64
0
162944
1792
64
0
163200
1856
64
0
163456
1920
64
0
163712
1984
64
0
155840
0
64
0
156096
64
64
0
156352
128
64
0
156608
192
64
0
156864
256
64
0
157120
320
64
0
157376
384
64
0
157632
448
64
0
157888
512
64
0
158144
576
64
0
158400
640
64
0
158656
704
64
0
158912
768
64
0
159168
832
64
0
159424
896
64
0
159680
960
64
0
159936
1024
64
0
160192
1088
64
0
160448
1152
64
0
160704
1216
64
0
160960
1280
64
0
161216
1344
64
0
161472
1408
64
0
161728
1472
64
0
161984
1536
64
0
162240
1600
64
0
162496
1664
64
0
162752
1728
64
0
163008
1792
64
0
163264
1856
64
0
163520
1920
64
0
163776
1984
64
0
163840
0
64
0
164096
64
64
0
164352
128
64
0
164608
192
64
0
164864
256
64
0
165120
320
64
0
165376
384
64
0
165632
448
64
0
165888
512
64
0
166144
576
64
0
166400
640
64
0
166656
704
64
0
166912
768
64
0
167168
832
64
0
167424
896
64
0
167680
960
64
0
167936
1024
64
0
168192
1088
64
0
168448
1152
64
0
168704
1216
64
0
168960
1280
64
0
169216
1344
64
0
169472
1408
64
0
169728
1472
64
0
169984
1536
64
0
170240
1600
64
0
170496
1664
64
0
170752
1728
64
0
171008
1792
64
0
171264
1856
64
0
171520
1920
64
0
171776
1984
64
0
163904
0
64
0
164160
64
64
0
164416
128
64
0
164672
192
64
0
164928
256
64
0
165184
320
64
0
165440
384
64
0
165696
448
64
0
165952
512
64
0
166208
576
64
0
166464
640
64
0
166720
704
64
0
166976
768
64
0
167232
832
64
0
167488
896
64
0
167744
960
64
0
168000
1024
64
0
168256
1088
64
0
168512
1152
64
0
168768
1216
64
0
169024
1280
64
0
169280
1344
64
0
169536
1408
64
0
169792
1472
64
0
170048
1536
64
0
170304
1600
64
0
170560
1664
64
0
170816
1728
64
0
171072
1792
64
0
171328
1856
64
0
171584
1920
64
0
171840
1984
64
0
163968
0
64
0
164224
64
64
0
164480
128
64
0
164736
192
64
0
164992
256
64
0
165248
320
64
0
165504
384
64
0
165760
448
64
0
166016
512
64
0
166272
576
64
0
166528
640
64
0
166784
704
64
0
167040
768
64
0
167296
832
64
0
167552
896
64
0
167808
960
64
0
168064
1024
64
0
168320
1088
64
0
168576
1152
64
0
168832
1216
64
0
169088
1280
64
0
169344
1344
64
0
169600
1408
64
0
169856
1472
64
0
170112
1536
64
0
170368
1600
64
0
170624
1664
64
0
170880
1728
64
0
171136
1792
64
0
171392
1856
64
0
171648
1920
64
0
171904
1984
64
0
164032
0
64
0
164288
64
64
0
164544
128
64
0
164800
192
64
0
165056
256
64
0
165312
320
64
0
165568
384
64
0
165824
448
64
0
166080
512
64
0
166336
576
64
0
166592
640
64
0
166848
704
64
0
167104
768
64
0
167360
832
64
0
167616
896
64
0
167872
960
64
0
168128
1024
64
0
168384
1088
64
0
168640
1152
64
0
168896
1216
64
0
169152
1280
64
0
169408
1344
64
0
169664
1408
64
0
169920
1472
64
0
170176
1536
64
0
170432
1600
64
0
170688
1664
64
0
170944
1728
64
0
171200
1792
64
0
171456
1856
64
0
171712
1920
64
0
171968
1984
64
0
172032
0
64
0
172288
64
64
0
172544
128
64
0
172800
192
64
0
173056
256
64
0
173312
320
64
0
173568
384
64
0
173824
448
64
0
174080
512
64
0
174336
576
64
0
174592
640
64
0
174848
704
64
0
175104
768
64
0
175360
832
64
0
175616
896
64
0
175872
960
64
0
176128
1024
64
0
176384
1088
64
0
176640
1152
64
0
176896
1216
64
0
177152
1280
64
0
177408
1344
64
0
177664
1408
64
0
177920
1472
64
0
178176
1536
64
0
178432
1600
64
0
178688
1664
64
0
178944
1728
64
0
179200
1792
64
0
179456
1856
64
0
179712
1920
64
0
179968
1984
64
0
172096
0
64
0
172352
64
64
0
172608
128
64
0
172864
192
64
0
173120
256
64
0
173376
320
64
0
173632
384
64
0
173888
448
64
0
174144
512
64
0
174400
576
64
0
174656
640
64
0
174912
704
64
0
175168
768
64
0
175424
832
64
0
175680
896
64
0
175936
960
64
0
176192
1024
64
0
176448
1088
64
0
176704
1152
64
0
176960
1216
64
0
177216
1280
64
0
177472
1344
64
0
177728
1408
64
0
177984
1472
64
0
178240
1536
64
0
178496
1600
64
0
178752
1664
64
0
179008
1728
64
0
179264
1792
64
0
179520
1856
64
0
179776
1920
64
0
180032
1984
64
0
172160
0
64
0
172416
64
64
0
172672
128
64
0
172928
192
64
0
173184
256
64
0
173440
320
64
0
173696
384
64
0
173952
448
64
0
174208
512
64
0
174464
576
64
0
174720
640
64
0
174976
704
64
0
175232
768
64
0
175488
832
64
0
175744
896
64
0
176000
960
64
0
176256
1024
64
0
176512
1088
64
0
176768
1152
64
0
177024
1216
64
0
177280
1280
64
0
177536
1344
64
0
177792
1408
64
0
178048
1472
64
0
178304
1536
64
0
178560
1600
64
0
178816
1664
64
0
179072
1728
64
0
179328
1792
64
0
179584
1856
64
0
179840
1920
64
0
180096
1984
64
0
172224
0
64
0
172480
64
64
0
172736
128
64
0
172992
192
64
0
173248
256
64
0
173504
320
64
0
173760
384
64
0
174016
448
64
0
174272
512
64
0
174528
576
64
0
174784
640
64
0
175040
704
64
0
175296
768
64
0
175552
832
64
0
175808
896
64
0
176064
960
64
0
176320
1024
64
0
176576
1088
64
0
176832
1152
64
0
177088
1216
64
0
177344
1280
64
0
177600
1344
64
0
177856
1408
64
0
178112
1472
64
0
178368
1536
64
0
178624
1600
64
0
178880
1664
64
0
179136
1728
64
0
179392
1792
64
0
179648
1856
64
0
179904
1920
64
0
180160
1984
64
0
180224
0
64
0
180480
64
64
0
180736
128
64
0
180992
192
64
0
181248
256
64
0
181504
320
64
0
181760
384
64
0
182016
448
64
0
182272
512
64
0
182528
576
64
0
182784
640
64
0
183040
704
64
0
183296
768
64
0
183552
832
64
0
183808
896
64
0
184064
960
64
0
184320
1024
64
0
184576
1088
64
0
184832
1152
64
0
185088
1216
64
0
185344
1280
64
0
185600
1344
64
0
185856
1408
64
0
186112
1472
64
0
186368
1536
64
0
186624
1600
64
0
186880
1664
64
0
187136
1728
64
0
187392
1792
64
0
187648
1856
64
0
187904
1920
64
0
188160
1984
64
0
180288
0
64
0
180544
64
64
0
180800
128
64
0
181056
192
64
0
181312
256
64
0
181568
320
64
0
181824
384
64
0
182080
448
64
0
182336
512
64
0
182592
576
64
0
182848
640
64
0
183104
704
64
0
183360
768
64
0
183616
832
64
0
183872
896
64
0
184128
960
64
0
184384
1024
64
0
184640
1088
64
0
184896
1152
64
0
185152
1216
64
0
185408
1280
64
0
185664
1344
64
0
185920
1408
64
0
186176
1472
64
0
186432
1536
64
0
186688
1600
64
0
186944
1664
64
0
187200
1728
64
0
187456
1792
64
0
187712
1856
64
0
187968
1920
64
0
188224
1984
64
0
180352
0
64
0
180608
64
64
0
180864
128
64
0
181120
192
64
0
181376
256
64
0
181632
320
64
0
181888
384
64
0
182144
448
64
0
182400
512
64
0
182656
576
64
0
182912
640
64
0
183168
704
64
0
183424
768
64
0
183680
832
64
0
183936
896
64
0
184192
960
64
0
184448
1024
64
0
184704
1088
64
0
184960
1152
64
0
185216
1216
64
0
185472
1280
64
0
185728
1344
64
0
185984
1408
64
0
186240
1472
64
0
186496
1536
64
0
186752
1600
64
0
187008
1664
64
0
187264
1728
64
0
187520
1792
64
0
187776
1856
64
0
188032
1920
64
0
188288
1984
64
0
180416
0
64
0
180672
64
64
0
180928
128
64
0
181184
192
64
0
181440
256
64
0
181696
320
64
0
181952
384
64
0
182208
448
64
0
182464
512
64
0
182720
576
64
0
182976
640
64
0
183232
704
64
0
183488
768
64
0
183744
832
64
0
184000
896
64
0
184256
960
64
0
184512
1024
64
0
184768
1088
64
0
185024
1152
64
0
185280
1216
64
0
185536
1280
64
0
185792
1344
64
0
186048
1408
64
0
186304
1472
64
0
186560
1536
64
0
186816
1600
64
0
187072
1664
64
0
187328
1728
64
0
187584
1792
64
0
187840
1856
64
0
188096
1920
64
0
188352
1984
64
0
188416
0
64
0
188672
64
64
0
188928
128
64
0
189184
192
64
0
189440
256
64
0
189696
320
64
0
189952
384
64
0
190208
448
64
0
190464
512
64
0
190720
576
64
0
190976
640
64
0
191232
704
64
0
191488
768
64
0
191744
832
64
0
192000
896
64
0
192256
960
64
0
192512
1024
64
0
192768
1088
64
0
193024
1152
64
0
193280
1216
64
0
193536
1280
64
0
193792
1344
64
0
194048
1408
64
0
194304
1472
64
0
194560
1536
64
0
194816
1600
64
0
195072
1664
64
0
195328
1728
64
0
195584
1792
64
0
195840
1856
64
0
196096
1920
64
0
196352
1984
64
0
188480
0
64
0
188736
64
64
0
188992
128
64
0
189248
192
64
0
189504
256
64
0
189760
320
64
0
190016
384
64
0
190272
448
64
0
190528
512
64
0
190784
576
64
0
191040
640
64
0
191296
704
64
0
191552
768
64
0
191808
832
64
0
192064
896
64
0
192320
960
64
0
192576
1024
64
0
192832
1088
64
0
193088
1152
64
0
193344
1216
64
0
193600
1280
64
0
193856
1344
64
0
194112
1408
64
0
194368
1472
64
0
194624
1536
64
0
194880
1600
64
0
195136
1664
64
0
195392
1728
64
0
195648
1792
64
0
195904
1856
64
0
196160
1920
64
0
196416
1984
64
0
188544
0
64
0
188800
64
64
0
189056
128
64
0
189312
192
64
0
189568
256
64
0
189824
320
64
0
190080
384
64
0
190336
448
64
0
190592
512
64
0
190848
576
64
0
191104
640
64
0
191360
704
64
0
191616
768
64
0
191872
832
64
0
192128
896
64
0
192384
960
64
0
192640
1024
64
0
192896
1088
64
0
193152
1152
64
0
193408
1216
64
0
193664
1280
64
0
193920
1344
64
0
194176
1408
64
0
194432
1472
64
0
194688
1536
64
0
194944
1600
64
0
195200
1664
64
0
195456
1728
64
0
195712
1792
64
0
195968
1856
64
0
196224
1920
64
0
196480
1984
64
0
188608
0
64
0
188864
64
64
0
189120
128
64
0
189376
192
64
0
189632
256
64
0
189888
320
64
0
190144
384
64
0
190400
448
64
0
190656
512
64
0
190912
576
64
0
191168
640
64
0
191424
704
64
0
191680
768
64
0
191936
832
64
0
192192
896
64
0
192448
960
64
0
192704
1024
64
0
192960
1088
64
0
193216
1152
64
0
193472
1216
64
0
193728
1280
64
0
193984
1344
64
0
194240
1408
64
0
194496
1472
64
0
194752
1536
64
0
195008
1600
64
0
195264
1664
64
0
195520
1728
64
0
195776
1792
64
0
196032
1856
64
0
196288
1920
64
0
196544
1984
64
0
196608
0
64
0
196864
64
64
0
197120
128
64
0
197376
192
64
0
197632
256
64
0
197888
320
64
0
198144
384
64
0
198400
448
64
0
198656
512
64
0
198912
576
64
0
199168
640
64
0
199424
704
64
0
199680
768
64
0
199936
832
64
0
200192
896
64
0
200448
960
64
0
0
1024
64
1
0
1088
64
1
0
1152
64
1
0
1216
64
1
0
1280
64
1
0
1344
64
1
0
1408
64
1
0
1472
64
1
0
1536
64
1
0
1600
64
1
0
1664
64
1
0
1728
64
1
0
1792
64
1
0
1856
64
1
0
1920
64
1
0
1984
64
1
196672
0
64
0
196928
64
64
0
197184
128
64
0
197440
192
64
0
197696
256
64
0
197952
320
64
0
198208
384
64
0
198464
448
64
0
198720
512
64
0
198976
576
64
0
199232
640
64
0
199488
704
64
0
199744
768
64
0
200000
832
64
0
200256
896
64
0
200512
960
64
0
64
1024
64
1
64
1088
64
1
64
1152
64
1
64
1216
64
1
64
1280
64
1
64
1344
64
1
64
1408
64
1
64
1472
64
1
64
1536
64
1
64
1600
64
1
64
1664
64
1
64
1728
64
1
64
1792
64
1
64
1856
64
1
64
1920
64
1
64
1984
64
1
196736
0
64
0
196992
64
64
0
197248
128
64
0
197504
192
64
0
197760
256
64
0
198016
320
64
0
198272
384
64
0
198528
448
64
0
198784
512
64
0
199040
576
64
0
199296
640
64
0
199552
704
64
0
199808
768
64
0
200064
832
64
0
200320
896
64
0
200576
960
64
0
128
1024
64
1
128
1088
64
1
128
1152
64
1
128
1216
64
1
128
1280
64
1
128
1344
64
1
128
1408
64
1
128
1472
64
1
128
1536
64
1
128
1600
64
1
128
1664
64
1
128
1728
64
1
128
1792
64
1
128
1856
64
1
128
1920
64
1
128
1984
64
1
196800
0
64
0
197056
64
64
0
197312
128
64
0
197568
192
64
0
197824
256
64
0
198080
320
64
0
198336
384
64
0
198592
448
64
0
198848
512
64
0
199104
576
64
0
199360
640
64
0
199616
704
64
0
199872
768
64
0
200128
832
64
0
200384
896
64
0
200640
960
64
0
192
1024
64
1
192
1088
64
1
192
1152
64
1
192
1216
64
1
192
1280
64
1
192
1344
64
1
192
1408
64
1
192
1472
64
1
192
1536
64
1
192
1600
64
1
192
1664
64
1
192
1728
64
1
192
1792
64
1
192
1856
64
1
192
1920
64
1
192
1984
64
1
