0
0
64
1
0
64
64
1
0
128
64
1
0
192
64
1
0
256
64
1
0
320
64
1
0
384
64
1
0
448
64
1
0
512
64
1
0
576
64
1
0
640
64
1
0
704
64
1
0
768
64
1
0
832
64
0
64
896
64
0
128
960
64
0
192
1024
64
0
256
1088
64
0
320
1152
64
0
384
1216
64
0
448
1280
64
0
512
1344
64
0
576
1408
64
0
0
1472
64
1
0
1536
64
1
640
1600
64
0
704
1664
64
0
768
1728
64
0
832
1792
64
0
896
1856
64
0
960
1920
64
0
1024
1984
64
0
1088
0
64
0
1152
64
64
0
1216
128
64
0
0
192
64
1
0
256
64
1
1280
320
64
0
1344
384
64
0
1408
448
64
0
1472
512
64
0
1536
576
64
0
1600
640
64
0
1664
704
64
0
1728
768
64
0
1792
832
64
0
1856
896
64
0
0
960
64
1
0
1024
64
1
1920
1088
64
0
1984
1152
64
0
2048
1216
64
0
2112
1280
64
0
2176
1344
64
0
2240
1408
64
0
2304
1472
64
0
2368
1536
64
0
2432
1600
64
0
2496
1664
64
0
0
1728
64
1
0
1792
64
1
2560
1856
64
0
2624
1920
64
0
2688
1984
64
0
2752
0
64
0
2816
64
64
0
2880
128
64
0
2944
192
64
0
3008
256
64
0
3072
320
64
0
3136
384
64
0
0
448
64
1
0
512
64
1
3200
576
64
0
3264
640
64
0
3328
704
64
0
3392
768
64
0
3456
832
64
0
3520
896
64
0
3584
960
64
0
3648
1024
64
0
3712
1088
64
0
3776
1152
64
0
0
1216
64
1
0
1280
64
1
3840
1344
64
0
3904
1408
64
0
3968
1472
64
0
4032
1536
64
0
4096
1600
64
0
4160
1664
64
0
4224
1728
64
0
4288
1792
64
0
4352
1856
64
0
4416
1920
64
0
0
1984
64
1
0
0
64
1
4480
64
64
0
4544
128
64
0
4608
192
64
0
4672
256
64
0
4736
320
64
0
4800
384
64
0
4864
448
64
0
4928
512
64
0
4992
576
64
0
5056
640
64
0
0
704
64
1
0
768
64
1
5120
832
64
0
5184
896
64
0
5248
960
64
0
5312
1024
64
0
5376
1088
64
0
5440
1152
64
0
5504
1216
64
0
5568
1280
64
0
5632
1344
64
0
5696
1408
64
0
0
1472
64
1
0
1536
64
1
5760
1600
64
0
5824
1664
64
0
5888
1728
64
0
5952
1792
64
0
6016
1856
64
0
6080
1920
64
0
6144
1984
64
0
6208
0
64
0
6272
64
64
0
6336
128
64
0
0
192
64
1
0
256
64
1
0
320
64
1
0
384
64
1
0
448
64
1
0
512
64
1
0
576
64
1
0
640
64
1
0
704
64
1
0
768
64
1
0
832
64
1
0
896
64
1
0
960
64
1
0
1024
64
1
0
1088
64
1
0
1152
64
1
0
1216
64
1
0
1280
64
1
0
1344
64
1
0
1408
64
1
0
1472
64
1
0
1536
64
1
0
1600
64
1
0
1664
64
1
0
1728
64
1
0
1792
64
1
0
1856
64
1
0
1920
64
1
0
1984
64
1
