0
0
32
0
32
32
32
0
64
64
32
0
96
96
32
0
128
128
32
0
160
160
32
0
192
192
32
0
224
224
32
0
256
256
32
0
288
288
32
0
320
320
32
0
352
352
32
0
384
384
32
0
416
416
32
0
448
448
32
0
480
480
32
0
512
512
32
0
544
544
32
0
576
576
32
0
608
608
32
0
640
640
32
0
672
672
32
0
704
704
32
0
736
736
32
0
768
768
32
0
800
800
32
0
832
832
32
0
864
864
32
0
896
896
32
0
928
928
32
0
960
960
32
0
992
992
32
0
1024
1024
32
0
1056
1056
32
0
1088
1088
32
0
1120
1120
32
0
1152
1152
32
0
1184
1184
32
0
1216
1216
32
0
1248
1248
32
0
1280
1280
32
0
1312
1312
32
0
1344
1344
32
0
1376
1376
32
0
1408
1408
32
0
1440
1440
32
0
1472
1472
32
0
1504
1504
32
0
1536
1536
32
0
1568
1568
32
0
1600
1600
32
0
1632
1632
32
0
1664
1664
32
0
1696
1696
32
0
1728
1728
32
0
1760
1760
32
0
1792
1792
32
0
1824
1824
32
0
1856
1856
32
0
1888
1888
32
0
1920
1920
32
0
1952
1952
32
0
1984
1984
32
0
2016
2016
32
0
