0
0
64
1
0
64
64
1
0
128
64
1
0
192
64
1
0
256
64
1
0
320
64
1
0
384
64
1
704
448
64
0
832
512
64
0
960
576
64
0
1088
640
64
0
1216
704
64
0
0
768
64
1
1984
832
64
0
2112
896
64
0
2240
960
64
0
2368
1024
64
0
2496
1088
64
0
0
1152
64
1
3264
1216
64
0
3392
1280
64
0
3520
1344
64
0
3648
1408
64
0
3776
1472
64
0
0
1536
64
1
4544
1600
64
0
4672
1664
64
0
4800
1728
64
0
4928
1792
64
0
5056
1856
64
0
0
1920
64
1
5824
1984
64
0
5952
0
64
0
6080
64
64
0
6208
128
64
0
6336
192
64
0
0
256
64
1
0
320
64
1
0
384
64
1
0
448
64
1
0
512
64
1
0
576
64
1
0
640
64
1
0
704
64
1
0
768
64
1
0
832
64
1
0
896
64
1
0
960
64
1
0
1024
64
1
0
1088
64
1
0
1152
64
1
0
1216
64
1
0
1280
64
1
0
1344
64
1
0
1408
64
1
0
1472
64
1
0
1536
64
1
0
1600
64
1
0
1664
64
1
0
1728
64
1
0
1792
64
1
0
1856
64
1
0
1920
64
1
0
1984
64
1
