0
0
64
0
256
64
64
0
512
128
64
0
768
192
64
0
1024
256
64
0
2304
320
64
0
2560
384
64
0
2816
448
64
0
3072
512
64
0
3328
576
64
0
4608
640
64
0
4864
704
64
0
5120
768
64
0
5376
832
64
0
5632
896
64
0
6912
960
64
0
7168
1024
64
0
7424
1088
64
0
7680
1152
64
0
7936
1216
64
0
9216
1280
64
0
9472
1344
64
0
9728
1408
64
0
9984
1472
64
0
10240
1536
64
0
0
1600
64
1
0
1664
64
1
0
1728
64
1
0
1792
64
1
0
1856
64
1
0
1920
64
1
0
1984
64
1
64
0
64
0
320
64
64
0
576
128
64
0
832
192
64
0
1088
256
64
0
2368
320
64
0
2624
384
64
0
2880
448
64
0
3136
512
64
0
3392
576
64
0
4672
640
64
0
4928
704
64
0
5184
768
64
0
5440
832
64
0
5696
896
64
0
6976
960
64
0
7232
1024
64
0
7488
1088
64
0
7744
1152
64
0
8000
1216
64
0
9280
1280
64
0
9536
1344
64
0
9792
1408
64
0
10048
1472
64
0
10304
1536
64
0
64
1600
64
1
64
1664
64
1
64
1728
64
1
64
1792
64
1
64
1856
64
1
64
1920
64
1
64
1984
64
1
