0
0
64
1
0
64
64
1
0
128
64
1
0
192
64
1
0
256
64
1
0
320
64
1
0
384
64
1
0
448
64
1
0
512
64
1
0
576
64
1
0
640
64
1
0
704
64
1
0
768
64
1
0
832
64
1
0
896
64
1
0
960
64
1
1408
1024
64
0
1664
1088
64
0
1920
1152
64
0
2176
1216
64
0
2432
1280
64
0
0
1344
64
1
0
1408
64
1
3968
1472
64
0
4224
1536
64
0
4480
1600
64
0
4736
1664
64
0
4992
1728
64
0
0
1792
64
1
0
1856
64
1
6528
1920
64
0
6784
1984
64
0
64
0
64
1
64
64
64
1
64
128
64
1
64
192
64
1
64
256
64
1
64
320
64
1
64
384
64
1
64
448
64
1
64
512
64
1
64
576
64
1
64
640
64
1
64
704
64
1
64
768
64
1
64
832
64
1
64
896
64
1
64
960
64
1
1472
1024
64
0
1728
1088
64
0
1984
1152
64
0
2240
1216
64
0
2496
1280
64
0
64
1344
64
1
64
1408
64
1
4032
1472
64
0
4288
1536
64
0
4544
1600
64
0
4800
1664
64
0
5056
1728
64
0
64
1792
64
1
64
1856
64
1
6592
1920
64
0
6848
1984
64
0
0
0
64
1
0
64
64
1
0
128
64
1
0
192
64
1
0
256
64
1
0
320
64
1
0
384
64
1
0
448
64
1
0
512
64
1
0
576
64
1
0
640
64
1
0
704
64
1
0
768
64
1
0
832
64
1
0
896
64
1
1280
960
64
0
1536
1024
64
0
1792
1088
64
0
2048
1152
64
0
2304
1216
64
0
0
1280
64
1
0
1344
64
1
3840
1408
64
0
4096
1472
64
0
4352
1536
64
0
4608
1600
64
0
4864
1664
64
0
0
1728
64
1
0
1792
64
1
6400
1856
64
0
6656
1920
64
0
6912
1984
64
0
64
0
64
1
64
64
64
1
64
128
64
1
64
192
64
1
64
256
64
1
64
320
64
1
64
384
64
1
64
448
64
1
64
512
64
1
64
576
64
1
64
640
64
1
64
704
64
1
64
768
64
1
64
832
64
1
64
896
64
1
1344
960
64
0
1600
1024
64
0
1856
1088
64
0
2112
1152
64
0
2368
1216
64
0
64
1280
64
1
64
1344
64
1
3904
1408
64
0
4160
1472
64
0
4416
1536
64
0
4672
1600
64
0
4928
1664
64
0
64
1728
64
1
64
1792
64
1
6464
1856
64
0
6720
1920
64
0
6976
1984
64
0
0
0
64
1
0
64
64
1
0
128
64
1
0
192
64
1
0
256
64
1
0
320
64
1
0
384
64
1
0
448
64
1
0
512
64
1
0
576
64
1
0
640
64
1
0
704
64
1
0
768
64
1
0
832
64
1
0
896
64
1
1408
960
64
0
1664
1024
64
0
1920
1088
64
0
2176
1152
64
0
2432
1216
64
0
0
1280
64
1
0
1344
64
1
3968
1408
64
0
4224
1472
64
0
4480
1536
64
0
4736
1600
64
0
4992
1664
64
0
0
1728
64
1
0
1792
64
1
6528
1856
64
0
6784
1920
64
0
7040
1984
64
0
64
0
64
1
64
64
64
1
64
128
64
1
64
192
64
1
64
256
64
1
64
320
64
1
64
384
64
1
64
448
64
1
64
512
64
1
64
576
64
1
64
640
64
1
64
704
64
1
64
768
64
1
64
832
64
1
64
896
64
1
1472
960
64
0
1728
1024
64
0
1984
1088
64
0
2240
1152
64
0
2496
1216
64
0
64
1280
64
1
64
1344
64
1
4032
1408
64
0
4288
1472
64
0
4544
1536
64
0
4800
1600
64
0
5056
1664
64
0
64
1728
64
1
64
1792
64
1
6592
1856
64
0
6848
1920
64
0
7104
1984
64
0
0
0
64
1
0
64
64
1
0
128
64
1
0
192
64
1
0
256
64
1
0
320
64
1
0
384
64
1
0
448
64
1
0
512
64
1
128
576
64
0
384
640
64
0
640
704
64
0
896
768
64
0
1152
832
64
0
0
896
64
1
0
960
64
1
2688
1024
64
0
2944
1088
64
0
3200
1152
64
0
3456
1216
64
0
3712
1280
64
0
0
1344
64
1
0
1408
64
1
5248
1472
64
0
5504
1536
64
0
5760
1600
64
0
6016
1664
64
0
6272
1728
64
0
0
1792
64
1
0
1856
64
1
7808
1920
64
0
8064
1984
64
0
64
0
64
1
64
64
64
1
64
128
64
1
64
192
64
1
64
256
64
1
64
320
64
1
64
384
64
1
64
448
64
1
64
512
64
1
192
576
64
0
448
640
64
0
704
704
64
0
960
768
64
0
1216
832
64
0
64
896
64
1
64
960
64
1
2752
1024
64
0
3008
1088
64
0
3264
1152
64
0
3520
1216
64
0
3776
1280
64
0
64
1344
64
1
64
1408
64
1
5312
1472
64
0
5568
1536
64
0
5824
1600
64
0
6080
1664
64
0
6336
1728
64
0
64
1792
64
1
64
1856
64
1
7872
1920
64
0
8128
1984
64
0
0
0
64
1
0
64
64
1
0
128
64
1
0
192
64
1
0
256
64
1
0
320
64
1
0
384
64
1
0
448
64
1
0
512
64
0
256
576
64
0
512
640
64
0
768
704
64
0
1024
768
64
0
0
832
64
1
0
896
64
1
2560
960
64
0
2816
1024
64
0
3072
1088
64
0
3328
1152
64
0
3584
1216
64
0
0
1280
64
1
0
1344
64
1
5120
1408
64
0
5376
1472
64
0
5632
1536
64
0
5888
1600
64
0
6144
1664
64
0
0
1728
64
1
0
1792
64
1
7680
1856
64
0
7936
1920
64
0
8192
1984
64
0
64
0
64
1
64
64
64
1
64
128
64
1
64
192
64
1
64
256
64
1
64
320
64
1
64
384
64
1
64
448
64
1
64
512
64
0
320
576
64
0
576
640
64
0
832
704
64
0
1088
768
64
0
64
832
64
1
64
896
64
1
2624
960
64
0
2880
1024
64
0
3136
1088
64
0
3392
1152
64
0
3648
1216
64
0
64
1280
64
1
64
1344
64
1
5184
1408
64
0
5440
1472
64
0
5696
1536
64
0
5952
1600
64
0
6208
1664
64
0
64
1728
64
1
64
1792
64
1
7744
1856
64
0
8000
1920
64
0
8256
1984
64
0
0
0
64
1
0
64
64
1
0
128
64
1
0
192
64
1
0
256
64
1
0
320
64
1
0
384
64
1
0
448
64
1
128
512
64
0
384
576
64
0
640
640
64
0
896
704
64
0
1152
768
64
0
0
832
64
1
0
896
64
1
2688
960
64
0
2944
1024
64
0
3200
1088
64
0
3456
1152
64
0
3712
1216
64
0
0
1280
64
1
0
1344
64
1
5248
1408
64
0
5504
1472
64
0
5760
1536
64
0
6016
1600
64
0
6272
1664
64
0
0
1728
64
1
0
1792
64
1
7808
1856
64
0
8064
1920
64
0
8320
1984
64
0
64
0
64
1
64
64
64
1
64
128
64
1
64
192
64
1
64
256
64
1
64
320
64
1
64
384
64
1
64
448
64
1
192
512
64
0
448
576
64
0
704
640
64
0
960
704
64
0
1216
768
64
0
64
832
64
1
64
896
64
1
2752
960
64
0
3008
1024
64
0
3264
1088
64
0
3520
1152
64
0
3776
1216
64
0
64
1280
64
1
64
1344
64
1
5312
1408
64
0
5568
1472
64
0
5824
1536
64
0
6080
1600
64
0
6336
1664
64
0
64
1728
64
1
64
1792
64
1
7872
1856
64
0
8128
1920
64
0
8384
1984
64
0
0
0
64
1
0
64
64
1
0
128
64
1
0
192
64
1
0
256
64
1
0
320
64
1
0
384
64
1
0
448
64
1
0
512
64
1
1408
576
64
0
1664
640
64
0
1920
704
64
0
2176
768
64
0
2432
832
64
0
0
896
64
1
0
960
64
1
3968
1024
64
0
4224
1088
64
0
4480
1152
64
0
4736
1216
64
0
4992
1280
64
0
0
1344
64
1
0
1408
64
1
6528
1472
64
0
6784
1536
64
0
7040
1600
64
0
7296
1664
64
0
7552
1728
64
0
0
1792
64
1
0
1856
64
1
9088
1920
64
0
9344
1984
64
0
64
0
64
1
64
64
64
1
64
128
64
1
64
192
64
1
64
256
64
1
64
320
64
1
64
384
64
1
64
448
64
1
64
512
64
1
1472
576
64
0
1728
640
64
0
1984
704
64
0
2240
768
64
0
2496
832
64
0
64
896
64
1
64
960
64
1
4032
1024
64
0
4288
1088
64
0
4544
1152
64
0
4800
1216
64
0
5056
1280
64
0
64
1344
64
1
64
1408
64
1
6592
1472
64
0
6848
1536
64
0
7104
1600
64
0
7360
1664
64
0
7616
1728
64
0
64
1792
64
1
64
1856
64
1
9152
1920
64
0
9408
1984
64
0
0
0
64
1
0
64
64
1
0
128
64
1
0
192
64
1
0
256
64
1
0
320
64
1
0
384
64
1
0
448
64
1
1280
512
64
0
1536
576
64
0
1792
640
64
0
2048
704
64
0
2304
768
64
0
0
832
64
1
0
896
64
1
3840
960
64
0
4096
1024
64
0
4352
1088
64
0
4608
1152
64
0
4864
1216
64
0
0
1280
64
1
0
1344
64
1
6400
1408
64
0
6656
1472
64
0
6912
1536
64
0
7168
1600
64
0
7424
1664
64
0
0
1728
64
1
0
1792
64
1
8960
1856
64
0
9216
1920
64
0
9472
1984
64
0
64
0
64
1
64
64
64
1
64
128
64
1
64
192
64
1
64
256
64
1
64
320
64
1
64
384
64
1
64
448
64
1
1344
512
64
0
1600
576
64
0
1856
640
64
0
2112
704
64
0
2368
768
64
0
64
832
64
1
64
896
64
1
3904
960
64
0
4160
1024
64
0
4416
1088
64
0
4672
1152
64
0
4928
1216
64
0
64
1280
64
1
64
1344
64
1
6464
1408
64
0
6720
1472
64
0
6976
1536
64
0
7232
1600
64
0
7488
1664
64
0
64
1728
64
1
64
1792
64
1
9024
1856
64
0
9280
1920
64
0
9536
1984
64
0
0
0
64
1
0
64
64
1
0
128
64
1
0
192
64
1
0
256
64
1
0
320
64
1
0
384
64
1
0
448
64
1
1408
512
64
0
1664
576
64
0
1920
640
64
0
2176
704
64
0
2432
768
64
0
0
832
64
1
0
896
64
1
3968
960
64
0
4224
1024
64
0
4480
1088
64
0
4736
1152
64
0
4992
1216
64
0
0
1280
64
1
0
1344
64
1
6528
1408
64
0
6784
1472
64
0
7040
1536
64
0
7296
1600
64
0
7552
1664
64
0
0
1728
64
1
0
1792
64
1
9088
1856
64
0
9344
1920
64
0
9600
1984
64
0
64
0
64
1
64
64
64
1
64
128
64
1
64
192
64
1
64
256
64
1
64
320
64
1
64
384
64
1
64
448
64
1
1472
512
64
0
1728
576
64
0
1984
640
64
0
2240
704
64
0
2496
768
64
0
64
832
64
1
64
896
64
1
4032
960
64
0
4288
1024
64
0
4544
1088
64
0
4800
1152
64
0
5056
1216
64
0
64
1280
64
1
64
1344
64
1
6592
1408
64
0
6848
1472
64
0
7104
1536
64
0
7360
1600
64
0
7616
1664
64
0
64
1728
64
1
64
1792
64
1
9152
1856
64
0
9408
1920
64
0
9664
1984
64
0
7040
0
64
0
7296
64
64
0
7552
128
64
0
0
192
64
1
0
256
64
1
9088
320
64
0
9344
384
64
0
9600
448
64
0
9856
512
64
0
10112
576
64
0
0
640
64
1
0
704
64
1
11648
768
64
0
11904
832
64
0
12160
896
64
0
12416
960
64
0
12672
1024
64
0
0
1088
64
1
0
1152
64
1
0
1216
64
1
0
1280
64
1
0
1344
64
1
0
1408
64
1
0
1472
64
1
0
1536
64
1
0
1600
64
1
0
1664
64
1
0
1728
64
1
0
1792
64
1
0
1856
64
1
0
1920
64
1
0
1984
64
1
7104
0
64
0
7360
64
64
0
7616
128
64
0
64
192
64
1
64
256
64
1
9152
320
64
0
9408
384
64
0
9664
448
64
0
9920
512
64
0
10176
576
64
0
64
640
64
1
64
704
64
1
11712
768
64
0
11968
832
64
0
12224
896
64
0
12480
960
64
0
12736
1024
64
0
64
1088
64
1
64
1152
64
1
64
1216
64
1
64
1280
64
1
64
1344
64
1
64
1408
64
1
64
1472
64
1
64
1536
64
1
64
1600
64
1
64
1664
64
1
64
1728
64
1
64
1792
64
1
64
1856
64
1
64
1920
64
1
64
1984
64
1
7168
0
64
0
7424
64
64
0
0
128
64
1
0
192
64
1
8960
256
64
0
9216
320
64
0
9472
384
64
0
9728
448
64
0
9984
512
64
0
0
576
64
1
0
640
64
1
11520
704
64
0
11776
768
64
0
12032
832
64
0
12288
896
64
0
12544
960
64
0
0
1024
64
1
128
1088
64
1
128
1152
64
1
128
1216
64
1
128
1280
64
1
128
1344
64
1
128
1408
64
1
128
1472
64
1
128
1536
64
1
128
1600
64
1
128
1664
64
1
128
1728
64
1
128
1792
64
1
128
1856
64
1
128
1920
64
1
128
1984
64
1
7232
0
64
0
7488
64
64
0
64
128
64
1
64
192
64
1
9024
256
64
0
9280
320
64
0
9536
384
64
0
9792
448
64
0
10048
512
64
0
64
576
64
1
64
640
64
1
11584
704
64
0
11840
768
64
0
12096
832
64
0
12352
896
64
0
12608
960
64
0
64
1024
64
1
192
1088
64
1
192
1152
64
1
192
1216
64
1
192
1280
64
1
192
1344
64
1
192
1408
64
1
192
1472
64
1
192
1536
64
1
192
1600
64
1
192
1664
64
1
192
1728
64
1
192
1792
64
1
192
1856
64
1
192
1920
64
1
192
1984
64
1
7296
0
64
0
7552
64
64
0
0
128
64
1
0
192
64
1
9088
256
64
0
9344
320
64
0
9600
384
64
0
9856
448
64
0
10112
512
64
0
0
576
64
1
0
640
64
1
11648
704
64
0
11904
768
64
0
12160
832
64
0
12416
896
64
0
12672
960
64
0
0
1024
64
1
256
1088
64
1
256
1152
64
1
256
1216
64
1
256
1280
64
1
256
1344
64
1
256
1408
64
1
256
1472
64
1
256
1536
64
1
256
1600
64
1
256
1664
64
1
256
1728
64
1
256
1792
64
1
256
1856
64
1
256
1920
64
1
256
1984
64
1
7360
0
64
0
7616
64
64
0
64
128
64
1
64
192
64
1
9152
256
64
0
9408
320
64
0
9664
384
64
0
9920
448
64
0
10176
512
64
0
64
576
64
1
64
640
64
1
11712
704
64
0
11968
768
64
0
12224
832
64
0
12480
896
64
0
12736
960
64
0
64
1024
64
1
320
1088
64
1
320
1152
64
1
320
1216
64
1
320
1280
64
1
320
1344
64
1
320
1408
64
1
320
1472
64
1
320
1536
64
1
320
1600
64
1
320
1664
64
1
320
1728
64
1
320
1792
64
1
320
1856
64
1
320
1920
64
1
320
1984
64
1
8320
0
64
0
8576
64
64
0
8832
128
64
0
0
192
64
1
0
256
64
1
10368
320
64
0
10624
384
64
0
10880
448
64
0
11136
512
64
0
11392
576
64
0
0
640
64
1
0
704
64
1
0
768
64
1
0
832
64
1
0
896
64
1
0
960
64
1
0
1024
64
1
384
1088
64
1
384
1152
64
1
384
1216
64
1
384
1280
64
1
384
1344
64
1
384
1408
64
1
384
1472
64
1
384
1536
64
1
384
1600
64
1
384
1664
64
1
384
1728
64
1
384
1792
64
1
384
1856
64
1
384
1920
64
1
384
1984
64
1
8384
0
64
0
8640
64
64
0
8896
128
64
0
64
192
64
1
64
256
64
1
10432
320
64
0
10688
384
64
0
10944
448
64
0
11200
512
64
0
11456
576
64
0
64
640
64
1
64
704
64
1
64
768
64
1
64
832
64
1
64
896
64
1
64
960
64
1
64
1024
64
1
448
1088
64
1
448
1152
64
1
448
1216
64
1
448
1280
64
1
448
1344
64
1
448
1408
64
1
448
1472
64
1
448
1536
64
1
448
1600
64
1
448
1664
64
1
448
1728
64
1
448
1792
64
1
448
1856
64
1
448
1920
64
1
448
1984
64
1
8448
0
64
0
8704
64
64
0
0
128
64
1
0
192
64
1
10240
256
64
0
10496
320
64
0
10752
384
64
0
11008
448
64
0
11264
512
64
0
0
576
64
1
0
640
64
1
0
704
64
1
0
768
64
1
0
832
64
1
0
896
64
1
0
960
64
1
0
1024
64
1
512
1088
64
1
512
1152
64
1
512
1216
64
1
512
1280
64
1
512
1344
64
1
512
1408
64
1
512
1472
64
1
512
1536
64
1
512
1600
64
1
512
1664
64
1
512
1728
64
1
512
1792
64
1
512
1856
64
1
512
1920
64
1
512
1984
64
1
8512
0
64
0
8768
64
64
0
64
128
64
1
64
192
64
1
10304
256
64
0
10560
320
64
0
10816
384
64
0
11072
448
64
0
11328
512
64
0
64
576
64
1
64
640
64
1
64
704
64
1
64
768
64
1
64
832
64
1
64
896
64
1
64
960
64
1
64
1024
64
1
576
1088
64
1
576
1152
64
1
576
1216
64
1
576
1280
64
1
576
1344
64
1
576
1408
64
1
576
1472
64
1
576
1536
64
1
576
1600
64
1
576
1664
64
1
576
1728
64
1
576
1792
64
1
576
1856
64
1
576
1920
64
1
576
1984
64
1
8576
0
64
0
8832
64
64
0
0
128
64
1
0
192
64
1
10368
256
64
0
10624
320
64
0
10880
384
64
0
11136
448
64
0
11392
512
64
0
0
576
64
1
0
640
64
1
0
704
64
1
0
768
64
1
0
832
64
1
0
896
64
1
0
960
64
1
0
1024
64
1
640
1088
64
1
640
1152
64
1
640
1216
64
1
640
1280
64
1
640
1344
64
1
640
1408
64
1
640
1472
64
1
640
1536
64
1
640
1600
64
1
640
1664
64
1
640
1728
64
1
640
1792
64
1
640
1856
64
1
640
1920
64
1
640
1984
64
1
8640
0
64
0
8896
64
64
0
64
128
64
1
64
192
64
1
10432
256
64
0
10688
320
64
0
10944
384
64
0
11200
448
64
0
11456
512
64
0
64
576
64
1
64
640
64
1
64
704
64
1
64
768
64
1
64
832
64
1
64
896
64
1
64
960
64
1
64
1024
64
1
704
1088
64
1
704
1152
64
1
704
1216
64
1
704
1280
64
1
704
1344
64
1
704
1408
64
1
704
1472
64
1
704
1536
64
1
704
1600
64
1
704
1664
64
1
704
1728
64
1
704
1792
64
1
704
1856
64
1
704
1920
64
1
704
1984
64
1
9600
0
64
0
9856
64
64
0
10112
128
64
0
0
192
64
1
0
256
64
1
11648
320
64
0
11904
384
64
0
12160
448
64
0
12416
512
64
0
12672
576
64
0
0
640
64
1
0
704
64
1
0
768
64
1
0
832
64
1
0
896
64
1
0
960
64
1
0
1024
64
1
768
1088
64
1
768
1152
64
1
768
1216
64
1
768
1280
64
1
768
1344
64
1
768
1408
64
1
768
1472
64
1
768
1536
64
1
768
1600
64
1
768
1664
64
1
768
1728
64
1
768
1792
64
1
768
1856
64
1
768
1920
64
1
768
1984
64
1
9664
0
64
0
9920
64
64
0
10176
128
64
0
64
192
64
1
64
256
64
1
11712
320
64
0
11968
384
64
0
12224
448
64
0
12480
512
64
0
12736
576
64
0
64
640
64
1
64
704
64
1
64
768
64
1
64
832
64
1
64
896
64
1
64
960
64
1
64
1024
64
1
832
1088
64
1
832
1152
64
1
832
1216
64
1
832
1280
64
1
832
1344
64
1
832
1408
64
1
832
1472
64
1
832
1536
64
1
832
1600
64
1
832
1664
64
1
832
1728
64
1
832
1792
64
1
832
1856
64
1
832
1920
64
1
832
1984
64
1
9728
0
64
0
9984
64
64
0
0
128
64
1
0
192
64
1
11520
256
64
0
11776
320
64
0
12032
384
64
0
12288
448
64
0
12544
512
64
0
0
576
64
1
0
640
64
1
0
704
64
1
0
768
64
1
0
832
64
1
0
896
64
1
0
960
64
1
0
1024
64
1
896
1088
64
1
896
1152
64
1
896
1216
64
1
896
1280
64
1
896
1344
64
1
896
1408
64
1
896
1472
64
1
896
1536
64
1
896
1600
64
1
896
1664
64
1
896
1728
64
1
896
1792
64
1
896
1856
64
1
896
1920
64
1
896
1984
64
1
9792
0
64
0
10048
64
64
0
64
128
64
1
64
192
64
1
11584
256
64
0
11840
320
64
0
12096
384
64
0
12352
448
64
0
12608
512
64
0
64
576
64
1
64
640
64
1
64
704
64
1
64
768
64
1
64
832
64
1
64
896
64
1
64
960
64
1
64
1024
64
1
960
1088
64
1
960
1152
64
1
960
1216
64
1
960
1280
64
1
960
1344
64
1
960
1408
64
1
960
1472
64
1
960
1536
64
1
960
1600
64
1
960
1664
64
1
960
1728
64
1
960
1792
64
1
960
1856
64
1
960
1920
64
1
960
1984
64
1
9856
0
64
0
10112
64
64
0
0
128
64
1
0
192
64
1
11648
256
64
0
11904
320
64
0
12160
384
64
0
12416
448
64
0
12672
512
64
0
0
576
64
1
0
640
64
1
0
704
64
1
0
768
64
1
0
832
64
1
0
896
64
1
0
960
64
1
0
1024
64
1
1024
1088
64
1
1024
1152
64
1
1024
1216
64
1
1024
1280
64
1
1024
1344
64
1
1024
1408
64
1
1024
1472
64
1
1024
1536
64
1
1024
1600
64
1
1024
1664
64
1
1024
1728
64
1
1024
1792
64
1
1024
1856
64
1
1024
1920
64
1
1024
1984
64
1
9920
0
64
0
10176
64
64
0
64
128
64
1
64
192
64
1
11712
256
64
0
11968
320
64
0
12224
384
64
0
12480
448
64
0
12736
512
64
0
64
576
64
1
64
640
64
1
64
704
64
1
64
768
64
1
64
832
64
1
64
896
64
1
64
960
64
1
64
1024
64
1
1088
1088
64
1
1088
1152
64
1
1088
1216
64
1
1088
1280
64
1
1088
1344
64
1
1088
1408
64
1
1088
1472
64
1
1088
1536
64
1
1088
1600
64
1
1088
1664
64
1
1088
1728
64
1
1088
1792
64
1
1088
1856
64
1
1088
1920
64
1
1088
1984
64
1
