0
0
64
0
64
64
64
0
128
128
64
0
192
192
64
0
256
256
64
0
320
320
64
0
384
384
64
0
448
448
64
0
640
512
64
0
704
576
64
0
768
640
64
0
832
704
64
0
896
768
64
0
960
832
64
0
1024
896
64
0
1088
960
64
0
1280
1024
64
0
1344
1088
64
0
1408
1152
64
0
1472
1216
64
0
1536
1280
64
0
1600
1344
64
0
1664
1408
64
0
1728
1472
64
0
1920
1536
64
0
1984
1600
64
0
2048
1664
64
0
2112
1728
64
0
2176
1792
64
0
2240
1856
64
0
2304
1920
64
0
2368
1984
64
0
64
0
64
0
128
64
64
0
192
128
64
0
256
192
64
0
320
256
64
0
384
320
64
0
448
384
64
0
512
448
64
0
704
512
64
0
768
576
64
0
832
640
64
0
896
704
64
0
960
768
64
0
1024
832
64
0
1088
896
64
0
1152
960
64
0
1344
1024
64
0
1408
1088
64
0
1472
1152
64
0
1536
1216
64
0
1600
1280
64
0
1664
1344
64
0
1728
1408
64
0
1792
1472
64
0
1984
1536
64
0
2048
1600
64
0
2112
1664
64
0
2176
1728
64
0
2240
1792
64
0
2304
1856
64
0
2368
1920
64
0
2432
1984
64
0
128
0
64
0
192
64
64
0
256
128
64
0
320
192
64
0
384
256
64
0
448
320
64
0
512
384
64
0
576
448
64
0
768
512
64
0
832
576
64
0
896
640
64
0
960
704
64
0
1024
768
64
0
1088
832
64
0
1152
896
64
0
1216
960
64
0
1408
1024
64
0
1472
1088
64
0
1536
1152
64
0
1600
1216
64
0
1664
1280
64
0
1728
1344
64
0
1792
1408
64
0
1856
1472
64
0
2048
1536
64
0
2112
1600
64
0
2176
1664
64
0
2240
1728
64
0
2304
1792
64
0
2368
1856
64
0
2432
1920
64
0
2496
1984
64
0
640
0
64
0
704
64
64
0
768
128
64
0
832
192
64
0
896
256
64
0
960
320
64
0
1024
384
64
0
1088
448
64
0
1280
512
64
0
1344
576
64
0
1408
640
64
0
1472
704
64
0
1536
768
64
0
1600
832
64
0
1664
896
64
0
1728
960
64
0
1920
1024
64
0
1984
1088
64
0
2048
1152
64
0
2112
1216
64
0
2176
1280
64
0
2240
1344
64
0
2304
1408
64
0
2368
1472
64
0
2560
1536
64
0
2624
1600
64
0
2688
1664
64
0
2752
1728
64
0
2816
1792
64
0
2880
1856
64
0
2944
1920
64
0
3008
1984
64
0
704
0
64
0
768
64
64
0
832
128
64
0
896
192
64
0
960
256
64
0
1024
320
64
0
1088
384
64
0
1152
448
64
0
1344
512
64
0
1408
576
64
0
1472
640
64
0
1536
704
64
0
1600
768
64
0
1664
832
64
0
1728
896
64
0
1792
960
64
0
1984
1024
64
0
2048
1088
64
0
2112
1152
64
0
2176
1216
64
0
2240
1280
64
0
2304
1344
64
0
2368
1408
64
0
2432
1472
64
0
2624
1536
64
0
2688
1600
64
0
2752
1664
64
0
2816
1728
64
0
2880
1792
64
0
2944
1856
64
0
3008
1920
64
0
3072
1984
64
0
768
0
64
0
832
64
64
0
896
128
64
0
960
192
64
0
1024
256
64
0
1088
320
64
0
1152
384
64
0
1216
448
64
0
1408
512
64
0
1472
576
64
0
1536
640
64
0
1600
704
64
0
1664
768
64
0
1728
832
64
0
1792
896
64
0
1856
960
64
0
2048
1024
64
0
2112
1088
64
0
2176
1152
64
0
2240
1216
64
0
2304
1280
64
0
2368
1344
64
0
2432
1408
64
0
2496
1472
64
0
2688
1536
64
0
2752
1600
64
0
2816
1664
64
0
2880
1728
64
0
2944
1792
64
0
3008
1856
64
0
3072
1920
64
0
3136
1984
64
0
1280
0
64
0
1344
64
64
0
1408
128
64
0
1472
192
64
0
1536
256
64
0
1600
320
64
0
1664
384
64
0
1728
448
64
0
1920
512
64
0
1984
576
64
0
2048
640
64
0
2112
704
64
0
2176
768
64
0
2240
832
64
0
2304
896
64
0
2368
960
64
0
2560
1024
64
0
2624
1088
64
0
2688
1152
64
0
2752
1216
64
0
2816
1280
64
0
2880
1344
64
0
2944
1408
64
0
3008
1472
64
0
3200
1536
64
0
3264
1600
64
0
3328
1664
64
0
3392
1728
64
0
3456
1792
64
0
3520
1856
64
0
3584
1920
64
0
3648
1984
64
0
1344
0
64
0
1408
64
64
0
1472
128
64
0
1536
192
64
0
1600
256
64
0
1664
320
64
0
1728
384
64
0
1792
448
64
0
1984
512
64
0
2048
576
64
0
2112
640
64
0
2176
704
64
0
2240
768
64
0
2304
832
64
0
2368
896
64
0
2432
960
64
0
2624
1024
64
0
2688
1088
64
0
2752
1152
64
0
2816
1216
64
0
2880
1280
64
0
2944
1344
64
0
3008
1408
64
0
3072
1472
64
0
3264
1536
64
0
3328
1600
64
0
3392
1664
64
0
3456
1728
64
0
3520
1792
64
0
3584
1856
64
0
3648
1920
64
0
3712
1984
64
0
1408
0
64
0
1472
64
64
0
1536
128
64
0
1600
192
64
0
1664
256
64
0
1728
320
64
0
1792
384
64
0
1856
448
64
0
2048
512
64
0
2112
576
64
0
2176
640
64
0
2240
704
64
0
2304
768
64
0
2368
832
64
0
2432
896
64
0
2496
960
64
0
2688
1024
64
0
2752
1088
64
0
2816
1152
64
0
2880
1216
64
0
2944
1280
64
0
3008
1344
64
0
3072
1408
64
0
3136
1472
64
0
3328
1536
64
0
3392
1600
64
0
3456
1664
64
0
3520
1728
64
0
3584
1792
64
0
3648
1856
64
0
3712
1920
64
0
3776
1984
64
0
2560
0
64
0
2624
64
64
0
2688
128
64
0
2752
192
64
0
2816
256
64
0
2880
320
64
0
2944
384
64
0
3008
448
64
0
3200
512
64
0
3264
576
64
0
3328
640
64
0
3392
704
64
0
3456
768
64
0
3520
832
64
0
3584
896
64
0
3648
960
64
0
3840
1024
64
0
3904
1088
64
0
3968
1152
64
0
4032
1216
64
0
4096
1280
64
0
4160
1344
64
0
4224
1408
64
0
4288
1472
64
0
4480
1536
64
0
4544
1600
64
0
4608
1664
64
0
4672
1728
64
0
4736
1792
64
0
4800
1856
64
0
4864
1920
64
0
4928
1984
64
0
2624
0
64
0
2688
64
64
0
2752
128
64
0
2816
192
64
0
2880
256
64
0
2944
320
64
0
3008
384
64
0
3072
448
64
0
3264
512
64
0
3328
576
64
0
3392
640
64
0
3456
704
64
0
3520
768
64
0
3584
832
64
0
3648
896
64
0
3712
960
64
0
3904
1024
64
0
3968
1088
64
0
4032
1152
64
0
4096
1216
64
0
4160
1280
64
0
4224
1344
64
0
4288
1408
64
0
4352
1472
64
0
4544
1536
64
0
4608
1600
64
0
4672
1664
64
0
4736
1728
64
0
4800
1792
64
0
4864
1856
64
0
4928
1920
64
0
4992
1984
64
0
2688
0
64
0
2752
64
64
0
2816
128
64
0
2880
192
64
0
2944
256
64
0
3008
320
64
0
3072
384
64
0
3136
448
64
0
3328
512
64
0
3392
576
64
0
3456
640
64
0
3520
704
64
0
3584
768
64
0
3648
832
64
0
3712
896
64
0
3776
960
64
0
3968
1024
64
0
4032
1088
64
0
4096
1152
64
0
4160
1216
64
0
4224
1280
64
0
4288
1344
64
0
4352
1408
64
0
4416
1472
64
0
4608
1536
64
0
4672
1600
64
0
4736
1664
64
0
4800
1728
64
0
4864
1792
64
0
4928
1856
64
0
4992
1920
64
0
5056
1984
64
0
3200
0
64
0
3264
64
64
0
3328
128
64
0
3392
192
64
0
3456
256
64
0
3520
320
64
0
3584
384
64
0
3648
448
64
0
3840
512
64
0
3904
576
64
0
3968
640
64
0
4032
704
64
0
4096
768
64
0
4160
832
64
0
4224
896
64
0
4288
960
64
0
4480
1024
64
0
4544
1088
64
0
4608
1152
64
0
4672
1216
64
0
4736
1280
64
0
4800
1344
64
0
4864
1408
64
0
4928
1472
64
0
5120
1536
64
0
5184
1600
64
0
5248
1664
64
0
5312
1728
64
0
5376
1792
64
0
5440
1856
64
0
5504
1920
64
0
5568
1984
64
0
3264
0
64
0
3328
64
64
0
3392
128
64
0
3456
192
64
0
3520
256
64
0
3584
320
64
0
3648
384
64
0
3712
448
64
0
3904
512
64
0
3968
576
64
0
4032
640
64
0
4096
704
64
0
4160
768
64
0
4224
832
64
0
4288
896
64
0
4352
960
64
0
4544
1024
64
0
4608
1088
64
0
4672
1152
64
0
4736
1216
64
0
4800
1280
64
0
4864
1344
64
0
4928
1408
64
0
4992
1472
64
0
5184
1536
64
0
5248
1600
64
0
5312
1664
64
0
5376
1728
64
0
5440
1792
64
0
5504
1856
64
0
5568
1920
64
0
5632
1984
64
0
3328
0
64
0
3392
64
64
0
3456
128
64
0
3520
192
64
0
3584
256
64
0
3648
320
64
0
3712
384
64
0
3776
448
64
0
3968
512
64
0
4032
576
64
0
4096
640
64
0
4160
704
64
0
4224
768
64
0
4288
832
64
0
4352
896
64
0
4416
960
64
0
4608
1024
64
0
4672
1088
64
0
4736
1152
64
0
4800
1216
64
0
4864
1280
64
0
4928
1344
64
0
4992
1408
64
0
5056
1472
64
0
5248
1536
64
0
5312
1600
64
0
5376
1664
64
0
5440
1728
64
0
5504
1792
64
0
5568
1856
64
0
5632
1920
64
0
5696
1984
64
0
3840
0
64
0
3904
64
64
0
3968
128
64
0
4032
192
64
0
4096
256
64
0
4160
320
64
0
4224
384
64
0
4288
448
64
0
4480
512
64
0
4544
576
64
0
4608
640
64
0
4672
704
64
0
4736
768
64
0
4800
832
64
0
4864
896
64
0
4928
960
64
0
5120
1024
64
0
5184
1088
64
0
5248
1152
64
0
5312
1216
64
0
5376
1280
64
0
5440
1344
64
0
5504
1408
64
0
5568
1472
64
0
5760
1536
64
0
5824
1600
64
0
5888
1664
64
0
5952
1728
64
0
6016
1792
64
0
6080
1856
64
0
6144
1920
64
0
6208
1984
64
0
3904
0
64
0
3968
64
64
0
4032
128
64
0
4096
192
64
0
4160
256
64
0
4224
320
64
0
4288
384
64
0
4352
448
64
0
4544
512
64
0
4608
576
64
0
4672
640
64
0
4736
704
64
0
4800
768
64
0
4864
832
64
0
4928
896
64
0
4992
960
64
0
5184
1024
64
0
5248
1088
64
0
5312
1152
64
0
5376
1216
64
0
5440
1280
64
0
5504
1344
64
0
5568
1408
64
0
5632
1472
64
0
5824
1536
64
0
5888
1600
64
0
5952
1664
64
0
6016
1728
64
0
6080
1792
64
0
6144
1856
64
0
6208
1920
64
0
6272
1984
64
0
3968
0
64
0
4032
64
64
0
4096
128
64
0
4160
192
64
0
4224
256
64
0
4288
320
64
0
4352
384
64
0
4416
448
64
0
4608
512
64
0
4672
576
64
0
4736
640
64
0
4800
704
64
0
4864
768
64
0
4928
832
64
0
4992
896
64
0
5056
960
64
0
5248
1024
64
0
5312
1088
64
0
5376
1152
64
0
5440
1216
64
0
5504
1280
64
0
5568
1344
64
0
5632
1408
64
0
5696
1472
64
0
5888
1536
64
0
5952
1600
64
0
6016
1664
64
0
6080
1728
64
0
6144
1792
64
0
6208
1856
64
0
6272
1920
64
0
6336
1984
64
0
