0
0
32
0
32
32
32
0
64
64
32
0
96
96
32
0
128
128
32
0
160
160
32
0
192
192
32
0
224
224
32
0
256
256
32
0
288
288
32
0
320
320
32
0
352
352
32
0
384
384
32
0
416
416
32
0
448
448
32
0
480
480
32
0
512
512
32
0
544
544
32
0
576
576
32
0
608
608
32
0
640
640
32
0
672
672
32
0
704
704
32
0
736
736
32
0
768
768
32
0
800
800
32
0
832
832
32
0
864
864
32
0
896
896
32
0
928
928
32
0
960
960
32
0
992
992
32
0
1024
1024
32
0
1056
1056
32
0
1088
1088
32
0
1120
1120
32
0
1152
1152
32
0
1184
1184
32
0
1216
1216
32
0
1248
1248
32
0
1280
1280
32
0
1312
1312
32
0
1344
1344
32
0
1376
1376
32
0
1408
1408
32
0
1440
1440
32
0
1472
1472
32
0
1504
1504
32
0
1536
1536
32
0
1568
1568
32
0
1600
1600
32
0
1632
1632
32
0
1664
1664
32
0
1696
1696
32
0
1728
1728
32
0
1760
1760
32
0
1792
1792
32
0
1824
1824
32
0
1856
1856
32
0
1888
1888
32
0
1920
1920
32
0
1952
1952
32
0
1984
1984
32
0
2016
2016
32
0
2048
2048
32
0
2080
2080
32
0
2112
2112
32
0
2144
2144
32
0
2176
2176
32
0
2208
2208
32
0
2240
2240
32
0
2272
2272
32
0
2304
2304
32
0
2336
2336
32
0
2368
2368
32
0
2400
2400
32
0
2432
2432
32
0
2464
2464
32
0
2496
2496
32
0
2528
2528
32
0
2560
2560
32
0
2592
2592
32
0
2624
2624
32
0
2656
2656
32
0
2688
2688
32
0
2720
2720
32
0
2752
2752
32
0
2784
2784
32
0
2816
2816
32
0
2848
2848
32
0
2880
2880
32
0
2912
2912
32
0
2944
2944
32
0
2976
2976
32
0
3008
3008
32
0
3040
3040
32
0
3072
3072
32
0
3104
3104
32
0
3136
3136
32
0
3168
3168
32
0
3200
3200
32
0
3232
3232
32
0
3264
3264
32
0
3296
3296
32
0
3328
3328
32
0
3360
3360
32
0
3392
3392
32
0
3424
3424
32
0
3456
3456
32
0
3488
3488
32
0
3520
3520
32
0
3552
3552
32
0
3584
3584
32
0
3616
3616
32
0
3648
3648
32
0
3680
3680
32
0
3712
3712
32
0
3744
3744
32
0
3776
3776
32
0
3808
3808
32
0
3840
3840
32
0
3872
3872
32
0
3904
3904
32
0
3936
3936
32
0
3968
3968
32
0
4000
4000
32
0
4032
4032
32
0
4064
4064
32
0
4096
4096
32
0
4128
4128
32
0
4160
4160
32
0
4192
4192
32
0
4224
4224
32
0
4256
4256
32
0
4288
4288
32
0
4320
4320
32
0
4352
4352
32
0
4384
4384
32
0
4416
4416
32
0
4448
4448
32
0
4480
4480
32
0
4512
4512
32
0
4544
4544
32
0
4576
4576
32
0
4608
4608
32
0
4640
4640
32
0
4672
4672
32
0
4704
4704
32
0
4736
4736
32
0
4768
4768
32
0
4800
4800
32
0
4832
4832
32
0
4864
4864
32
0
4896
4896
32
0
4928
4928
32
0
4960
4960
32
0
4992
4992
32
0
5024
5024
32
0
5056
5056
32
0
5088
5088
32
0
5120
5120
32
0
5152
5152
32
0
5184
5184
32
0
5216
5216
32
0
5248
5248
32
0
5280
5280
32
0
5312
5312
32
0
5344
5344
32
0
5376
5376
32
0
5408
5408
32
0
5440
5440
32
0
5472
5472
32
0
5504
5504
32
0
5536
5536
32
0
5568
5568
32
0
5600
5600
32
0
5632
5632
32
0
5664
5664
32
0
5696
5696
32
0
5728
5728
32
0
5760
5760
32
0
5792
5792
32
0
5824
5824
32
0
5856
5856
32
0
5888
5888
32
0
5920
5920
32
0
5952
5952
32
0
5984
5984
32
0
6016
6016
32
0
6048
6048
32
0
6080
6080
32
0
6112
6112
32
0
6144
6144
32
0
6176
6176
32
0
6208
6208
32
0
6240
6240
32
0
0
6272
32
1
0
6304
32
1
0
6336
32
1
0
6368
32
1
0
6400
32
1
0
6432
32
1
0
6464
32
1
0
6496
32
1
0
6528
32
1
0
6560
32
1
0
6592
32
1
0
6624
32
1
0
6656
32
1
0
6688
32
1
0
6720
32
1
0
6752
32
1
0
6784
32
1
0
6816
32
1
0
6848
32
1
0
6880
32
1
0
6912
32
1
0
6944
32
1
0
6976
32
1
0
7008
32
1
0
7040
32
1
0
7072
32
1
0
7104
32
1
0
7136
32
1
