0
0
64
1
0
64
64
1
0
128
64
1
0
192
64
1
0
256
64
1
0
320
64
1
0
384
64
1
0
448
64
1
0
512
64
0
128
576
64
0
256
640
64
0
384
704
64
0
512
768
64
0
640
832
64
0
0
896
64
1
896
960
64
0
1024
1024
64
0
1152
1088
64
0
1280
1152
64
0
1408
1216
64
0
1536
1280
64
0
0
1344
64
1
1792
1408
64
0
1920
1472
64
0
2048
1536
64
0
2176
1600
64
0
2304
1664
64
0
2432
1728
64
0
0
1792
64
1
2688
1856
64
0
2816
1920
64
0
2944
1984
64
0
64
0
64
1
64
64
64
1
64
128
64
1
64
192
64
1
64
256
64
1
64
320
64
1
64
384
64
1
64
448
64
1
64
512
64
0
192
576
64
0
320
640
64
0
448
704
64
0
576
768
64
0
704
832
64
0
64
896
64
1
960
960
64
0
1088
1024
64
0
1216
1088
64
0
1344
1152
64
0
1472
1216
64
0
1600
1280
64
0
64
1344
64
1
1856
1408
64
0
1984
1472
64
0
2112
1536
64
0
2240
1600
64
0
2368
1664
64
0
2496
1728
64
0
64
1792
64
1
2752
1856
64
0
2880
1920
64
0
3008
1984
64
0
0
0
64
1
0
64
64
1
0
128
64
1
0
192
64
1
0
256
64
1
0
320
64
1
0
384
64
1
0
448
64
0
128
512
64
0
256
576
64
0
384
640
64
0
512
704
64
0
640
768
64
0
768
832
64
0
896
896
64
0
1024
960
64
0
1152
1024
64
0
1280
1088
64
0
1408
1152
64
0
1536
1216
64
0
1664
1280
64
0
1792
1344
64
0
1920
1408
64
0
2048
1472
64
0
2176
1536
64
0
2304
1600
64
0
2432
1664
64
0
2560
1728
64
0
2688
1792
64
0
2816
1856
64
0
2944
1920
64
0
3072
1984
64
0
64
0
64
1
64
64
64
1
64
128
64
1
64
192
64
1
64
256
64
1
64
320
64
1
64
384
64
1
64
448
64
0
192
512
64
0
320
576
64
0
448
640
64
0
576
704
64
0
704
768
64
0
832
832
64
0
960
896
64
0
1088
960
64
0
1216
1024
64
0
1344
1088
64
0
1472
1152
64
0
1600
1216
64
0
1728
1280
64
0
1856
1344
64
0
1984
1408
64
0
2112
1472
64
0
2240
1536
64
0
2368
1600
64
0
2496
1664
64
0
2624
1728
64
0
2752
1792
64
0
2880
1856
64
0
3008
1920
64
0
3136
1984
64
0
0
0
64
1
0
64
64
1
0
128
64
1
0
192
64
1
0
256
64
1
0
320
64
1
0
384
64
1
128
448
64
0
256
512
64
0
384
576
64
0
512
640
64
0
640
704
64
0
768
768
64
0
0
832
64
1
1024
896
64
0
1152
960
64
0
1280
1024
64
0
1408
1088
64
0
1536
1152
64
0
1664
1216
64
0
0
1280
64
1
1920
1344
64
0
2048
1408
64
0
2176
1472
64
0
2304
1536
64
0
2432
1600
64
0
2560
1664
64
0
0
1728
64
1
2816
1792
64
0
2944
1856
64
0
3072
1920
64
0
3200
1984
64
0
64
0
64
1
64
64
64
1
64
128
64
1
64
192
64
1
64
256
64
1
64
320
64
1
64
384
64
1
192
448
64
0
320
512
64
0
448
576
64
0
576
640
64
0
704
704
64
0
832
768
64
0
64
832
64
1
1088
896
64
0
1216
960
64
0
1344
1024
64
0
1472
1088
64
0
1600
1152
64
0
1728
1216
64
0
64
1280
64
1
1984
1344
64
0
2112
1408
64
0
2240
1472
64
0
2368
1536
64
0
2496
1600
64
0
2624
1664
64
0
64
1728
64
1
2880
1792
64
0
3008
1856
64
0
3136
1920
64
0
3264
1984
64
0
0
0
64
1
0
64
64
0
128
128
64
0
256
192
64
0
384
256
64
0
512
320
64
0
640
384
64
0
0
448
64
1
896
512
64
0
1024
576
64
0
1152
640
64
0
1280
704
64
0
1408
768
64
0
1536
832
64
0
0
896
64
1
1792
960
64
0
1920
1024
64
0
2048
1088
64
0
2176
1152
64
0
2304
1216
64
0
2432
1280
64
0
0
1344
64
1
2688
1408
64
0
2816
1472
64
0
2944
1536
64
0
3072
1600
64
0
3200
1664
64
0
3328
1728
64
0
0
1792
64
1
3584
1856
64
0
3712
1920
64
0
3840
1984
64
0
64
0
64
1
64
64
64
0
192
128
64
0
320
192
64
0
448
256
64
0
576
320
64
0
704
384
64
0
64
448
64
1
960
512
64
0
1088
576
64
0
1216
640
64
0
1344
704
64
0
1472
768
64
0
1600
832
64
0
64
896
64
1
1856
960
64
0
1984
1024
64
0
2112
1088
64
0
2240
1152
64
0
2368
1216
64
0
2496
1280
64
0
64
1344
64
1
2752
1408
64
0
2880
1472
64
0
3008
1536
64
0
3136
1600
64
0
3264
1664
64
0
3392
1728
64
0
64
1792
64
1
3648
1856
64
0
3776
1920
64
0
3904
1984
64
0
0
0
64
0
128
64
64
0
256
128
64
0
384
192
64
0
512
256
64
0
640
320
64
0
768
384
64
0
896
448
64
0
1024
512
64
0
1152
576
64
0
1280
640
64
0
1408
704
64
0
1536
768
64
0
1664
832
64
0
1792
896
64
0
1920
960
64
0
2048
1024
64
0
2176
1088
64
0
2304
1152
64
0
2432
1216
64
0
2560
1280
64
0
2688
1344
64
0
2816
1408
64
0
2944
1472
64
0
3072
1536
64
0
3200
1600
64
0
3328
1664
64
0
3456
1728
64
0
3584
1792
64
0
3712
1856
64
0
3840
1920
64
0
3968
1984
64
0
64
0
64
0
192
64
64
0
320
128
64
0
448
192
64
0
576
256
64
0
704
320
64
0
832
384
64
0
960
448
64
0
1088
512
64
0
1216
576
64
0
1344
640
64
0
1472
704
64
0
1600
768
64
0
1728
832
64
0
1856
896
64
0
1984
960
64
0
2112
1024
64
0
2240
1088
64
0
2368
1152
64
0
2496
1216
64
0
2624
1280
64
0
2752
1344
64
0
2880
1408
64
0
3008
1472
64
0
3136
1536
64
0
3264
1600
64
0
3392
1664
64
0
3520
1728
64
0
3648
1792
64
0
3776
1856
64
0
3904
1920
64
0
4032
1984
64
0
128
0
64
0
256
64
64
0
384
128
64
0
512
192
64
0
640
256
64
0
768
320
64
0
0
384
64
1
1024
448
64
0
1152
512
64
0
1280
576
64
0
1408
640
64
0
1536
704
64
0
1664
768
64
0
0
832
64
1
1920
896
64
0
2048
960
64
0
2176
1024
64
0
2304
1088
64
0
2432
1152
64
0
2560
1216
64
0
0
1280
64
1
2816
1344
64
0
2944
1408
64
0
3072
1472
64
0
3200
1536
64
0
3328
1600
64
0
3456
1664
64
0
0
1728
64
1
3712
1792
64
0
3840
1856
64
0
3968
1920
64
0
4096
1984
64
0
192
0
64
0
320
64
64
0
448
128
64
0
576
192
64
0
704
256
64
0
832
320
64
0
64
384
64
1
1088
448
64
0
1216
512
64
0
1344
576
64
0
1472
640
64
0
1600
704
64
0
1728
768
64
0
64
832
64
1
1984
896
64
0
2112
960
64
0
2240
1024
64
0
2368
1088
64
0
2496
1152
64
0
2624
1216
64
0
64
1280
64
1
2880
1344
64
0
3008
1408
64
0
3136
1472
64
0
3264
1536
64
0
3392
1600
64
0
3520
1664
64
0
64
1728
64
1
3776
1792
64
0
3904
1856
64
0
4032
1920
64
0
4160
1984
64
0
0
0
64
1
896
64
64
0
1024
128
64
0
1152
192
64
0
1280
256
64
0
1408
320
64
0
1536
384
64
0
0
448
64
1
1792
512
64
0
1920
576
64
0
2048
640
64
0
2176
704
64
0
2304
768
64
0
2432
832
64
0
0
896
64
1
2688
960
64
0
2816
1024
64
0
2944
1088
64
0
3072
1152
64
0
3200
1216
64
0
3328
1280
64
0
0
1344
64
1
3584
1408
64
0
3712
1472
64
0
3840
1536
64
0
3968
1600
64
0
4096
1664
64
0
4224
1728
64
0
0
1792
64
1
4480
1856
64
0
4608
1920
64
0
4736
1984
64
0
64
0
64
1
960
64
64
0
1088
128
64
0
1216
192
64
0
1344
256
64
0
1472
320
64
0
1600
384
64
0
64
448
64
1
1856
512
64
0
1984
576
64
0
2112
640
64
0
2240
704
64
0
2368
768
64
0
2496
832
64
0
64
896
64
1
2752
960
64
0
2880
1024
64
0
3008
1088
64
0
3136
1152
64
0
3264
1216
64
0
3392
1280
64
0
64
1344
64
1
3648
1408
64
0
3776
1472
64
0
3904
1536
64
0
4032
1600
64
0
4160
1664
64
0
4288
1728
64
0
64
1792
64
1
4544
1856
64
0
4672
1920
64
0
4800
1984
64
0
896
0
64
0
1024
64
64
0
1152
128
64
0
1280
192
64
0
1408
256
64
0
1536
320
64
0
1664
384
64
0
1792
448
64
0
1920
512
64
0
2048
576
64
0
2176
640
64
0
2304
704
64
0
2432
768
64
0
2560
832
64
0
2688
896
64
0
2816
960
64
0
2944
1024
64
0
3072
1088
64
0
3200
1152
64
0
3328
1216
64
0
3456
1280
64
0
3584
1344
64
0
3712
1408
64
0
3840
1472
64
0
3968
1536
64
0
4096
1600
64
0
4224
1664
64
0
4352
1728
64
0
4480
1792
64
0
4608
1856
64
0
4736
1920
64
0
4864
1984
64
0
960
0
64
0
1088
64
64
0
1216
128
64
0
1344
192
64
0
1472
256
64
0
1600
320
64
0
1728
384
64
0
1856
448
64
0
1984
512
64
0
2112
576
64
0
2240
640
64
0
2368
704
64
0
2496
768
64
0
2624
832
64
0
2752
896
64
0
2880
960
64
0
3008
1024
64
0
3136
1088
64
0
3264
1152
64
0
3392
1216
64
0
3520
1280
64
0
3648
1344
64
0
3776
1408
64
0
3904
1472
64
0
4032
1536
64
0
4160
1600
64
0
4288
1664
64
0
4416
1728
64
0
4544
1792
64
0
4672
1856
64
0
4800
1920
64
0
4928
1984
64
0
1024
0
64
0
1152
64
64
0
1280
128
64
0
1408
192
64
0
1536
256
64
0
1664
320
64
0
0
384
64
1
1920
448
64
0
2048
512
64
0
2176
576
64
0
2304
640
64
0
2432
704
64
0
2560
768
64
0
0
832
64
1
2816
896
64
0
2944
960
64
0
3072
1024
64
0
3200
1088
64
0
3328
1152
64
0
3456
1216
64
0
0
1280
64
1
3712
1344
64
0
3840
1408
64
0
3968
1472
64
0
4096
1536
64
0
4224
1600
64
0
4352
1664
64
0
0
1728
64
1
4608
1792
64
0
4736
1856
64
0
4864
1920
64
0
4992
1984
64
0
1088
0
64
0
1216
64
64
0
1344
128
64
0
1472
192
64
0
1600
256
64
0
1728
320
64
0
64
384
64
1
1984
448
64
0
2112
512
64
0
2240
576
64
0
2368
640
64
0
2496
704
64
0
2624
768
64
0
64
832
64
1
2880
896
64
0
3008
960
64
0
3136
1024
64
0
3264
1088
64
0
3392
1152
64
0
3520
1216
64
0
64
1280
64
1
3776
1344
64
0
3904
1408
64
0
4032
1472
64
0
4160
1536
64
0
4288
1600
64
0
4416
1664
64
0
64
1728
64
1
4672
1792
64
0
4800
1856
64
0
4928
1920
64
0
5056
1984
64
0
3072
0
64
0
3200
64
64
0
3328
128
64
0
0
192
64
1
3584
256
64
0
3712
320
64
0
3840
384
64
0
3968
448
64
0
4096
512
64
0
4224
576
64
0
0
640
64
1
4480
704
64
0
4608
768
64
0
4736
832
64
0
4864
896
64
0
4992
960
64
0
5120
1024
64
0
0
1088
64
1
0
1152
64
1
0
1216
64
1
0
1280
64
1
0
1344
64
1
0
1408
64
1
0
1472
64
1
0
1536
64
1
0
1600
64
1
0
1664
64
1
0
1728
64
1
0
1792
64
1
0
1856
64
1
0
1920
64
1
0
1984
64
1
3136
0
64
0
3264
64
64
0
3392
128
64
0
64
192
64
1
3648
256
64
0
3776
320
64
0
3904
384
64
0
4032
448
64
0
4160
512
64
0
4288
576
64
0
64
640
64
1
4544
704
64
0
4672
768
64
0
4800
832
64
0
4928
896
64
0
5056
960
64
0
5184
1024
64
0
64
1088
64
1
64
1152
64
1
64
1216
64
1
64
1280
64
1
64
1344
64
1
64
1408
64
1
64
1472
64
1
64
1536
64
1
64
1600
64
1
64
1664
64
1
64
1728
64
1
64
1792
64
1
64
1856
64
1
64
1920
64
1
64
1984
64
1
3200
0
64
0
3328
64
64
0
3456
128
64
0
3584
192
64
0
3712
256
64
0
3840
320
64
0
3968
384
64
0
4096
448
64
0
4224
512
64
0
4352
576
64
0
4480
640
64
0
4608
704
64
0
4736
768
64
0
4864
832
64
0
4992
896
64
0
5120
960
64
0
5248
1024
64
0
128
1088
64
1
128
1152
64
1
128
1216
64
1
128
1280
64
1
128
1344
64
1
128
1408
64
1
128
1472
64
1
128
1536
64
1
128
1600
64
1
128
1664
64
1
128
1728
64
1
128
1792
64
1
128
1856
64
1
128
1920
64
1
128
1984
64
1
3264
0
64
0
3392
64
64
0
3520
128
64
0
3648
192
64
0
3776
256
64
0
3904
320
64
0
4032
384
64
0
4160
448
64
0
4288
512
64
0
4416
576
64
0
4544
640
64
0
4672
704
64
0
4800
768
64
0
4928
832
64
0
5056
896
64
0
5184
960
64
0
5312
1024
64
0
192
1088
64
1
192
1152
64
1
192
1216
64
1
192
1280
64
1
192
1344
64
1
192
1408
64
1
192
1472
64
1
192
1536
64
1
192
1600
64
1
192
1664
64
1
192
1728
64
1
192
1792
64
1
192
1856
64
1
192
1920
64
1
192
1984
64
1
3328
0
64
0
3456
64
64
0
0
128
64
1
3712
192
64
0
3840
256
64
0
3968
320
64
0
4096
384
64
0
4224
448
64
0
4352
512
64
0
0
576
64
1
4608
640
64
0
4736
704
64
0
4864
768
64
0
4992
832
64
0
5120
896
64
0
5248
960
64
0
0
1024
64
1
256
1088
64
1
256
1152
64
1
256
1216
64
1
256
1280
64
1
256
1344
64
1
256
1408
64
1
256
1472
64
1
256
1536
64
1
256
1600
64
1
256
1664
64
1
256
1728
64
1
256
1792
64
1
256
1856
64
1
256
1920
64
1
256
1984
64
1
3392
0
64
0
3520
64
64
0
64
128
64
1
3776
192
64
0
3904
256
64
0
4032
320
64
0
4160
384
64
0
4288
448
64
0
4416
512
64
0
64
576
64
1
4672
640
64
0
4800
704
64
0
4928
768
64
0
5056
832
64
0
5184
896
64
0
5312
960
64
0
64
1024
64
1
320
1088
64
1
320
1152
64
1
320
1216
64
1
320
1280
64
1
320
1344
64
1
320
1408
64
1
320
1472
64
1
320
1536
64
1
320
1600
64
1
320
1664
64
1
320
1728
64
1
320
1792
64
1
320
1856
64
1
320
1920
64
1
320
1984
64
1
3968
0
64
0
4096
64
64
0
4224
128
64
0
0
192
64
1
4480
256
64
0
4608
320
64
0
4736
384
64
0
4864
448
64
0
4992
512
64
0
5120
576
64
0
0
640
64
1
5376
704
64
0
5504
768
64
0
5632
832
64
0
5760
896
64
0
5888
960
64
0
6016
1024
64
0
384
1088
64
1
384
1152
64
1
384
1216
64
1
384
1280
64
1
384
1344
64
1
384
1408
64
1
384
1472
64
1
384
1536
64
1
384
1600
64
1
384
1664
64
1
384
1728
64
1
384
1792
64
1
384
1856
64
1
384
1920
64
1
384
1984
64
1
4032
0
64
0
4160
64
64
0
4288
128
64
0
64
192
64
1
4544
256
64
0
4672
320
64
0
4800
384
64
0
4928
448
64
0
5056
512
64
0
5184
576
64
0
64
640
64
1
5440
704
64
0
5568
768
64
0
5696
832
64
0
5824
896
64
0
5952
960
64
0
6080
1024
64
0
448
1088
64
1
448
1152
64
1
448
1216
64
1
448
1280
64
1
448
1344
64
1
448
1408
64
1
448
1472
64
1
448
1536
64
1
448
1600
64
1
448
1664
64
1
448
1728
64
1
448
1792
64
1
448
1856
64
1
448
1920
64
1
448
1984
64
1
4096
0
64
0
4224
64
64
0
4352
128
64
0
4480
192
64
0
4608
256
64
0
4736
320
64
0
4864
384
64
0
4992
448
64
0
5120
512
64
0
5248
576
64
0
5376
640
64
0
5504
704
64
0
5632
768
64
0
5760
832
64
0
5888
896
64
0
6016
960
64
0
6144
1024
64
0
512
1088
64
1
512
1152
64
1
512
1216
64
1
512
1280
64
1
512
1344
64
1
512
1408
64
1
512
1472
64
1
512
1536
64
1
512
1600
64
1
512
1664
64
1
512
1728
64
1
512
1792
64
1
512
1856
64
1
512
1920
64
1
512
1984
64
1
4160
0
64
0
4288
64
64
0
4416
128
64
0
4544
192
64
0
4672
256
64
0
4800
320
64
0
4928
384
64
0
5056
448
64
0
5184
512
64
0
5312
576
64
0
5440
640
64
0
5568
704
64
0
5696
768
64
0
5824
832
64
0
5952
896
64
0
6080
960
64
0
6208
1024
64
0
576
1088
64
1
576
1152
64
1
576
1216
64
1
576
1280
64
1
576
1344
64
1
576
1408
64
1
576
1472
64
1
576
1536
64
1
576
1600
64
1
576
1664
64
1
576
1728
64
1
576
1792
64
1
576
1856
64
1
576
1920
64
1
576
1984
64
1
4224
0
64
0
4352
64
64
0
0
128
64
1
4608
192
64
0
4736
256
64
0
4864
320
64
0
4992
384
64
0
5120
448
64
0
5248
512
64
0
0
576
64
1
5504
640
64
0
5632
704
64
0
5760
768
64
0
5888
832
64
0
6016
896
64
0
6144
960
64
0
0
1024
64
1
640
1088
64
1
640
1152
64
1
640
1216
64
1
640
1280
64
1
640
1344
64
1
640
1408
64
1
640
1472
64
1
640
1536
64
1
640
1600
64
1
640
1664
64
1
640
1728
64
1
640
1792
64
1
640
1856
64
1
640
1920
64
1
640
1984
64
1
4288
0
64
0
4416
64
64
0
64
128
64
1
4672
192
64
0
4800
256
64
0
4928
320
64
0
5056
384
64
0
5184
448
64
0
5312
512
64
0
64
576
64
1
5568
640
64
0
5696
704
64
0
5824
768
64
0
5952
832
64
0
6080
896
64
0
6208
960
64
0
64
1024
64
1
704
1088
64
1
704
1152
64
1
704
1216
64
1
704
1280
64
1
704
1344
64
1
704
1408
64
1
704
1472
64
1
704
1536
64
1
704
1600
64
1
704
1664
64
1
704
1728
64
1
704
1792
64
1
704
1856
64
1
704
1920
64
1
704
1984
64
1
4864
0
64
0
4992
64
64
0
5120
128
64
0
0
192
64
1
5376
256
64
0
5504
320
64
0
5632
384
64
0
5760
448
64
0
5888
512
64
0
6016
576
64
0
0
640
64
1
0
704
64
1
0
768
64
1
0
832
64
1
0
896
64
1
0
960
64
1
0
1024
64
1
768
1088
64
1
768
1152
64
1
768
1216
64
1
768
1280
64
1
768
1344
64
1
768
1408
64
1
768
1472
64
1
768
1536
64
1
768
1600
64
1
768
1664
64
1
768
1728
64
1
768
1792
64
1
768
1856
64
1
768
1920
64
1
768
1984
64
1
4928
0
64
0
5056
64
64
0
5184
128
64
0
64
192
64
1
5440
256
64
0
5568
320
64
0
5696
384
64
0
5824
448
64
0
5952
512
64
0
6080
576
64
0
64
640
64
1
64
704
64
1
64
768
64
1
64
832
64
1
64
896
64
1
64
960
64
1
64
1024
64
1
832
1088
64
1
832
1152
64
1
832
1216
64
1
832
1280
64
1
832
1344
64
1
832
1408
64
1
832
1472
64
1
832
1536
64
1
832
1600
64
1
832
1664
64
1
832
1728
64
1
832
1792
64
1
832
1856
64
1
832
1920
64
1
832
1984
64
1
4992
0
64
0
5120
64
64
0
5248
128
64
0
5376
192
64
0
5504
256
64
0
5632
320
64
0
5760
384
64
0
5888
448
64
0
6016
512
64
0
6144
576
64
0
0
640
64
1
0
704
64
1
0
768
64
1
0
832
64
1
0
896
64
1
0
960
64
1
0
1024
64
1
896
1088
64
1
896
1152
64
1
896
1216
64
1
896
1280
64
1
896
1344
64
1
896
1408
64
1
896
1472
64
1
896
1536
64
1
896
1600
64
1
896
1664
64
1
896
1728
64
1
896
1792
64
1
896
1856
64
1
896
1920
64
1
896
1984
64
1
5056
0
64
0
5184
64
64
0
5312
128
64
0
5440
192
64
0
5568
256
64
0
5696
320
64
0
5824
384
64
0
5952
448
64
0
6080
512
64
0
6208
576
64
0
64
640
64
1
64
704
64
1
64
768
64
1
64
832
64
1
64
896
64
1
64
960
64
1
64
1024
64
1
960
1088
64
1
960
1152
64
1
960
1216
64
1
960
1280
64
1
960
1344
64
1
960
1408
64
1
960
1472
64
1
960
1536
64
1
960
1600
64
1
960
1664
64
1
960
1728
64
1
960
1792
64
1
960
1856
64
1
960
1920
64
1
960
1984
64
1
5120
0
64
0
5248
64
64
0
0
128
64
1
5504
192
64
0
5632
256
64
0
5760
320
64
0
5888
384
64
0
6016
448
64
0
6144
512
64
0
0
576
64
1
0
640
64
1
0
704
64
1
0
768
64
1
0
832
64
1
0
896
64
1
0
960
64
1
0
1024
64
1
1024
1088
64
1
1024
1152
64
1
1024
1216
64
1
1024
1280
64
1
1024
1344
64
1
1024
1408
64
1
1024
1472
64
1
1024
1536
64
1
1024
1600
64
1
1024
1664
64
1
1024
1728
64
1
1024
1792
64
1
1024
1856
64
1
1024
1920
64
1
1024
1984
64
1
5184
0
64
0
5312
64
64
0
64
128
64
1
5568
192
64
0
5696
256
64
0
5824
320
64
0
5952
384
64
0
6080
448
64
0
6208
512
64
0
64
576
64
1
64
640
64
1
64
704
64
1
64
768
64
1
64
832
64
1
64
896
64
1
64
960
64
1
64
1024
64
1
1088
1088
64
1
1088
1152
64
1
1088
1216
64
1
1088
1280
64
1
1088
1344
64
1
1088
1408
64
1
1088
1472
64
1
1088
1536
64
1
1088
1600
64
1
1088
1664
64
1
1088
1728
64
1
1088
1792
64
1
1088
1856
64
1
1088
1920
64
1
1088
1984
64
1
