0
0
64
0
128
64
64
0
256
128
64
0
384
192
64
0
512
256
64
0
1152
320
64
0
1280
384
64
0
1408
448
64
0
1536
512
64
0
1664
576
64
0
2304
640
64
0
2432
704
64
0
2560
768
64
0
2688
832
64
0
2816
896
64
0
3456
960
64
0
3584
1024
64
0
3712
1088
64
0
3840
1152
64
0
3968
1216
64
0
4608
1280
64
0
4736
1344
64
0
4864
1408
64
0
4992
1472
64
0
5120
1536
64
0
0
1600
64
1
0
1664
64
1
0
1728
64
1
0
1792
64
1
0
1856
64
1
0
1920
64
1
0
1984
64
1
64
0
64
0
192
64
64
0
320
128
64
0
448
192
64
0
576
256
64
0
1216
320
64
0
1344
384
64
0
1472
448
64
0
1600
512
64
0
1728
576
64
0
2368
640
64
0
2496
704
64
0
2624
768
64
0
2752
832
64
0
2880
896
64
0
3520
960
64
0
3648
1024
64
0
3776
1088
64
0
3904
1152
64
0
4032
1216
64
0
4672
1280
64
0
4800
1344
64
0
4928
1408
64
0
5056
1472
64
0
5184
1536
64
0
64
1600
64
1
64
1664
64
1
64
1728
64
1
64
1792
64
1
64
1856
64
1
64
1920
64
1
64
1984
64
1
128
0
64
0
256
64
64
0
384
128
64
0
512
192
64
0
640
256
64
0
1280
320
64
0
1408
384
64
0
1536
448
64
0
1664
512
64
0
1792
576
64
0
2432
640
64
0
2560
704
64
0
2688
768
64
0
2816
832
64
0
2944
896
64
0
3584
960
64
0
3712
1024
64
0
3840
1088
64
0
3968
1152
64
0
4096
1216
64
0
4736
1280
64
0
4864
1344
64
0
4992
1408
64
0
5120
1472
64
0
5248
1536
64
0
128
1600
64
1
128
1664
64
1
128
1728
64
1
128
1792
64
1
128
1856
64
1
128
1920
64
1
128
1984
64
1
192
0
64
0
320
64
64
0
448
128
64
0
576
192
64
0
704
256
64
0
1344
320
64
0
1472
384
64
0
1600
448
64
0
1728
512
64
0
1856
576
64
0
2496
640
64
0
2624
704
64
0
2752
768
64
0
2880
832
64
0
3008
896
64
0
3648
960
64
0
3776
1024
64
0
3904
1088
64
0
4032
1152
64
0
4160
1216
64
0
4800
1280
64
0
4928
1344
64
0
5056
1408
64
0
5184
1472
64
0
5312
1536
64
0
192
1600
64
1
192
1664
64
1
192
1728
64
1
192
1792
64
1
192
1856
64
1
192
1920
64
1
192
1984
64
1
256
0
64
0
384
64
64
0
512
128
64
0
640
192
64
0
768
256
64
0
1408
320
64
0
1536
384
64
0
1664
448
64
0
1792
512
64
0
1920
576
64
0
2560
640
64
0
2688
704
64
0
2816
768
64
0
2944
832
64
0
3072
896
64
0
3712
960
64
0
3840
1024
64
0
3968
1088
64
0
4096
1152
64
0
4224
1216
64
0
4864
1280
64
0
4992
1344
64
0
5120
1408
64
0
5248
1472
64
0
5376
1536
64
0
256
1600
64
1
256
1664
64
1
256
1728
64
1
256
1792
64
1
256
1856
64
1
256
1920
64
1
256
1984
64
1
320
0
64
0
448
64
64
0
576
128
64
0
704
192
64
0
832
256
64
0
1472
320
64
0
1600
384
64
0
1728
448
64
0
1856
512
64
0
1984
576
64
0
2624
640
64
0
2752
704
64
0
2880
768
64
0
3008
832
64
0
3136
896
64
0
3776
960
64
0
3904
1024
64
0
4032
1088
64
0
4160
1152
64
0
4288
1216
64
0
4928
1280
64
0
5056
1344
64
0
5184
1408
64
0
5312
1472
64
0
5440
1536
64
0
320
1600
64
1
320
1664
64
1
320
1728
64
1
320
1792
64
1
320
1856
64
1
320
1920
64
1
320
1984
64
1
384
0
64
0
512
64
64
0
640
128
64
0
768
192
64
0
896
256
64
0
1536
320
64
0
1664
384
64
0
1792
448
64
0
1920
512
64
0
2048
576
64
0
2688
640
64
0
2816
704
64
0
2944
768
64
0
3072
832
64
0
3200
896
64
0
3840
960
64
0
3968
1024
64
0
4096
1088
64
0
4224
1152
64
0
4352
1216
64
0
4992
1280
64
0
5120
1344
64
0
5248
1408
64
0
5376
1472
64
0
5504
1536
64
0
384
1600
64
1
384
1664
64
1
384
1728
64
1
384
1792
64
1
384
1856
64
1
384
1920
64
1
384
1984
64
1
448
0
64
0
576
64
64
0
704
128
64
0
832
192
64
0
960
256
64
0
1600
320
64
0
1728
384
64
0
1856
448
64
0
1984
512
64
0
2112
576
64
0
2752
640
64
0
2880
704
64
0
3008
768
64
0
3136
832
64
0
3264
896
64
0
3904
960
64
0
4032
1024
64
0
4160
1088
64
0
4288
1152
64
0
4416
1216
64
0
5056
1280
64
0
5184
1344
64
0
5312
1408
64
0
5440
1472
64
0
5568
1536
64
0
448
1600
64
1
448
1664
64
1
448
1728
64
1
448
1792
64
1
448
1856
64
1
448
1920
64
1
448
1984
64
1
512
0
64
0
640
64
64
0
768
128
64
0
896
192
64
0
1024
256
64
0
1664
320
64
0
1792
384
64
0
1920
448
64
0
2048
512
64
0
2176
576
64
0
2816
640
64
0
2944
704
64
0
3072
768
64
0
3200
832
64
0
3328
896
64
0
3968
960
64
0
4096
1024
64
0
4224
1088
64
0
4352
1152
64
0
4480
1216
64
0
5120
1280
64
0
5248
1344
64
0
5376
1408
64
0
5504
1472
64
0
5632
1536
64
0
512
1600
64
1
512
1664
64
1
512
1728
64
1
512
1792
64
1
512
1856
64
1
512
1920
64
1
512
1984
64
1
576
0
64
0
704
64
64
0
832
128
64
0
960
192
64
0
1088
256
64
0
1728
320
64
0
1856
384
64
0
1984
448
64
0
2112
512
64
0
2240
576
64
0
2880
640
64
0
3008
704
64
0
3136
768
64
0
3264
832
64
0
3392
896
64
0
4032
960
64
0
4160
1024
64
0
4288
1088
64
0
4416
1152
64
0
4544
1216
64
0
5184
1280
64
0
5312
1344
64
0
5440
1408
64
0
5568
1472
64
0
5696
1536
64
0
576
1600
64
1
576
1664
64
1
576
1728
64
1
576
1792
64
1
576
1856
64
1
576
1920
64
1
576
1984
64
1
1152
0
64
0
1280
64
64
0
1408
128
64
0
1536
192
64
0
1664
256
64
0
2304
320
64
0
2432
384
64
0
2560
448
64
0
2688
512
64
0
2816
576
64
0
3456
640
64
0
3584
704
64
0
3712
768
64
0
3840
832
64
0
3968
896
64
0
4608
960
64
0
4736
1024
64
0
4864
1088
64
0
4992
1152
64
0
5120
1216
64
0
5760
1280
64
0
5888
1344
64
0
6016
1408
64
0
6144
1472
64
0
6272
1536
64
0
640
1600
64
1
640
1664
64
1
640
1728
64
1
640
1792
64
1
640
1856
64
1
640
1920
64
1
640
1984
64
1
1216
0
64
0
1344
64
64
0
1472
128
64
0
1600
192
64
0
1728
256
64
0
2368
320
64
0
2496
384
64
0
2624
448
64
0
2752
512
64
0
2880
576
64
0
3520
640
64
0
3648
704
64
0
3776
768
64
0
3904
832
64
0
4032
896
64
0
4672
960
64
0
4800
1024
64
0
4928
1088
64
0
5056
1152
64
0
5184
1216
64
0
5824
1280
64
0
5952
1344
64
0
6080
1408
64
0
6208
1472
64
0
6336
1536
64
0
704
1600
64
1
704
1664
64
1
704
1728
64
1
704
1792
64
1
704
1856
64
1
704
1920
64
1
704
1984
64
1
1280
0
64
0
1408
64
64
0
1536
128
64
0
1664
192
64
0
1792
256
64
0
2432
320
64
0
2560
384
64
0
2688
448
64
0
2816
512
64
0
2944
576
64
0
3584
640
64
0
3712
704
64
0
3840
768
64
0
3968
832
64
0
4096
896
64
0
4736
960
64
0
4864
1024
64
0
4992
1088
64
0
5120
1152
64
0
5248
1216
64
0
5888
1280
64
0
6016
1344
64
0
6144
1408
64
0
6272
1472
64
0
6400
1536
64
0
768
1600
64
1
768
1664
64
1
768
1728
64
1
768
1792
64
1
768
1856
64
1
768
1920
64
1
768
1984
64
1
1344
0
64
0
1472
64
64
0
1600
128
64
0
1728
192
64
0
1856
256
64
0
2496
320
64
0
2624
384
64
0
2752
448
64
0
2880
512
64
0
3008
576
64
0
3648
640
64
0
3776
704
64
0
3904
768
64
0
4032
832
64
0
4160
896
64
0
4800
960
64
0
4928
1024
64
0
5056
1088
64
0
5184
1152
64
0
5312
1216
64
0
5952
1280
64
0
6080
1344
64
0
6208
1408
64
0
6336
1472
64
0
6464
1536
64
0
832
1600
64
1
832
1664
64
1
832
1728
64
1
832
1792
64
1
832
1856
64
1
832
1920
64
1
832
1984
64
1
1408
0
64
0
1536
64
64
0
1664
128
64
0
1792
192
64
0
1920
256
64
0
2560
320
64
0
2688
384
64
0
2816
448
64
0
2944
512
64
0
3072
576
64
0
3712
640
64
0
3840
704
64
0
3968
768
64
0
4096
832
64
0
4224
896
64
0
4864
960
64
0
4992
1024
64
0
5120
1088
64
0
5248
1152
64
0
5376
1216
64
0
6016
1280
64
0
6144
1344
64
0
6272
1408
64
0
6400
1472
64
0
6528
1536
64
0
896
1600
64
1
896
1664
64
1
896
1728
64
1
896
1792
64
1
896
1856
64
1
896
1920
64
1
896
1984
64
1
1472
0
64
0
1600
64
64
0
1728
128
64
0
1856
192
64
0
1984
256
64
0
2624
320
64
0
2752
384
64
0
2880
448
64
0
3008
512
64
0
3136
576
64
0
3776
640
64
0
3904
704
64
0
4032
768
64
0
4160
832
64
0
4288
896
64
0
4928
960
64
0
5056
1024
64
0
5184
1088
64
0
5312
1152
64
0
5440
1216
64
0
6080
1280
64
0
6208
1344
64
0
6336
1408
64
0
6464
1472
64
0
6592
1536
64
0
960
1600
64
1
960
1664
64
1
960
1728
64
1
960
1792
64
1
960
1856
64
1
960
1920
64
1
960
1984
64
1
1536
0
64
0
1664
64
64
0
1792
128
64
0
1920
192
64
0
2048
256
64
0
2688
320
64
0
2816
384
64
0
2944
448
64
0
3072
512
64
0
3200
576
64
0
3840
640
64
0
3968
704
64
0
4096
768
64
0
4224
832
64
0
4352
896
64
0
4992
960
64
0
5120
1024
64
0
5248
1088
64
0
5376
1152
64
0
5504
1216
64
0
6144
1280
64
0
6272
1344
64
0
6400
1408
64
0
6528
1472
64
0
6656
1536
64
0
1024
1600
64
1
1024
1664
64
1
1024
1728
64
1
1024
1792
64
1
1024
1856
64
1
1024
1920
64
1
1024
1984
64
1
1600
0
64
0
1728
64
64
0
1856
128
64
0
1984
192
64
0
2112
256
64
0
2752
320
64
0
2880
384
64
0
3008
448
64
0
3136
512
64
0
3264
576
64
0
3904
640
64
0
4032
704
64
0
4160
768
64
0
4288
832
64
0
4416
896
64
0
5056
960
64
0
5184
1024
64
0
5312
1088
64
0
5440
1152
64
0
5568
1216
64
0
6208
1280
64
0
6336
1344
64
0
6464
1408
64
0
6592
1472
64
0
6720
1536
64
0
1088
1600
64
1
1088
1664
64
1
1088
1728
64
1
1088
1792
64
1
1088
1856
64
1
1088
1920
64
1
1088
1984
64
1
1664
0
64
0
1792
64
64
0
1920
128
64
0
2048
192
64
0
2176
256
64
0
2816
320
64
0
2944
384
64
0
3072
448
64
0
3200
512
64
0
3328
576
64
0
3968
640
64
0
4096
704
64
0
4224
768
64
0
4352
832
64
0
4480
896
64
0
5120
960
64
0
5248
1024
64
0
5376
1088
64
0
5504
1152
64
0
5632
1216
64
0
6272
1280
64
0
6400
1344
64
0
6528
1408
64
0
6656
1472
64
0
6784
1536
64
0
1152
1600
64
1
1152
1664
64
1
1152
1728
64
1
1152
1792
64
1
1152
1856
64
1
1152
1920
64
1
1152
1984
64
1
1728
0
64
0
1856
64
64
0
1984
128
64
0
2112
192
64
0
2240
256
64
0
2880
320
64
0
3008
384
64
0
3136
448
64
0
3264
512
64
0
3392
576
64
0
4032
640
64
0
4160
704
64
0
4288
768
64
0
4416
832
64
0
4544
896
64
0
5184
960
64
0
5312
1024
64
0
5440
1088
64
0
5568
1152
64
0
5696
1216
64
0
6336
1280
64
0
6464
1344
64
0
6592
1408
64
0
6720
1472
64
0
6848
1536
64
0
1216
1600
64
1
1216
1664
64
1
1216
1728
64
1
1216
1792
64
1
1216
1856
64
1
1216
1920
64
1
1216
1984
64
1
2304
0
64
0
2432
64
64
0
2560
128
64
0
2688
192
64
0
2816
256
64
0
3456
320
64
0
3584
384
64
0
3712
448
64
0
3840
512
64
0
3968
576
64
0
4608
640
64
0
4736
704
64
0
4864
768
64
0
4992
832
64
0
5120
896
64
0
5760
960
64
0
5888
1024
64
0
6016
1088
64
0
6144
1152
64
0
6272
1216
64
0
6912
1280
64
0
7040
1344
64
0
7168
1408
64
0
7296
1472
64
0
7424
1536
64
0
1280
1600
64
1
1280
1664
64
1
1280
1728
64
1
1280
1792
64
1
1280
1856
64
1
1280
1920
64
1
1280
1984
64
1
2368
0
64
0
2496
64
64
0
2624
128
64
0
2752
192
64
0
2880
256
64
0
3520
320
64
0
3648
384
64
0
3776
448
64
0
3904
512
64
0
4032
576
64
0
4672
640
64
0
4800
704
64
0
4928
768
64
0
5056
832
64
0
5184
896
64
0
5824
960
64
0
5952
1024
64
0
6080
1088
64
0
6208
1152
64
0
6336
1216
64
0
6976
1280
64
0
7104
1344
64
0
7232
1408
64
0
7360
1472
64
0
7488
1536
64
0
1344
1600
64
1
1344
1664
64
1
1344
1728
64
1
1344
1792
64
1
1344
1856
64
1
1344
1920
64
1
1344
1984
64
1
2432
0
64
0
2560
64
64
0
2688
128
64
0
2816
192
64
0
2944
256
64
0
3584
320
64
0
3712
384
64
0
3840
448
64
0
3968
512
64
0
4096
576
64
0
4736
640
64
0
4864
704
64
0
4992
768
64
0
5120
832
64
0
5248
896
64
0
5888
960
64
0
6016
1024
64
0
6144
1088
64
0
6272
1152
64
0
6400
1216
64
0
7040
1280
64
0
7168
1344
64
0
7296
1408
64
0
7424
1472
64
0
7552
1536
64
0
1408
1600
64
1
1408
1664
64
1
1408
1728
64
1
1408
1792
64
1
1408
1856
64
1
1408
1920
64
1
1408
1984
64
1
2496
0
64
0
2624
64
64
0
2752
128
64
0
2880
192
64
0
3008
256
64
0
3648
320
64
0
3776
384
64
0
3904
448
64
0
4032
512
64
0
4160
576
64
0
4800
640
64
0
4928
704
64
0
5056
768
64
0
5184
832
64
0
5312
896
64
0
5952
960
64
0
6080
1024
64
0
6208
1088
64
0
6336
1152
64
0
6464
1216
64
0
7104
1280
64
0
7232
1344
64
0
7360
1408
64
0
7488
1472
64
0
7616
1536
64
0
1472
1600
64
1
1472
1664
64
1
1472
1728
64
1
1472
1792
64
1
1472
1856
64
1
1472
1920
64
1
1472
1984
64
1
2560
0
64
0
2688
64
64
0
2816
128
64
0
2944
192
64
0
3072
256
64
0
3712
320
64
0
3840
384
64
0
3968
448
64
0
4096
512
64
0
4224
576
64
0
4864
640
64
0
4992
704
64
0
5120
768
64
0
5248
832
64
0
5376
896
64
0
6016
960
64
0
6144
1024
64
0
6272
1088
64
0
6400
1152
64
0
6528
1216
64
0
7168
1280
64
0
7296
1344
64
0
7424
1408
64
0
7552
1472
64
0
7680
1536
64
0
1536
1600
64
1
1536
1664
64
1
1536
1728
64
1
1536
1792
64
1
1536
1856
64
1
1536
1920
64
1
1536
1984
64
1
2624
0
64
0
2752
64
64
0
2880
128
64
0
3008
192
64
0
3136
256
64
0
3776
320
64
0
3904
384
64
0
4032
448
64
0
4160
512
64
0
4288
576
64
0
4928
640
64
0
5056
704
64
0
5184
768
64
0
5312
832
64
0
5440
896
64
0
6080
960
64
0
6208
1024
64
0
6336
1088
64
0
6464
1152
64
0
6592
1216
64
0
7232
1280
64
0
7360
1344
64
0
7488
1408
64
0
7616
1472
64
0
7744
1536
64
0
1600
1600
64
1
1600
1664
64
1
1600
1728
64
1
1600
1792
64
1
1600
1856
64
1
1600
1920
64
1
1600
1984
64
1
2688
0
64
0
2816
64
64
0
2944
128
64
0
3072
192
64
0
3200
256
64
0
3840
320
64
0
3968
384
64
0
4096
448
64
0
4224
512
64
0
4352
576
64
0
4992
640
64
0
5120
704
64
0
5248
768
64
0
5376
832
64
0
5504
896
64
0
6144
960
64
0
6272
1024
64
0
6400
1088
64
0
6528
1152
64
0
6656
1216
64
0
7296
1280
64
0
7424
1344
64
0
7552
1408
64
0
7680
1472
64
0
7808
1536
64
0
1664
1600
64
1
1664
1664
64
1
1664
1728
64
1
1664
1792
64
1
1664
1856
64
1
1664
1920
64
1
1664
1984
64
1
2752
0
64
0
2880
64
64
0
3008
128
64
0
3136
192
64
0
3264
256
64
0
3904
320
64
0
4032
384
64
0
4160
448
64
0
4288
512
64
0
4416
576
64
0
5056
640
64
0
5184
704
64
0
5312
768
64
0
5440
832
64
0
5568
896
64
0
6208
960
64
0
6336
1024
64
0
6464
1088
64
0
6592
1152
64
0
6720
1216
64
0
7360
1280
64
0
7488
1344
64
0
7616
1408
64
0
7744
1472
64
0
7872
1536
64
0
1728
1600
64
1
1728
1664
64
1
1728
1728
64
1
1728
1792
64
1
1728
1856
64
1
1728
1920
64
1
1728
1984
64
1
2816
0
64
0
2944
64
64
0
3072
128
64
0
3200
192
64
0
3328
256
64
0
3968
320
64
0
4096
384
64
0
4224
448
64
0
4352
512
64
0
4480
576
64
0
5120
640
64
0
5248
704
64
0
5376
768
64
0
5504
832
64
0
5632
896
64
0
6272
960
64
0
6400
1024
64
0
6528
1088
64
0
6656
1152
64
0
6784
1216
64
0
7424
1280
64
0
7552
1344
64
0
7680
1408
64
0
7808
1472
64
0
7936
1536
64
0
1792
1600
64
1
1792
1664
64
1
1792
1728
64
1
1792
1792
64
1
1792
1856
64
1
1792
1920
64
1
1792
1984
64
1
2880
0
64
0
3008
64
64
0
3136
128
64
0
3264
192
64
0
3392
256
64
0
4032
320
64
0
4160
384
64
0
4288
448
64
0
4416
512
64
0
4544
576
64
0
5184
640
64
0
5312
704
64
0
5440
768
64
0
5568
832
64
0
5696
896
64
0
6336
960
64
0
6464
1024
64
0
6592
1088
64
0
6720
1152
64
0
6848
1216
64
0
7488
1280
64
0
7616
1344
64
0
7744
1408
64
0
7872
1472
64
0
8000
1536
64
0
1856
1600
64
1
1856
1664
64
1
1856
1728
64
1
1856
1792
64
1
1856
1856
64
1
1856
1920
64
1
1856
1984
64
1
3456
0
64
0
3584
64
64
0
3712
128
64
0
3840
192
64
0
3968
256
64
0
4608
320
64
0
4736
384
64
0
4864
448
64
0
4992
512
64
0
5120
576
64
0
5760
640
64
0
5888
704
64
0
6016
768
64
0
6144
832
64
0
6272
896
64
0
6912
960
64
0
7040
1024
64
0
7168
1088
64
0
7296
1152
64
0
7424
1216
64
0
8064
1280
64
0
8192
1344
64
0
8320
1408
64
0
8448
1472
64
0
8576
1536
64
0
1920
1600
64
1
1920
1664
64
1
1920
1728
64
1
1920
1792
64
1
1920
1856
64
1
1920
1920
64
1
1920
1984
64
1
3520
0
64
0
3648
64
64
0
3776
128
64
0
3904
192
64
0
4032
256
64
0
4672
320
64
0
4800
384
64
0
4928
448
64
0
5056
512
64
0
5184
576
64
0
5824
640
64
0
5952
704
64
0
6080
768
64
0
6208
832
64
0
6336
896
64
0
6976
960
64
0
7104
1024
64
0
7232
1088
64
0
7360
1152
64
0
7488
1216
64
0
8128
1280
64
0
8256
1344
64
0
8384
1408
64
0
8512
1472
64
0
8640
1536
64
0
1984
1600
64
1
1984
1664
64
1
1984
1728
64
1
1984
1792
64
1
1984
1856
64
1
1984
1920
64
1
1984
1984
64
1
3584
0
64
0
3712
64
64
0
3840
128
64
0
3968
192
64
0
4096
256
64
0
4736
320
64
0
4864
384
64
0
4992
448
64
0
5120
512
64
0
5248
576
64
0
5888
640
64
0
6016
704
64
0
6144
768
64
0
6272
832
64
0
6400
896
64
0
7040
960
64
0
7168
1024
64
0
7296
1088
64
0
7424
1152
64
0
7552
1216
64
0
8192
1280
64
0
8320
1344
64
0
8448
1408
64
0
8576
1472
64
0
8704
1536
64
0
2048
1600
64
1
2048
1664
64
1
2048
1728
64
1
2048
1792
64
1
2048
1856
64
1
2048
1920
64
1
2048
1984
64
1
3648
0
64
0
3776
64
64
0
3904
128
64
0
4032
192
64
0
4160
256
64
0
4800
320
64
0
4928
384
64
0
5056
448
64
0
5184
512
64
0
5312
576
64
0
5952
640
64
0
6080
704
64
0
6208
768
64
0
6336
832
64
0
6464
896
64
0
7104
960
64
0
7232
1024
64
0
7360
1088
64
0
7488
1152
64
0
7616
1216
64
0
8256
1280
64
0
8384
1344
64
0
8512
1408
64
0
8640
1472
64
0
8768
1536
64
0
2112
1600
64
1
2112
1664
64
1
2112
1728
64
1
2112
1792
64
1
2112
1856
64
1
2112
1920
64
1
2112
1984
64
1
3712
0
64
0
3840
64
64
0
3968
128
64
0
4096
192
64
0
4224
256
64
0
4864
320
64
0
4992
384
64
0
5120
448
64
0
5248
512
64
0
5376
576
64
0
6016
640
64
0
6144
704
64
0
6272
768
64
0
6400
832
64
0
6528
896
64
0
7168
960
64
0
7296
1024
64
0
7424
1088
64
0
7552
1152
64
0
7680
1216
64
0
8320
1280
64
0
8448
1344
64
0
8576
1408
64
0
8704
1472
64
0
8832
1536
64
0
2176
1600
64
1
2176
1664
64
1
2176
1728
64
1
2176
1792
64
1
2176
1856
64
1
2176
1920
64
1
2176
1984
64
1
3776
0
64
0
3904
64
64
0
4032
128
64
0
4160
192
64
0
4288
256
64
0
4928
320
64
0
5056
384
64
0
5184
448
64
0
5312
512
64
0
5440
576
64
0
6080
640
64
0
6208
704
64
0
6336
768
64
0
6464
832
64
0
6592
896
64
0
7232
960
64
0
7360
1024
64
0
7488
1088
64
0
7616
1152
64
0
7744
1216
64
0
8384
1280
64
0
8512
1344
64
0
8640
1408
64
0
8768
1472
64
0
8896
1536
64
0
2240
1600
64
1
2240
1664
64
1
2240
1728
64
1
2240
1792
64
1
2240
1856
64
1
2240
1920
64
1
2240
1984
64
1
3840
0
64
0
3968
64
64
0
4096
128
64
0
4224
192
64
0
4352
256
64
0
4992
320
64
0
5120
384
64
0
5248
448
64
0
5376
512
64
0
5504
576
64
0
6144
640
64
0
6272
704
64
0
6400
768
64
0
6528
832
64
0
6656
896
64
0
7296
960
64
0
7424
1024
64
0
7552
1088
64
0
7680
1152
64
0
7808
1216
64
0
8448
1280
64
0
8576
1344
64
0
8704
1408
64
0
8832
1472
64
0
8960
1536
64
0
2304
1600
64
1
2304
1664
64
1
2304
1728
64
1
2304
1792
64
1
2304
1856
64
1
2304
1920
64
1
2304
1984
64
1
3904
0
64
0
4032
64
64
0
4160
128
64
0
4288
192
64
0
4416
256
64
0
5056
320
64
0
5184
384
64
0
5312
448
64
0
5440
512
64
0
5568
576
64
0
6208
640
64
0
6336
704
64
0
6464
768
64
0
6592
832
64
0
6720
896
64
0
7360
960
64
0
7488
1024
64
0
7616
1088
64
0
7744
1152
64
0
7872
1216
64
0
8512
1280
64
0
8640
1344
64
0
8768
1408
64
0
8896
1472
64
0
9024
1536
64
0
2368
1600
64
1
2368
1664
64
1
2368
1728
64
1
2368
1792
64
1
2368
1856
64
1
2368
1920
64
1
2368
1984
64
1
3968
0
64
0
4096
64
64
0
4224
128
64
0
4352
192
64
0
4480
256
64
0
5120
320
64
0
5248
384
64
0
5376
448
64
0
5504
512
64
0
5632
576
64
0
6272
640
64
0
6400
704
64
0
6528
768
64
0
6656
832
64
0
6784
896
64
0
7424
960
64
0
7552
1024
64
0
7680
1088
64
0
7808
1152
64
0
7936
1216
64
0
8576
1280
64
0
8704
1344
64
0
8832
1408
64
0
8960
1472
64
0
9088
1536
64
0
2432
1600
64
1
2432
1664
64
1
2432
1728
64
1
2432
1792
64
1
2432
1856
64
1
2432
1920
64
1
2432
1984
64
1
4032
0
64
0
4160
64
64
0
4288
128
64
0
4416
192
64
0
4544
256
64
0
5184
320
64
0
5312
384
64
0
5440
448
64
0
5568
512
64
0
5696
576
64
0
6336
640
64
0
6464
704
64
0
6592
768
64
0
6720
832
64
0
6848
896
64
0
7488
960
64
0
7616
1024
64
0
7744
1088
64
0
7872
1152
64
0
8000
1216
64
0
8640
1280
64
0
8768
1344
64
0
8896
1408
64
0
9024
1472
64
0
9152
1536
64
0
2496
1600
64
1
2496
1664
64
1
2496
1728
64
1
2496
1792
64
1
2496
1856
64
1
2496
1920
64
1
2496
1984
64
1
4608
0
64
0
4736
64
64
0
4864
128
64
0
4992
192
64
0
5120
256
64
0
5760
320
64
0
5888
384
64
0
6016
448
64
0
6144
512
64
0
6272
576
64
0
6912
640
64
0
7040
704
64
0
7168
768
64
0
7296
832
64
0
7424
896
64
0
8064
960
64
0
8192
1024
64
0
8320
1088
64
0
8448
1152
64
0
8576
1216
64
0
9216
1280
64
0
9344
1344
64
0
9472
1408
64
0
9600
1472
64
0
9728
1536
64
0
2560
1600
64
1
2560
1664
64
1
2560
1728
64
1
2560
1792
64
1
2560
1856
64
1
2560
1920
64
1
2560
1984
64
1
4672
0
64
0
4800
64
64
0
4928
128
64
0
5056
192
64
0
5184
256
64
0
5824
320
64
0
5952
384
64
0
6080
448
64
0
6208
512
64
0
6336
576
64
0
6976
640
64
0
7104
704
64
0
7232
768
64
0
7360
832
64
0
7488
896
64
0
8128
960
64
0
8256
1024
64
0
8384
1088
64
0
8512
1152
64
0
8640
1216
64
0
9280
1280
64
0
9408
1344
64
0
9536
1408
64
0
9664
1472
64
0
9792
1536
64
0
2624
1600
64
1
2624
1664
64
1
2624
1728
64
1
2624
1792
64
1
2624
1856
64
1
2624
1920
64
1
2624
1984
64
1
4736
0
64
0
4864
64
64
0
4992
128
64
0
5120
192
64
0
5248
256
64
0
5888
320
64
0
6016
384
64
0
6144
448
64
0
6272
512
64
0
6400
576
64
0
7040
640
64
0
7168
704
64
0
7296
768
64
0
7424
832
64
0
7552
896
64
0
8192
960
64
0
8320
1024
64
0
8448
1088
64
0
8576
1152
64
0
8704
1216
64
0
9344
1280
64
0
9472
1344
64
0
9600
1408
64
0
9728
1472
64
0
9856
1536
64
0
2688
1600
64
1
2688
1664
64
1
2688
1728
64
1
2688
1792
64
1
2688
1856
64
1
2688
1920
64
1
2688
1984
64
1
4800
0
64
0
4928
64
64
0
5056
128
64
0
5184
192
64
0
5312
256
64
0
5952
320
64
0
6080
384
64
0
6208
448
64
0
6336
512
64
0
6464
576
64
0
7104
640
64
0
7232
704
64
0
7360
768
64
0
7488
832
64
0
7616
896
64
0
8256
960
64
0
8384
1024
64
0
8512
1088
64
0
8640
1152
64
0
8768
1216
64
0
9408
1280
64
0
9536
1344
64
0
9664
1408
64
0
9792
1472
64
0
9920
1536
64
0
2752
1600
64
1
2752
1664
64
1
2752
1728
64
1
2752
1792
64
1
2752
1856
64
1
2752
1920
64
1
2752
1984
64
1
4864
0
64
0
4992
64
64
0
5120
128
64
0
5248
192
64
0
5376
256
64
0
6016
320
64
0
6144
384
64
0
6272
448
64
0
6400
512
64
0
6528
576
64
0
7168
640
64
0
7296
704
64
0
7424
768
64
0
7552
832
64
0
7680
896
64
0
8320
960
64
0
8448
1024
64
0
8576
1088
64
0
8704
1152
64
0
8832
1216
64
0
9472
1280
64
0
9600
1344
64
0
9728
1408
64
0
9856
1472
64
0
9984
1536
64
0
2816
1600
64
1
2816
1664
64
1
2816
1728
64
1
2816
1792
64
1
2816
1856
64
1
2816
1920
64
1
2816
1984
64
1
4928
0
64
0
5056
64
64
0
5184
128
64
0
5312
192
64
0
5440
256
64
0
6080
320
64
0
6208
384
64
0
6336
448
64
0
6464
512
64
0
6592
576
64
0
7232
640
64
0
7360
704
64
0
7488
768
64
0
7616
832
64
0
7744
896
64
0
8384
960
64
0
8512
1024
64
0
8640
1088
64
0
8768
1152
64
0
8896
1216
64
0
9536
1280
64
0
9664
1344
64
0
9792
1408
64
0
9920
1472
64
0
10048
1536
64
0
2880
1600
64
1
2880
1664
64
1
2880
1728
64
1
2880
1792
64
1
2880
1856
64
1
2880
1920
64
1
2880
1984
64
1
4992
0
64
0
5120
64
64
0
5248
128
64
0
5376
192
64
0
5504
256
64
0
6144
320
64
0
6272
384
64
0
6400
448
64
0
6528
512
64
0
6656
576
64
0
7296
640
64
0
7424
704
64
0
7552
768
64
0
7680
832
64
0
7808
896
64
0
8448
960
64
0
8576
1024
64
0
8704
1088
64
0
8832
1152
64
0
8960
1216
64
0
9600
1280
64
0
9728
1344
64
0
9856
1408
64
0
9984
1472
64
0
10112
1536
64
0
2944
1600
64
1
2944
1664
64
1
2944
1728
64
1
2944
1792
64
1
2944
1856
64
1
2944
1920
64
1
2944
1984
64
1
5056
0
64
0
5184
64
64
0
5312
128
64
0
5440
192
64
0
5568
256
64
0
6208
320
64
0
6336
384
64
0
6464
448
64
0
6592
512
64
0
6720
576
64
0
7360
640
64
0
7488
704
64
0
7616
768
64
0
7744
832
64
0
7872
896
64
0
8512
960
64
0
8640
1024
64
0
8768
1088
64
0
8896
1152
64
0
9024
1216
64
0
9664
1280
64
0
9792
1344
64
0
9920
1408
64
0
10048
1472
64
0
10176
1536
64
0
3008
1600
64
1
3008
1664
64
1
3008
1728
64
1
3008
1792
64
1
3008
1856
64
1
3008
1920
64
1
3008
1984
64
1
5120
0
64
0
5248
64
64
0
5376
128
64
0
5504
192
64
0
5632
256
64
0
6272
320
64
0
6400
384
64
0
6528
448
64
0
6656
512
64
0
6784
576
64
0
7424
640
64
0
7552
704
64
0
7680
768
64
0
7808
832
64
0
7936
896
64
0
8576
960
64
0
8704
1024
64
0
8832
1088
64
0
8960
1152
64
0
9088
1216
64
0
9728
1280
64
0
9856
1344
64
0
9984
1408
64
0
10112
1472
64
0
10240
1536
64
0
3072
1600
64
1
3072
1664
64
1
3072
1728
64
1
3072
1792
64
1
3072
1856
64
1
3072
1920
64
1
3072
1984
64
1
5184
0
64
0
5312
64
64
0
5440
128
64
0
5568
192
64
0
5696
256
64
0
6336
320
64
0
6464
384
64
0
6592
448
64
0
6720
512
64
0
6848
576
64
0
7488
640
64
0
7616
704
64
0
7744
768
64
0
7872
832
64
0
8000
896
64
0
8640
960
64
0
8768
1024
64
0
8896
1088
64
0
9024
1152
64
0
9152
1216
64
0
9792
1280
64
0
9920
1344
64
0
10048
1408
64
0
10176
1472
64
0
10304
1536
64
0
3136
1600
64
1
3136
1664
64
1
3136
1728
64
1
3136
1792
64
1
3136
1856
64
1
3136
1920
64
1
3136
1984
64
1
