0
0
64
0
2048
64
64
0
4096
128
64
0
6144
192
64
0
8192
256
64
0
10240
320
64
0
12288
384
64
0
14336
448
64
0
16384
512
64
0
18432
576
64
0
20480
640
64
0
22528
704
64
0
24576
768
64
0
26624
832
64
0
28672
896
64
0
30720
960
64
0
0
1024
64
1
0
1088
64
1
0
1152
64
1
0
1216
64
1
0
1280
64
1
0
1344
64
1
0
1408
64
1
0
1472
64
1
0
1536
64
1
0
1600
64
1
0
1664
64
1
0
1728
64
1
0
1792
64
1
0
1856
64
1
0
1920
64
1
0
1984
64
1
64
0
64
0
2112
64
64
0
4160
128
64
0
6208
192
64
0
8256
256
64
0
10304
320
64
0
12352
384
64
0
14400
448
64
0
16448
512
64
0
18496
576
64
0
20544
640
64
0
22592
704
64
0
24640
768
64
0
26688
832
64
0
28736
896
64
0
30784
960
64
0
64
1024
64
1
64
1088
64
1
64
1152
64
1
64
1216
64
1
64
1280
64
1
64
1344
64
1
64
1408
64
1
64
1472
64
1
64
1536
64
1
64
1600
64
1
64
1664
64
1
64
1728
64
1
64
1792
64
1
64
1856
64
1
64
1920
64
1
64
1984
64
1
128
0
64
0
2176
64
64
0
4224
128
64
0
6272
192
64
0
8320
256
64
0
10368
320
64
0
12416
384
64
0
14464
448
64
0
16512
512
64
0
18560
576
64
0
20608
640
64
0
22656
704
64
0
24704
768
64
0
26752
832
64
0
28800
896
64
0
30848
960
64
0
128
1024
64
1
128
1088
64
1
128
1152
64
1
128
1216
64
1
128
1280
64
1
128
1344
64
1
128
1408
64
1
128
1472
64
1
128
1536
64
1
128
1600
64
1
128
1664
64
1
128
1728
64
1
128
1792
64
1
128
1856
64
1
128
1920
64
1
128
1984
64
1
192
0
64
0
2240
64
64
0
4288
128
64
0
6336
192
64
0
8384
256
64
0
10432
320
64
0
12480
384
64
0
14528
448
64
0
16576
512
64
0
18624
576
64
0
20672
640
64
0
22720
704
64
0
24768
768
64
0
26816
832
64
0
28864
896
64
0
30912
960
64
0
192
1024
64
1
192
1088
64
1
192
1152
64
1
192
1216
64
1
192
1280
64
1
192
1344
64
1
192
1408
64
1
192
1472
64
1
192
1536
64
1
192
1600
64
1
192
1664
64
1
192
1728
64
1
192
1792
64
1
192
1856
64
1
192
1920
64
1
192
1984
64
1
256
0
64
0
2304
64
64
0
4352
128
64
0
6400
192
64
0
8448
256
64
0
10496
320
64
0
12544
384
64
0
14592
448
64
0
16640
512
64
0
18688
576
64
0
20736
640
64
0
22784
704
64
0
24832
768
64
0
26880
832
64
0
28928
896
64
0
30976
960
64
0
256
1024
64
1
256
1088
64
1
256
1152
64
1
256
1216
64
1
256
1280
64
1
256
1344
64
1
256
1408
64
1
256
1472
64
1
256
1536
64
1
256
1600
64
1
256
1664
64
1
256
1728
64
1
256
1792
64
1
256
1856
64
1
256
1920
64
1
256
1984
64
1
320
0
64
0
2368
64
64
0
4416
128
64
0
6464
192
64
0
8512
256
64
0
10560
320
64
0
12608
384
64
0
14656
448
64
0
16704
512
64
0
18752
576
64
0
20800
640
64
0
22848
704
64
0
24896
768
64
0
26944
832
64
0
28992
896
64
0
31040
960
64
0
320
1024
64
1
320
1088
64
1
320
1152
64
1
320
1216
64
1
320
1280
64
1
320
1344
64
1
320
1408
64
1
320
1472
64
1
320
1536
64
1
320
1600
64
1
320
1664
64
1
320
1728
64
1
320
1792
64
1
320
1856
64
1
320
1920
64
1
320
1984
64
1
384
0
64
0
2432
64
64
0
4480
128
64
0
6528
192
64
0
8576
256
64
0
10624
320
64
0
12672
384
64
0
14720
448
64
0
16768
512
64
0
18816
576
64
0
20864
640
64
0
22912
704
64
0
24960
768
64
0
27008
832
64
0
29056
896
64
0
31104
960
64
0
384
1024
64
1
384
1088
64
1
384
1152
64
1
384
1216
64
1
384
1280
64
1
384
1344
64
1
384
1408
64
1
384
1472
64
1
384
1536
64
1
384
1600
64
1
384
1664
64
1
384
1728
64
1
384
1792
64
1
384
1856
64
1
384
1920
64
1
384
1984
64
1
448
0
64
0
2496
64
64
0
4544
128
64
0
6592
192
64
0
8640
256
64
0
10688
320
64
0
12736
384
64
0
14784
448
64
0
16832
512
64
0
18880
576
64
0
20928
640
64
0
22976
704
64
0
25024
768
64
0
27072
832
64
0
29120
896
64
0
31168
960
64
0
448
1024
64
1
448
1088
64
1
448
1152
64
1
448
1216
64
1
448
1280
64
1
448
1344
64
1
448
1408
64
1
448
1472
64
1
448
1536
64
1
448
1600
64
1
448
1664
64
1
448
1728
64
1
448
1792
64
1
448
1856
64
1
448
1920
64
1
448
1984
64
1
512
0
64
0
2560
64
64
0
4608
128
64
0
6656
192
64
0
8704
256
64
0
10752
320
64
0
12800
384
64
0
14848
448
64
0
16896
512
64
0
18944
576
64
0
20992
640
64
0
23040
704
64
0
25088
768
64
0
27136
832
64
0
29184
896
64
0
31232
960
64
0
512
1024
64
1
512
1088
64
1
512
1152
64
1
512
1216
64
1
512
1280
64
1
512
1344
64
1
512
1408
64
1
512
1472
64
1
512
1536
64
1
512
1600
64
1
512
1664
64
1
512
1728
64
1
512
1792
64
1
512
1856
64
1
512
1920
64
1
512
1984
64
1
576
0
64
0
2624
64
64
0
4672
128
64
0
6720
192
64
0
8768
256
64
0
10816
320
64
0
12864
384
64
0
14912
448
64
0
16960
512
64
0
19008
576
64
0
21056
640
64
0
23104
704
64
0
25152
768
64
0
27200
832
64
0
29248
896
64
0
31296
960
64
0
576
1024
64
1
576
1088
64
1
576
1152
64
1
576
1216
64
1
576
1280
64
1
576
1344
64
1
576
1408
64
1
576
1472
64
1
576
1536
64
1
576
1600
64
1
576
1664
64
1
576
1728
64
1
576
1792
64
1
576
1856
64
1
576
1920
64
1
576
1984
64
1
640
0
64
0
2688
64
64
0
4736
128
64
0
6784
192
64
0
8832
256
64
0
10880
320
64
0
12928
384
64
0
14976
448
64
0
17024
512
64
0
19072
576
64
0
21120
640
64
0
23168
704
64
0
25216
768
64
0
27264
832
64
0
29312
896
64
0
31360
960
64
0
640
1024
64
1
640
1088
64
1
640
1152
64
1
640
1216
64
1
640
1280
64
1
640
1344
64
1
640
1408
64
1
640
1472
64
1
640
1536
64
1
640
1600
64
1
640
1664
64
1
640
1728
64
1
640
1792
64
1
640
1856
64
1
640
1920
64
1
640
1984
64
1
704
0
64
0
2752
64
64
0
4800
128
64
0
6848
192
64
0
8896
256
64
0
10944
320
64
0
12992
384
64
0
15040
448
64
0
17088
512
64
0
19136
576
64
0
21184
640
64
0
23232
704
64
0
25280
768
64
0
27328
832
64
0
29376
896
64
0
31424
960
64
0
704
1024
64
1
704
1088
64
1
704
1152
64
1
704
1216
64
1
704
1280
64
1
704
1344
64
1
704
1408
64
1
704
1472
64
1
704
1536
64
1
704
1600
64
1
704
1664
64
1
704
1728
64
1
704
1792
64
1
704
1856
64
1
704
1920
64
1
704
1984
64
1
768
0
64
0
2816
64
64
0
4864
128
64
0
6912
192
64
0
8960
256
64
0
11008
320
64
0
13056
384
64
0
15104
448
64
0
17152
512
64
0
19200
576
64
0
21248
640
64
0
23296
704
64
0
25344
768
64
0
27392
832
64
0
29440
896
64
0
31488
960
64
0
768
1024
64
1
768
1088
64
1
768
1152
64
1
768
1216
64
1
768
1280
64
1
768
1344
64
1
768
1408
64
1
768
1472
64
1
768
1536
64
1
768
1600
64
1
768
1664
64
1
768
1728
64
1
768
1792
64
1
768
1856
64
1
768
1920
64
1
768
1984
64
1
832
0
64
0
2880
64
64
0
4928
128
64
0
6976
192
64
0
9024
256
64
0
11072
320
64
0
13120
384
64
0
15168
448
64
0
17216
512
64
0
19264
576
64
0
21312
640
64
0
23360
704
64
0
25408
768
64
0
27456
832
64
0
29504
896
64
0
31552
960
64
0
832
1024
64
1
832
1088
64
1
832
1152
64
1
832
1216
64
1
832
1280
64
1
832
1344
64
1
832
1408
64
1
832
1472
64
1
832
1536
64
1
832
1600
64
1
832
1664
64
1
832
1728
64
1
832
1792
64
1
832
1856
64
1
832
1920
64
1
832
1984
64
1
896
0
64
0
2944
64
64
0
4992
128
64
0
7040
192
64
0
9088
256
64
0
11136
320
64
0
13184
384
64
0
15232
448
64
0
17280
512
64
0
19328
576
64
0
21376
640
64
0
23424
704
64
0
25472
768
64
0
27520
832
64
0
29568
896
64
0
31616
960
64
0
896
1024
64
1
896
1088
64
1
896
1152
64
1
896
1216
64
1
896
1280
64
1
896
1344
64
1
896
1408
64
1
896
1472
64
1
896
1536
64
1
896
1600
64
1
896
1664
64
1
896
1728
64
1
896
1792
64
1
896
1856
64
1
896
1920
64
1
896
1984
64
1
960
0
64
0
3008
64
64
0
5056
128
64
0
7104
192
64
0
9152
256
64
0
11200
320
64
0
13248
384
64
0
15296
448
64
0
17344
512
64
0
19392
576
64
0
21440
640
64
0
23488
704
64
0
25536
768
64
0
27584
832
64
0
29632
896
64
0
31680
960
64
0
960
1024
64
1
960
1088
64
1
960
1152
64
1
960
1216
64
1
960
1280
64
1
960
1344
64
1
960
1408
64
1
960
1472
64
1
960
1536
64
1
960
1600
64
1
960
1664
64
1
960
1728
64
1
960
1792
64
1
960
1856
64
1
960
1920
64
1
960
1984
64
1
1024
0
64
0
3072
64
64
0
5120
128
64
0
7168
192
64
0
9216
256
64
0
11264
320
64
0
13312
384
64
0
15360
448
64
0
17408
512
64
0
19456
576
64
0
21504
640
64
0
23552
704
64
0
25600
768
64
0
27648
832
64
0
29696
896
64
0
31744
960
64
0
1024
1024
64
1
1024
1088
64
1
1024
1152
64
1
1024
1216
64
1
1024
1280
64
1
1024
1344
64
1
1024
1408
64
1
1024
1472
64
1
1024
1536
64
1
1024
1600
64
1
1024
1664
64
1
1024
1728
64
1
1024
1792
64
1
1024
1856
64
1
1024
1920
64
1
1024
1984
64
1
1088
0
64
0
3136
64
64
0
5184
128
64
0
7232
192
64
0
9280
256
64
0
11328
320
64
0
13376
384
64
0
15424
448
64
0
17472
512
64
0
19520
576
64
0
21568
640
64
0
23616
704
64
0
25664
768
64
0
27712
832
64
0
29760
896
64
0
31808
960
64
0
1088
1024
64
1
1088
1088
64
1
1088
1152
64
1
1088
1216
64
1
1088
1280
64
1
1088
1344
64
1
1088
1408
64
1
1088
1472
64
1
1088
1536
64
1
1088
1600
64
1
1088
1664
64
1
1088
1728
64
1
1088
1792
64
1
1088
1856
64
1
1088
1920
64
1
1088
1984
64
1
1152
0
64
0
3200
64
64
0
5248
128
64
0
7296
192
64
0
9344
256
64
0
11392
320
64
0
13440
384
64
0
15488
448
64
0
17536
512
64
0
19584
576
64
0
21632
640
64
0
23680
704
64
0
25728
768
64
0
27776
832
64
0
29824
896
64
0
31872
960
64
0
1152
1024
64
1
1152
1088
64
1
1152
1152
64
1
1152
1216
64
1
1152
1280
64
1
1152
1344
64
1
1152
1408
64
1
1152
1472
64
1
1152
1536
64
1
1152
1600
64
1
1152
1664
64
1
1152
1728
64
1
1152
1792
64
1
1152
1856
64
1
1152
1920
64
1
1152
1984
64
1
1216
0
64
0
3264
64
64
0
5312
128
64
0
7360
192
64
0
9408
256
64
0
11456
320
64
0
13504
384
64
0
15552
448
64
0
17600
512
64
0
19648
576
64
0
21696
640
64
0
23744
704
64
0
25792
768
64
0
27840
832
64
0
29888
896
64
0
31936
960
64
0
1216
1024
64
1
1216
1088
64
1
1216
1152
64
1
1216
1216
64
1
1216
1280
64
1
1216
1344
64
1
1216
1408
64
1
1216
1472
64
1
1216
1536
64
1
1216
1600
64
1
1216
1664
64
1
1216
1728
64
1
1216
1792
64
1
1216
1856
64
1
1216
1920
64
1
1216
1984
64
1
1280
0
64
0
3328
64
64
0
5376
128
64
0
7424
192
64
0
9472
256
64
0
11520
320
64
0
13568
384
64
0
15616
448
64
0
17664
512
64
0
19712
576
64
0
21760
640
64
0
23808
704
64
0
25856
768
64
0
27904
832
64
0
29952
896
64
0
32000
960
64
0
1280
1024
64
1
1280
1088
64
1
1280
1152
64
1
1280
1216
64
1
1280
1280
64
1
1280
1344
64
1
1280
1408
64
1
1280
1472
64
1
1280
1536
64
1
1280
1600
64
1
1280
1664
64
1
1280
1728
64
1
1280
1792
64
1
1280
1856
64
1
1280
1920
64
1
1280
1984
64
1
1344
0
64
0
3392
64
64
0
5440
128
64
0
7488
192
64
0
9536
256
64
0
11584
320
64
0
13632
384
64
0
15680
448
64
0
17728
512
64
0
19776
576
64
0
21824
640
64
0
23872
704
64
0
25920
768
64
0
27968
832
64
0
30016
896
64
0
32064
960
64
0
1344
1024
64
1
1344
1088
64
1
1344
1152
64
1
1344
1216
64
1
1344
1280
64
1
1344
1344
64
1
1344
1408
64
1
1344
1472
64
1
1344
1536
64
1
1344
1600
64
1
1344
1664
64
1
1344
1728
64
1
1344
1792
64
1
1344
1856
64
1
1344
1920
64
1
1344
1984
64
1
1408
0
64
0
3456
64
64
0
5504
128
64
0
7552
192
64
0
9600
256
64
0
11648
320
64
0
13696
384
64
0
15744
448
64
0
17792
512
64
0
19840
576
64
0
21888
640
64
0
23936
704
64
0
25984
768
64
0
28032
832
64
0
30080
896
64
0
32128
960
64
0
1408
1024
64
1
1408
1088
64
1
1408
1152
64
1
1408
1216
64
1
1408
1280
64
1
1408
1344
64
1
1408
1408
64
1
1408
1472
64
1
1408
1536
64
1
1408
1600
64
1
1408
1664
64
1
1408
1728
64
1
1408
1792
64
1
1408
1856
64
1
1408
1920
64
1
1408
1984
64
1
1472
0
64
0
3520
64
64
0
5568
128
64
0
7616
192
64
0
9664
256
64
0
11712
320
64
0
13760
384
64
0
15808
448
64
0
17856
512
64
0
19904
576
64
0
21952
640
64
0
24000
704
64
0
26048
768
64
0
28096
832
64
0
30144
896
64
0
32192
960
64
0
1472
1024
64
1
1472
1088
64
1
1472
1152
64
1
1472
1216
64
1
1472
1280
64
1
1472
1344
64
1
1472
1408
64
1
1472
1472
64
1
1472
1536
64
1
1472
1600
64
1
1472
1664
64
1
1472
1728
64
1
1472
1792
64
1
1472
1856
64
1
1472
1920
64
1
1472
1984
64
1
1536
0
64
0
3584
64
64
0
5632
128
64
0
7680
192
64
0
9728
256
64
0
11776
320
64
0
13824
384
64
0
15872
448
64
0
17920
512
64
0
19968
576
64
0
22016
640
64
0
24064
704
64
0
26112
768
64
0
28160
832
64
0
30208
896
64
0
32256
960
64
0
1536
1024
64
1
1536
1088
64
1
1536
1152
64
1
1536
1216
64
1
1536
1280
64
1
1536
1344
64
1
1536
1408
64
1
1536
1472
64
1
1536
1536
64
1
1536
1600
64
1
1536
1664
64
1
1536
1728
64
1
1536
1792
64
1
1536
1856
64
1
1536
1920
64
1
1536
1984
64
1
1600
0
64
0
3648
64
64
0
5696
128
64
0
7744
192
64
0
9792
256
64
0
11840
320
64
0
13888
384
64
0
15936
448
64
0
17984
512
64
0
20032
576
64
0
22080
640
64
0
24128
704
64
0
26176
768
64
0
28224
832
64
0
30272
896
64
0
32320
960
64
0
1600
1024
64
1
1600
1088
64
1
1600
1152
64
1
1600
1216
64
1
1600
1280
64
1
1600
1344
64
1
1600
1408
64
1
1600
1472
64
1
1600
1536
64
1
1600
1600
64
1
1600
1664
64
1
1600
1728
64
1
1600
1792
64
1
1600
1856
64
1
1600
1920
64
1
1600
1984
64
1
1664
0
64
0
3712
64
64
0
5760
128
64
0
7808
192
64
0
9856
256
64
0
11904
320
64
0
13952
384
64
0
16000
448
64
0
18048
512
64
0
20096
576
64
0
22144
640
64
0
24192
704
64
0
26240
768
64
0
28288
832
64
0
30336
896
64
0
32384
960
64
0
1664
1024
64
1
1664
1088
64
1
1664
1152
64
1
1664
1216
64
1
1664
1280
64
1
1664
1344
64
1
1664
1408
64
1
1664
1472
64
1
1664
1536
64
1
1664
1600
64
1
1664
1664
64
1
1664
1728
64
1
1664
1792
64
1
1664
1856
64
1
1664
1920
64
1
1664
1984
64
1
1728
0
64
0
3776
64
64
0
5824
128
64
0
7872
192
64
0
9920
256
64
0
11968
320
64
0
14016
384
64
0
16064
448
64
0
18112
512
64
0
20160
576
64
0
22208
640
64
0
24256
704
64
0
26304
768
64
0
28352
832
64
0
30400
896
64
0
32448
960
64
0
1728
1024
64
1
1728
1088
64
1
1728
1152
64
1
1728
1216
64
1
1728
1280
64
1
1728
1344
64
1
1728
1408
64
1
1728
1472
64
1
1728
1536
64
1
1728
1600
64
1
1728
1664
64
1
1728
1728
64
1
1728
1792
64
1
1728
1856
64
1
1728
1920
64
1
1728
1984
64
1
1792
0
64
0
3840
64
64
0
5888
128
64
0
7936
192
64
0
9984
256
64
0
12032
320
64
0
14080
384
64
0
16128
448
64
0
18176
512
64
0
20224
576
64
0
22272
640
64
0
24320
704
64
0
26368
768
64
0
28416
832
64
0
30464
896
64
0
32512
960
64
0
1792
1024
64
1
1792
1088
64
1
1792
1152
64
1
1792
1216
64
1
1792
1280
64
1
1792
1344
64
1
1792
1408
64
1
1792
1472
64
1
1792
1536
64
1
1792
1600
64
1
1792
1664
64
1
1792
1728
64
1
1792
1792
64
1
1792
1856
64
1
1792
1920
64
1
1792
1984
64
1
1856
0
64
0
3904
64
64
0
5952
128
64
0
8000
192
64
0
10048
256
64
0
12096
320
64
0
14144
384
64
0
16192
448
64
0
18240
512
64
0
20288
576
64
0
22336
640
64
0
24384
704
64
0
26432
768
64
0
28480
832
64
0
30528
896
64
0
32576
960
64
0
1856
1024
64
1
1856
1088
64
1
1856
1152
64
1
1856
1216
64
1
1856
1280
64
1
1856
1344
64
1
1856
1408
64
1
1856
1472
64
1
1856
1536
64
1
1856
1600
64
1
1856
1664
64
1
1856
1728
64
1
1856
1792
64
1
1856
1856
64
1
1856
1920
64
1
1856
1984
64
1
1920
0
64
0
3968
64
64
0
6016
128
64
0
8064
192
64
0
10112
256
64
0
12160
320
64
0
14208
384
64
0
16256
448
64
0
18304
512
64
0
20352
576
64
0
22400
640
64
0
24448
704
64
0
26496
768
64
0
28544
832
64
0
30592
896
64
0
32640
960
64
0
1920
1024
64
1
1920
1088
64
1
1920
1152
64
1
1920
1216
64
1
1920
1280
64
1
1920
1344
64
1
1920
1408
64
1
1920
1472
64
1
1920
1536
64
1
1920
1600
64
1
1920
1664
64
1
1920
1728
64
1
1920
1792
64
1
1920
1856
64
1
1920
1920
64
1
1920
1984
64
1
1984
0
64
0
4032
64
64
0
6080
128
64
0
8128
192
64
0
10176
256
64
0
12224
320
64
0
14272
384
64
0
16320
448
64
0
18368
512
64
0
20416
576
64
0
22464
640
64
0
24512
704
64
0
26560
768
64
0
28608
832
64
0
30656
896
64
0
32704
960
64
0
1984
1024
64
1
1984
1088
64
1
1984
1152
64
1
1984
1216
64
1
1984
1280
64
1
1984
1344
64
1
1984
1408
64
1
1984
1472
64
1
1984
1536
64
1
1984
1600
64
1
1984
1664
64
1
1984
1728
64
1
1984
1792
64
1
1984
1856
64
1
1984
1920
64
1
1984
1984
64
1
