0
0
64
0
256
64
64
0
512
128
64
0
768
192
64
0
2304
256
64
0
2560
320
64
0
2816
384
64
0
3072
448
64
0
4608
512
64
0
4864
576
64
0
5120
640
64
0
5376
704
64
0
6912
768
64
0
7168
832
64
0
7424
896
64
0
7680
960
64
0
0
1024
64
1
0
1088
64
1
0
1152
64
1
0
1216
64
1
0
1280
64
1
0
1344
64
1
0
1408
64
1
0
1472
64
1
0
1536
64
1
0
1600
64
1
0
1664
64
1
0
1728
64
1
0
1792
64
1
0
1856
64
1
0
1920
64
1
0
1984
64
1
64
0
64
0
320
64
64
0
576
128
64
0
832
192
64
0
2368
256
64
0
2624
320
64
0
2880
384
64
0
3136
448
64
0
4672
512
64
0
4928
576
64
0
5184
640
64
0
5440
704
64
0
6976
768
64
0
7232
832
64
0
7488
896
64
0
7744
960
64
0
64
1024
64
1
64
1088
64
1
64
1152
64
1
64
1216
64
1
64
1280
64
1
64
1344
64
1
64
1408
64
1
64
1472
64
1
64
1536
64
1
64
1600
64
1
64
1664
64
1
64
1728
64
1
64
1792
64
1
64
1856
64
1
64
1920
64
1
64
1984
64
1
128
0
64
0
384
64
64
0
640
128
64
0
896
192
64
0
2432
256
64
0
2688
320
64
0
2944
384
64
0
3200
448
64
0
4736
512
64
0
4992
576
64
0
5248
640
64
0
5504
704
64
0
7040
768
64
0
7296
832
64
0
7552
896
64
0
7808
960
64
0
128
1024
64
1
128
1088
64
1
128
1152
64
1
128
1216
64
1
128
1280
64
1
128
1344
64
1
128
1408
64
1
128
1472
64
1
128
1536
64
1
128
1600
64
1
128
1664
64
1
128
1728
64
1
128
1792
64
1
128
1856
64
1
128
1920
64
1
128
1984
64
1
192
0
64
0
448
64
64
0
704
128
64
0
960
192
64
0
2496
256
64
0
2752
320
64
0
3008
384
64
0
3264
448
64
0
4800
512
64
0
5056
576
64
0
5312
640
64
0
5568
704
64
0
7104
768
64
0
7360
832
64
0
7616
896
64
0
7872
960
64
0
192
1024
64
1
192
1088
64
1
192
1152
64
1
192
1216
64
1
192
1280
64
1
192
1344
64
1
192
1408
64
1
192
1472
64
1
192
1536
64
1
192
1600
64
1
192
1664
64
1
192
1728
64
1
192
1792
64
1
192
1856
64
1
192
1920
64
1
192
1984
64
1
256
0
64
0
512
64
64
0
768
128
64
0
1024
192
64
0
2560
256
64
0
2816
320
64
0
3072
384
64
0
3328
448
64
0
4864
512
64
0
5120
576
64
0
5376
640
64
0
5632
704
64
0
7168
768
64
0
7424
832
64
0
7680
896
64
0
7936
960
64
0
256
1024
64
1
256
1088
64
1
256
1152
64
1
256
1216
64
1
256
1280
64
1
256
1344
64
1
256
1408
64
1
256
1472
64
1
256
1536
64
1
256
1600
64
1
256
1664
64
1
256
1728
64
1
256
1792
64
1
256
1856
64
1
256
1920
64
1
256
1984
64
1
320
0
64
0
576
64
64
0
832
128
64
0
1088
192
64
0
2624
256
64
0
2880
320
64
0
3136
384
64
0
3392
448
64
0
4928
512
64
0
5184
576
64
0
5440
640
64
0
5696
704
64
0
7232
768
64
0
7488
832
64
0
7744
896
64
0
8000
960
64
0
320
1024
64
1
320
1088
64
1
320
1152
64
1
320
1216
64
1
320
1280
64
1
320
1344
64
1
320
1408
64
1
320
1472
64
1
320
1536
64
1
320
1600
64
1
320
1664
64
1
320
1728
64
1
320
1792
64
1
320
1856
64
1
320
1920
64
1
320
1984
64
1
1152
0
64
0
1408
64
64
0
1664
128
64
0
1920
192
64
0
3456
256
64
0
3712
320
64
0
3968
384
64
0
4224
448
64
0
5760
512
64
0
6016
576
64
0
6272
640
64
0
6528
704
64
0
8064
768
64
0
8320
832
64
0
8576
896
64
0
8832
960
64
0
384
1024
64
1
384
1088
64
1
384
1152
64
1
384
1216
64
1
384
1280
64
1
384
1344
64
1
384
1408
64
1
384
1472
64
1
384
1536
64
1
384
1600
64
1
384
1664
64
1
384
1728
64
1
384
1792
64
1
384
1856
64
1
384
1920
64
1
384
1984
64
1
1216
0
64
0
1472
64
64
0
1728
128
64
0
1984
192
64
0
3520
256
64
0
3776
320
64
0
4032
384
64
0
4288
448
64
0
5824
512
64
0
6080
576
64
0
6336
640
64
0
6592
704
64
0
8128
768
64
0
8384
832
64
0
8640
896
64
0
8896
960
64
0
448
1024
64
1
448
1088
64
1
448
1152
64
1
448
1216
64
1
448
1280
64
1
448
1344
64
1
448
1408
64
1
448
1472
64
1
448
1536
64
1
448
1600
64
1
448
1664
64
1
448
1728
64
1
448
1792
64
1
448
1856
64
1
448
1920
64
1
448
1984
64
1
1280
0
64
0
1536
64
64
0
1792
128
64
0
2048
192
64
0
3584
256
64
0
3840
320
64
0
4096
384
64
0
4352
448
64
0
5888
512
64
0
6144
576
64
0
6400
640
64
0
6656
704
64
0
8192
768
64
0
8448
832
64
0
8704
896
64
0
8960
960
64
0
512
1024
64
1
512
1088
64
1
512
1152
64
1
512
1216
64
1
512
1280
64
1
512
1344
64
1
512
1408
64
1
512
1472
64
1
512
1536
64
1
512
1600
64
1
512
1664
64
1
512
1728
64
1
512
1792
64
1
512
1856
64
1
512
1920
64
1
512
1984
64
1
1344
0
64
0
1600
64
64
0
1856
128
64
0
2112
192
64
0
3648
256
64
0
3904
320
64
0
4160
384
64
0
4416
448
64
0
5952
512
64
0
6208
576
64
0
6464
640
64
0
6720
704
64
0
8256
768
64
0
8512
832
64
0
8768
896
64
0
9024
960
64
0
576
1024
64
1
576
1088
64
1
576
1152
64
1
576
1216
64
1
576
1280
64
1
576
1344
64
1
576
1408
64
1
576
1472
64
1
576
1536
64
1
576
1600
64
1
576
1664
64
1
576
1728
64
1
576
1792
64
1
576
1856
64
1
576
1920
64
1
576
1984
64
1
1408
0
64
0
1664
64
64
0
1920
128
64
0
2176
192
64
0
3712
256
64
0
3968
320
64
0
4224
384
64
0
4480
448
64
0
6016
512
64
0
6272
576
64
0
6528
640
64
0
6784
704
64
0
8320
768
64
0
8576
832
64
0
8832
896
64
0
9088
960
64
0
640
1024
64
1
640
1088
64
1
640
1152
64
1
640
1216
64
1
640
1280
64
1
640
1344
64
1
640
1408
64
1
640
1472
64
1
640
1536
64
1
640
1600
64
1
640
1664
64
1
640
1728
64
1
640
1792
64
1
640
1856
64
1
640
1920
64
1
640
1984
64
1
1472
0
64
0
1728
64
64
0
1984
128
64
0
2240
192
64
0
3776
256
64
0
4032
320
64
0
4288
384
64
0
4544
448
64
0
6080
512
64
0
6336
576
64
0
6592
640
64
0
6848
704
64
0
8384
768
64
0
8640
832
64
0
8896
896
64
0
9152
960
64
0
704
1024
64
1
704
1088
64
1
704
1152
64
1
704
1216
64
1
704
1280
64
1
704
1344
64
1
704
1408
64
1
704
1472
64
1
704
1536
64
1
704
1600
64
1
704
1664
64
1
704
1728
64
1
704
1792
64
1
704
1856
64
1
704
1920
64
1
704
1984
64
1
2304
0
64
0
2560
64
64
0
2816
128
64
0
3072
192
64
0
4608
256
64
0
4864
320
64
0
5120
384
64
0
5376
448
64
0
6912
512
64
0
7168
576
64
0
7424
640
64
0
7680
704
64
0
9216
768
64
0
9472
832
64
0
9728
896
64
0
9984
960
64
0
768
1024
64
1
768
1088
64
1
768
1152
64
1
768
1216
64
1
768
1280
64
1
768
1344
64
1
768
1408
64
1
768
1472
64
1
768
1536
64
1
768
1600
64
1
768
1664
64
1
768
1728
64
1
768
1792
64
1
768
1856
64
1
768
1920
64
1
768
1984
64
1
2368
0
64
0
2624
64
64
0
2880
128
64
0
3136
192
64
0
4672
256
64
0
4928
320
64
0
5184
384
64
0
5440
448
64
0
6976
512
64
0
7232
576
64
0
7488
640
64
0
7744
704
64
0
9280
768
64
0
9536
832
64
0
9792
896
64
0
10048
960
64
0
832
1024
64
1
832
1088
64
1
832
1152
64
1
832
1216
64
1
832
1280
64
1
832
1344
64
1
832
1408
64
1
832
1472
64
1
832
1536
64
1
832
1600
64
1
832
1664
64
1
832
1728
64
1
832
1792
64
1
832
1856
64
1
832
1920
64
1
832
1984
64
1
2432
0
64
0
2688
64
64
0
2944
128
64
0
3200
192
64
0
4736
256
64
0
4992
320
64
0
5248
384
64
0
5504
448
64
0
7040
512
64
0
7296
576
64
0
7552
640
64
0
7808
704
64
0
9344
768
64
0
9600
832
64
0
9856
896
64
0
10112
960
64
0
896
1024
64
1
896
1088
64
1
896
1152
64
1
896
1216
64
1
896
1280
64
1
896
1344
64
1
896
1408
64
1
896
1472
64
1
896
1536
64
1
896
1600
64
1
896
1664
64
1
896
1728
64
1
896
1792
64
1
896
1856
64
1
896
1920
64
1
896
1984
64
1
2496
0
64
0
2752
64
64
0
3008
128
64
0
3264
192
64
0
4800
256
64
0
5056
320
64
0
5312
384
64
0
5568
448
64
0
7104
512
64
0
7360
576
64
0
7616
640
64
0
7872
704
64
0
9408
768
64
0
9664
832
64
0
9920
896
64
0
10176
960
64
0
960
1024
64
1
960
1088
64
1
960
1152
64
1
960
1216
64
1
960
1280
64
1
960
1344
64
1
960
1408
64
1
960
1472
64
1
960
1536
64
1
960
1600
64
1
960
1664
64
1
960
1728
64
1
960
1792
64
1
960
1856
64
1
960
1920
64
1
960
1984
64
1
2560
0
64
0
2816
64
64
0
3072
128
64
0
3328
192
64
0
4864
256
64
0
5120
320
64
0
5376
384
64
0
5632
448
64
0
7168
512
64
0
7424
576
64
0
7680
640
64
0
7936
704
64
0
9472
768
64
0
9728
832
64
0
9984
896
64
0
10240
960
64
0
1024
1024
64
1
1024
1088
64
1
1024
1152
64
1
1024
1216
64
1
1024
1280
64
1
1024
1344
64
1
1024
1408
64
1
1024
1472
64
1
1024
1536
64
1
1024
1600
64
1
1024
1664
64
1
1024
1728
64
1
1024
1792
64
1
1024
1856
64
1
1024
1920
64
1
1024
1984
64
1
2624
0
64
0
2880
64
64
0
3136
128
64
0
3392
192
64
0
4928
256
64
0
5184
320
64
0
5440
384
64
0
5696
448
64
0
7232
512
64
0
7488
576
64
0
7744
640
64
0
8000
704
64
0
9536
768
64
0
9792
832
64
0
10048
896
64
0
10304
960
64
0
1088
1024
64
1
1088
1088
64
1
1088
1152
64
1
1088
1216
64
1
1088
1280
64
1
1088
1344
64
1
1088
1408
64
1
1088
1472
64
1
1088
1536
64
1
1088
1600
64
1
1088
1664
64
1
1088
1728
64
1
1088
1792
64
1
1088
1856
64
1
1088
1920
64
1
1088
1984
64
1
