0
0
512
1
0
512
512
1
0
1024
512
1
0
1536
512
1
0
2048
512
0
0
2560
512
1
0
3072
512
1
0
3584
512
1
0
4096
512
1
0
4608
4608
1
0
9216
4608
1
0
13824
4608
1
0
18432
4608
1
0
23040
4608
1
0
27648
4608
1
0
32256
4608
1
0
36864
4608
1
0
41472
4608
1
0
46080
4608
1
0
50688
4608
1
0
55296
4608
1
0
59904
4608
1
0
64512
4608
1
0
69120
4608
1
0
73728
4608
1
0
78336
4608
1
0
82944
4608
1
0
87552
4608
1
0
92160
4608
1
0
96768
4608
1
0
101376
4608
1
0
105984
4608
1
0
110592
4608
1
0
115200
4608
1
0
119808
4608
1
0
124416
4608
1
0
129024
4608
1
0
133632
4608
1
0
138240
4608
1
0
142848
4608
1
