0
0
64
0
128
64
64
0
256
128
64
0
384
192
64
0
512
256
64
0
640
320
64
0
1024
384
64
0
1152
448
64
0
1280
512
64
0
1408
576
64
0
1536
640
64
0
1664
704
64
0
2048
768
64
0
2176
832
64
0
2304
896
64
0
2432
960
64
0
2560
1024
64
0
2688
1088
64
0
3072
1152
64
0
3200
1216
64
0
3328
1280
64
0
3456
1344
64
0
3584
1408
64
0
3712
1472
64
0
4096
1536
64
0
4224
1600
64
0
4352
1664
64
0
4480
1728
64
0
4608
1792
64
0
4736
1856
64
0
5120
1920
64
0
5248
1984
64
0
64
0
64
0
192
64
64
0
320
128
64
0
448
192
64
0
576
256
64
0
704
320
64
0
1088
384
64
0
1216
448
64
0
1344
512
64
0
1472
576
64
0
1600
640
64
0
1728
704
64
0
2112
768
64
0
2240
832
64
0
2368
896
64
0
2496
960
64
0
2624
1024
64
0
2752
1088
64
0
3136
1152
64
0
3264
1216
64
0
3392
1280
64
0
3520
1344
64
0
3648
1408
64
0
3776
1472
64
0
4160
1536
64
0
4288
1600
64
0
4416
1664
64
0
4544
1728
64
0
4672
1792
64
0
4800
1856
64
0
5184
1920
64
0
5312
1984
64
0
128
0
64
0
256
64
64
0
384
128
64
0
512
192
64
0
640
256
64
0
768
320
64
0
1152
384
64
0
1280
448
64
0
1408
512
64
0
1536
576
64
0
1664
640
64
0
1792
704
64
0
2176
768
64
0
2304
832
64
0
2432
896
64
0
2560
960
64
0
2688
1024
64
0
2816
1088
64
0
3200
1152
64
0
3328
1216
64
0
3456
1280
64
0
3584
1344
64
0
3712
1408
64
0
3840
1472
64
0
4224
1536
64
0
4352
1600
64
0
4480
1664
64
0
4608
1728
64
0
4736
1792
64
0
4864
1856
64
0
5248
1920
64
0
5376
1984
64
0
192
0
64
0
320
64
64
0
448
128
64
0
576
192
64
0
704
256
64
0
832
320
64
0
1216
384
64
0
1344
448
64
0
1472
512
64
0
1600
576
64
0
1728
640
64
0
1856
704
64
0
2240
768
64
0
2368
832
64
0
2496
896
64
0
2624
960
64
0
2752
1024
64
0
2880
1088
64
0
3264
1152
64
0
3392
1216
64
0
3520
1280
64
0
3648
1344
64
0
3776
1408
64
0
3904
1472
64
0
4288
1536
64
0
4416
1600
64
0
4544
1664
64
0
4672
1728
64
0
4800
1792
64
0
4928
1856
64
0
5312
1920
64
0
5440
1984
64
0
256
0
64
0
384
64
64
0
512
128
64
0
640
192
64
0
768
256
64
0
896
320
64
0
1280
384
64
0
1408
448
64
0
1536
512
64
0
1664
576
64
0
1792
640
64
0
1920
704
64
0
2304
768
64
0
2432
832
64
0
2560
896
64
0
2688
960
64
0
2816
1024
64
0
2944
1088
64
0
3328
1152
64
0
3456
1216
64
0
3584
1280
64
0
3712
1344
64
0
3840
1408
64
0
3968
1472
64
0
4352
1536
64
0
4480
1600
64
0
4608
1664
64
0
4736
1728
64
0
4864
1792
64
0
4992
1856
64
0
5376
1920
64
0
5504
1984
64
0
320
0
64
0
448
64
64
0
576
128
64
0
704
192
64
0
832
256
64
0
960
320
64
0
1344
384
64
0
1472
448
64
0
1600
512
64
0
1728
576
64
0
1856
640
64
0
1984
704
64
0
2368
768
64
0
2496
832
64
0
2624
896
64
0
2752
960
64
0
2880
1024
64
0
3008
1088
64
0
3392
1152
64
0
3520
1216
64
0
3648
1280
64
0
3776
1344
64
0
3904
1408
64
0
4032
1472
64
0
4416
1536
64
0
4544
1600
64
0
4672
1664
64
0
4800
1728
64
0
4928
1792
64
0
5056
1856
64
0
5440
1920
64
0
5568
1984
64
0
1024
0
64
0
1152
64
64
0
1280
128
64
0
1408
192
64
0
1536
256
64
0
1664
320
64
0
2048
384
64
0
2176
448
64
0
2304
512
64
0
2432
576
64
0
2560
640
64
0
2688
704
64
0
3072
768
64
0
3200
832
64
0
3328
896
64
0
3456
960
64
0
3584
1024
64
0
3712
1088
64
0
4096
1152
64
0
4224
1216
64
0
4352
1280
64
0
4480
1344
64
0
4608
1408
64
0
4736
1472
64
0
5120
1536
64
0
5248
1600
64
0
5376
1664
64
0
5504
1728
64
0
5632
1792
64
0
5760
1856
64
0
6144
1920
64
0
6272
1984
64
0
1088
0
64
0
1216
64
64
0
1344
128
64
0
1472
192
64
0
1600
256
64
0
1728
320
64
0
2112
384
64
0
2240
448
64
0
2368
512
64
0
2496
576
64
0
2624
640
64
0
2752
704
64
0
3136
768
64
0
3264
832
64
0
3392
896
64
0
3520
960
64
0
3648
1024
64
0
3776
1088
64
0
4160
1152
64
0
4288
1216
64
0
4416
1280
64
0
4544
1344
64
0
4672
1408
64
0
4800
1472
64
0
5184
1536
64
0
5312
1600
64
0
5440
1664
64
0
5568
1728
64
0
5696
1792
64
0
5824
1856
64
0
6208
1920
64
0
6336
1984
64
0
1152
0
64
0
1280
64
64
0
1408
128
64
0
1536
192
64
0
1664
256
64
0
1792
320
64
0
2176
384
64
0
2304
448
64
0
2432
512
64
0
2560
576
64
0
2688
640
64
0
2816
704
64
0
3200
768
64
0
3328
832
64
0
3456
896
64
0
3584
960
64
0
3712
1024
64
0
3840
1088
64
0
4224
1152
64
0
4352
1216
64
0
4480
1280
64
0
4608
1344
64
0
4736
1408
64
0
4864
1472
64
0
5248
1536
64
0
5376
1600
64
0
5504
1664
64
0
5632
1728
64
0
5760
1792
64
0
5888
1856
64
0
6272
1920
64
0
6400
1984
64
0
1216
0
64
0
1344
64
64
0
1472
128
64
0
1600
192
64
0
1728
256
64
0
1856
320
64
0
2240
384
64
0
2368
448
64
0
2496
512
64
0
2624
576
64
0
2752
640
64
0
2880
704
64
0
3264
768
64
0
3392
832
64
0
3520
896
64
0
3648
960
64
0
3776
1024
64
0
3904
1088
64
0
4288
1152
64
0
4416
1216
64
0
4544
1280
64
0
4672
1344
64
0
4800
1408
64
0
4928
1472
64
0
5312
1536
64
0
5440
1600
64
0
5568
1664
64
0
5696
1728
64
0
5824
1792
64
0
5952
1856
64
0
6336
1920
64
0
6464
1984
64
0
1280
0
64
0
1408
64
64
0
1536
128
64
0
1664
192
64
0
1792
256
64
0
1920
320
64
0
2304
384
64
0
2432
448
64
0
2560
512
64
0
2688
576
64
0
2816
640
64
0
2944
704
64
0
3328
768
64
0
3456
832
64
0
3584
896
64
0
3712
960
64
0
3840
1024
64
0
3968
1088
64
0
4352
1152
64
0
4480
1216
64
0
4608
1280
64
0
4736
1344
64
0
4864
1408
64
0
4992
1472
64
0
5376
1536
64
0
5504
1600
64
0
5632
1664
64
0
5760
1728
64
0
5888
1792
64
0
6016
1856
64
0
6400
1920
64
0
6528
1984
64
0
1344
0
64
0
1472
64
64
0
1600
128
64
0
1728
192
64
0
1856
256
64
0
1984
320
64
0
2368
384
64
0
2496
448
64
0
2624
512
64
0
2752
576
64
0
2880
640
64
0
3008
704
64
0
3392
768
64
0
3520
832
64
0
3648
896
64
0
3776
960
64
0
3904
1024
64
0
4032
1088
64
0
4416
1152
64
0
4544
1216
64
0
4672
1280
64
0
4800
1344
64
0
4928
1408
64
0
5056
1472
64
0
5440
1536
64
0
5568
1600
64
0
5696
1664
64
0
5824
1728
64
0
5952
1792
64
0
6080
1856
64
0
6464
1920
64
0
6592
1984
64
0
2048
0
64
0
2176
64
64
0
2304
128
64
0
2432
192
64
0
2560
256
64
0
2688
320
64
0
3072
384
64
0
3200
448
64
0
3328
512
64
0
3456
576
64
0
3584
640
64
0
3712
704
64
0
4096
768
64
0
4224
832
64
0
4352
896
64
0
4480
960
64
0
4608
1024
64
0
4736
1088
64
0
5120
1152
64
0
5248
1216
64
0
5376
1280
64
0
5504
1344
64
0
5632
1408
64
0
5760
1472
64
0
6144
1536
64
0
6272
1600
64
0
6400
1664
64
0
6528
1728
64
0
6656
1792
64
0
6784
1856
64
0
7168
1920
64
0
7296
1984
64
0
2112
0
64
0
2240
64
64
0
2368
128
64
0
2496
192
64
0
2624
256
64
0
2752
320
64
0
3136
384
64
0
3264
448
64
0
3392
512
64
0
3520
576
64
0
3648
640
64
0
3776
704
64
0
4160
768
64
0
4288
832
64
0
4416
896
64
0
4544
960
64
0
4672
1024
64
0
4800
1088
64
0
5184
1152
64
0
5312
1216
64
0
5440
1280
64
0
5568
1344
64
0
5696
1408
64
0
5824
1472
64
0
6208
1536
64
0
6336
1600
64
0
6464
1664
64
0
6592
1728
64
0
6720
1792
64
0
6848
1856
64
0
7232
1920
64
0
7360
1984
64
0
2176
0
64
0
2304
64
64
0
2432
128
64
0
2560
192
64
0
2688
256
64
0
2816
320
64
0
3200
384
64
0
3328
448
64
0
3456
512
64
0
3584
576
64
0
3712
640
64
0
3840
704
64
0
4224
768
64
0
4352
832
64
0
4480
896
64
0
4608
960
64
0
4736
1024
64
0
4864
1088
64
0
5248
1152
64
0
5376
1216
64
0
5504
1280
64
0
5632
1344
64
0
5760
1408
64
0
5888
1472
64
0
6272
1536
64
0
6400
1600
64
0
6528
1664
64
0
6656
1728
64
0
6784
1792
64
0
6912
1856
64
0
7296
1920
64
0
7424
1984
64
0
2240
0
64
0
2368
64
64
0
2496
128
64
0
2624
192
64
0
2752
256
64
0
2880
320
64
0
3264
384
64
0
3392
448
64
0
3520
512
64
0
3648
576
64
0
3776
640
64
0
3904
704
64
0
4288
768
64
0
4416
832
64
0
4544
896
64
0
4672
960
64
0
4800
1024
64
0
4928
1088
64
0
5312
1152
64
0
5440
1216
64
0
5568
1280
64
0
5696
1344
64
0
5824
1408
64
0
5952
1472
64
0
6336
1536
64
0
6464
1600
64
0
6592
1664
64
0
6720
1728
64
0
6848
1792
64
0
6976
1856
64
0
7360
1920
64
0
7488
1984
64
0
2304
0
64
0
2432
64
64
0
2560
128
64
0
2688
192
64
0
2816
256
64
0
2944
320
64
0
3328
384
64
0
3456
448
64
0
3584
512
64
0
3712
576
64
0
3840
640
64
0
3968
704
64
0
4352
768
64
0
4480
832
64
0
4608
896
64
0
4736
960
64
0
4864
1024
64
0
4992
1088
64
0
5376
1152
64
0
5504
1216
64
0
5632
1280
64
0
5760
1344
64
0
5888
1408
64
0
6016
1472
64
0
6400
1536
64
0
6528
1600
64
0
6656
1664
64
0
6784
1728
64
0
6912
1792
64
0
7040
1856
64
0
7424
1920
64
0
7552
1984
64
0
2368
0
64
0
2496
64
64
0
2624
128
64
0
2752
192
64
0
2880
256
64
0
3008
320
64
0
3392
384
64
0
3520
448
64
0
3648
512
64
0
3776
576
64
0
3904
640
64
0
4032
704
64
0
4416
768
64
0
4544
832
64
0
4672
896
64
0
4800
960
64
0
4928
1024
64
0
5056
1088
64
0
5440
1152
64
0
5568
1216
64
0
5696
1280
64
0
5824
1344
64
0
5952
1408
64
0
6080
1472
64
0
6464
1536
64
0
6592
1600
64
0
6720
1664
64
0
6848
1728
64
0
6976
1792
64
0
7104
1856
64
0
7488
1920
64
0
7616
1984
64
0
5376
0
64
0
5504
64
64
0
5632
128
64
0
5760
192
64
0
0
256
64
1
0
320
64
1
0
384
64
1
0
448
64
1
0
512
64
1
0
576
64
1
0
640
64
1
0
704
64
1
0
768
64
1
0
832
64
1
0
896
64
1
0
960
64
1
0
1024
64
1
0
1088
64
1
0
1152
64
1
0
1216
64
1
0
1280
64
1
0
1344
64
1
0
1408
64
1
0
1472
64
1
0
1536
64
1
0
1600
64
1
0
1664
64
1
0
1728
64
1
0
1792
64
1
0
1856
64
1
0
1920
64
1
0
1984
64
1
5440
0
64
0
5568
64
64
0
5696
128
64
0
5824
192
64
0
64
256
64
1
64
320
64
1
64
384
64
1
64
448
64
1
64
512
64
1
64
576
64
1
64
640
64
1
64
704
64
1
64
768
64
1
64
832
64
1
64
896
64
1
64
960
64
1
64
1024
64
1
64
1088
64
1
64
1152
64
1
64
1216
64
1
64
1280
64
1
64
1344
64
1
64
1408
64
1
64
1472
64
1
64
1536
64
1
64
1600
64
1
64
1664
64
1
64
1728
64
1
64
1792
64
1
64
1856
64
1
64
1920
64
1
64
1984
64
1
5504
0
64
0
5632
64
64
0
5760
128
64
0
5888
192
64
0
128
256
64
1
128
320
64
1
128
384
64
1
128
448
64
1
128
512
64
1
128
576
64
1
128
640
64
1
128
704
64
1
128
768
64
1
128
832
64
1
128
896
64
1
128
960
64
1
128
1024
64
1
128
1088
64
1
128
1152
64
1
128
1216
64
1
128
1280
64
1
128
1344
64
1
128
1408
64
1
128
1472
64
1
128
1536
64
1
128
1600
64
1
128
1664
64
1
128
1728
64
1
128
1792
64
1
128
1856
64
1
128
1920
64
1
128
1984
64
1
5568
0
64
0
5696
64
64
0
5824
128
64
0
5952
192
64
0
192
256
64
1
192
320
64
1
192
384
64
1
192
448
64
1
192
512
64
1
192
576
64
1
192
640
64
1
192
704
64
1
192
768
64
1
192
832
64
1
192
896
64
1
192
960
64
1
192
1024
64
1
192
1088
64
1
192
1152
64
1
192
1216
64
1
192
1280
64
1
192
1344
64
1
192
1408
64
1
192
1472
64
1
192
1536
64
1
192
1600
64
1
192
1664
64
1
192
1728
64
1
192
1792
64
1
192
1856
64
1
192
1920
64
1
192
1984
64
1
5632
0
64
0
5760
64
64
0
5888
128
64
0
6016
192
64
0
256
256
64
1
256
320
64
1
256
384
64
1
256
448
64
1
256
512
64
1
256
576
64
1
256
640
64
1
256
704
64
1
256
768
64
1
256
832
64
1
256
896
64
1
256
960
64
1
256
1024
64
1
256
1088
64
1
256
1152
64
1
256
1216
64
1
256
1280
64
1
256
1344
64
1
256
1408
64
1
256
1472
64
1
256
1536
64
1
256
1600
64
1
256
1664
64
1
256
1728
64
1
256
1792
64
1
256
1856
64
1
256
1920
64
1
256
1984
64
1
5696
0
64
0
5824
64
64
0
5952
128
64
0
6080
192
64
0
320
256
64
1
320
320
64
1
320
384
64
1
320
448
64
1
320
512
64
1
320
576
64
1
320
640
64
1
320
704
64
1
320
768
64
1
320
832
64
1
320
896
64
1
320
960
64
1
320
1024
64
1
320
1088
64
1
320
1152
64
1
320
1216
64
1
320
1280
64
1
320
1344
64
1
320
1408
64
1
320
1472
64
1
320
1536
64
1
320
1600
64
1
320
1664
64
1
320
1728
64
1
320
1792
64
1
320
1856
64
1
320
1920
64
1
320
1984
64
1
6400
0
64
0
6528
64
64
0
6656
128
64
0
6784
192
64
0
384
256
64
1
384
320
64
1
384
384
64
1
384
448
64
1
384
512
64
1
384
576
64
1
384
640
64
1
384
704
64
1
384
768
64
1
384
832
64
1
384
896
64
1
384
960
64
1
384
1024
64
1
384
1088
64
1
384
1152
64
1
384
1216
64
1
384
1280
64
1
384
1344
64
1
384
1408
64
1
384
1472
64
1
384
1536
64
1
384
1600
64
1
384
1664
64
1
384
1728
64
1
384
1792
64
1
384
1856
64
1
384
1920
64
1
384
1984
64
1
6464
0
64
0
6592
64
64
0
6720
128
64
0
6848
192
64
0
448
256
64
1
448
320
64
1
448
384
64
1
448
448
64
1
448
512
64
1
448
576
64
1
448
640
64
1
448
704
64
1
448
768
64
1
448
832
64
1
448
896
64
1
448
960
64
1
448
1024
64
1
448
1088
64
1
448
1152
64
1
448
1216
64
1
448
1280
64
1
448
1344
64
1
448
1408
64
1
448
1472
64
1
448
1536
64
1
448
1600
64
1
448
1664
64
1
448
1728
64
1
448
1792
64
1
448
1856
64
1
448
1920
64
1
448
1984
64
1
6528
0
64
0
6656
64
64
0
6784
128
64
0
6912
192
64
0
512
256
64
1
512
320
64
1
512
384
64
1
512
448
64
1
512
512
64
1
512
576
64
1
512
640
64
1
512
704
64
1
512
768
64
1
512
832
64
1
512
896
64
1
512
960
64
1
512
1024
64
1
512
1088
64
1
512
1152
64
1
512
1216
64
1
512
1280
64
1
512
1344
64
1
512
1408
64
1
512
1472
64
1
512
1536
64
1
512
1600
64
1
512
1664
64
1
512
1728
64
1
512
1792
64
1
512
1856
64
1
512
1920
64
1
512
1984
64
1
6592
0
64
0
6720
64
64
0
6848
128
64
0
6976
192
64
0
576
256
64
1
576
320
64
1
576
384
64
1
576
448
64
1
576
512
64
1
576
576
64
1
576
640
64
1
576
704
64
1
576
768
64
1
576
832
64
1
576
896
64
1
576
960
64
1
576
1024
64
1
576
1088
64
1
576
1152
64
1
576
1216
64
1
576
1280
64
1
576
1344
64
1
576
1408
64
1
576
1472
64
1
576
1536
64
1
576
1600
64
1
576
1664
64
1
576
1728
64
1
576
1792
64
1
576
1856
64
1
576
1920
64
1
576
1984
64
1
6656
0
64
0
6784
64
64
0
6912
128
64
0
7040
192
64
0
640
256
64
1
640
320
64
1
640
384
64
1
640
448
64
1
640
512
64
1
640
576
64
1
640
640
64
1
640
704
64
1
640
768
64
1
640
832
64
1
640
896
64
1
640
960
64
1
640
1024
64
1
640
1088
64
1
640
1152
64
1
640
1216
64
1
640
1280
64
1
640
1344
64
1
640
1408
64
1
640
1472
64
1
640
1536
64
1
640
1600
64
1
640
1664
64
1
640
1728
64
1
640
1792
64
1
640
1856
64
1
640
1920
64
1
640
1984
64
1
6720
0
64
0
6848
64
64
0
6976
128
64
0
7104
192
64
0
704
256
64
1
704
320
64
1
704
384
64
1
704
448
64
1
704
512
64
1
704
576
64
1
704
640
64
1
704
704
64
1
704
768
64
1
704
832
64
1
704
896
64
1
704
960
64
1
704
1024
64
1
704
1088
64
1
704
1152
64
1
704
1216
64
1
704
1280
64
1
704
1344
64
1
704
1408
64
1
704
1472
64
1
704
1536
64
1
704
1600
64
1
704
1664
64
1
704
1728
64
1
704
1792
64
1
704
1856
64
1
704
1920
64
1
704
1984
64
1
7424
0
64
0
7552
64
64
0
7680
128
64
0
7808
192
64
0
768
256
64
1
768
320
64
1
768
384
64
1
768
448
64
1
768
512
64
1
768
576
64
1
768
640
64
1
768
704
64
1
768
768
64
1
768
832
64
1
768
896
64
1
768
960
64
1
768
1024
64
1
768
1088
64
1
768
1152
64
1
768
1216
64
1
768
1280
64
1
768
1344
64
1
768
1408
64
1
768
1472
64
1
768
1536
64
1
768
1600
64
1
768
1664
64
1
768
1728
64
1
768
1792
64
1
768
1856
64
1
768
1920
64
1
768
1984
64
1
7488
0
64
0
7616
64
64
0
7744
128
64
0
7872
192
64
0
832
256
64
1
832
320
64
1
832
384
64
1
832
448
64
1
832
512
64
1
832
576
64
1
832
640
64
1
832
704
64
1
832
768
64
1
832
832
64
1
832
896
64
1
832
960
64
1
832
1024
64
1
832
1088
64
1
832
1152
64
1
832
1216
64
1
832
1280
64
1
832
1344
64
1
832
1408
64
1
832
1472
64
1
832
1536
64
1
832
1600
64
1
832
1664
64
1
832
1728
64
1
832
1792
64
1
832
1856
64
1
832
1920
64
1
832
1984
64
1
7552
0
64
0
7680
64
64
0
7808
128
64
0
7936
192
64
0
896
256
64
1
896
320
64
1
896
384
64
1
896
448
64
1
896
512
64
1
896
576
64
1
896
640
64
1
896
704
64
1
896
768
64
1
896
832
64
1
896
896
64
1
896
960
64
1
896
1024
64
1
896
1088
64
1
896
1152
64
1
896
1216
64
1
896
1280
64
1
896
1344
64
1
896
1408
64
1
896
1472
64
1
896
1536
64
1
896
1600
64
1
896
1664
64
1
896
1728
64
1
896
1792
64
1
896
1856
64
1
896
1920
64
1
896
1984
64
1
7616
0
64
0
7744
64
64
0
7872
128
64
0
8000
192
64
0
960
256
64
1
960
320
64
1
960
384
64
1
960
448
64
1
960
512
64
1
960
576
64
1
960
640
64
1
960
704
64
1
960
768
64
1
960
832
64
1
960
896
64
1
960
960
64
1
960
1024
64
1
960
1088
64
1
960
1152
64
1
960
1216
64
1
960
1280
64
1
960
1344
64
1
960
1408
64
1
960
1472
64
1
960
1536
64
1
960
1600
64
1
960
1664
64
1
960
1728
64
1
960
1792
64
1
960
1856
64
1
960
1920
64
1
960
1984
64
1
7680
0
64
0
7808
64
64
0
7936
128
64
0
8064
192
64
0
1024
256
64
1
1024
320
64
1
1024
384
64
1
1024
448
64
1
1024
512
64
1
1024
576
64
1
1024
640
64
1
1024
704
64
1
1024
768
64
1
1024
832
64
1
1024
896
64
1
1024
960
64
1
1024
1024
64
1
1024
1088
64
1
1024
1152
64
1
1024
1216
64
1
1024
1280
64
1
1024
1344
64
1
1024
1408
64
1
1024
1472
64
1
1024
1536
64
1
1024
1600
64
1
1024
1664
64
1
1024
1728
64
1
1024
1792
64
1
1024
1856
64
1
1024
1920
64
1
1024
1984
64
1
7744
0
64
0
7872
64
64
0
8000
128
64
0
8128
192
64
0
1088
256
64
1
1088
320
64
1
1088
384
64
1
1088
448
64
1
1088
512
64
1
1088
576
64
1
1088
640
64
1
1088
704
64
1
1088
768
64
1
1088
832
64
1
1088
896
64
1
1088
960
64
1
1088
1024
64
1
1088
1088
64
1
1088
1152
64
1
1088
1216
64
1
1088
1280
64
1
1088
1344
64
1
1088
1408
64
1
1088
1472
64
1
1088
1536
64
1
1088
1600
64
1
1088
1664
64
1
1088
1728
64
1
1088
1792
64
1
1088
1856
64
1
1088
1920
64
1
1088
1984
64
1
