0
0
64
1
0
64
64
1
0
128
64
1
0
192
64
1
0
256
64
1
0
320
64
1
0
384
64
1
0
448
64
1
0
512
64
1
0
576
64
0
128
640
64
0
256
704
64
0
384
768
64
0
512
832
64
0
640
896
64
0
768
960
64
0
0
1024
64
1
1024
1088
64
0
1152
1152
64
0
1280
1216
64
0
1408
1280
64
0
1536
1344
64
0
1664
1408
64
0
1792
1472
64
0
0
1536
64
1
2048
1600
64
0
2176
1664
64
0
2304
1728
64
0
2432
1792
64
0
2560
1856
64
0
2688
1920
64
0
2816
1984
64
0
64
0
64
1
64
64
64
1
64
128
64
1
64
192
64
1
64
256
64
1
64
320
64
1
64
384
64
1
64
448
64
1
64
512
64
1
64
576
64
0
192
640
64
0
320
704
64
0
448
768
64
0
576
832
64
0
704
896
64
0
832
960
64
0
64
1024
64
1
1088
1088
64
0
1216
1152
64
0
1344
1216
64
0
1472
1280
64
0
1600
1344
64
0
1728
1408
64
0
1856
1472
64
0
64
1536
64
1
2112
1600
64
0
2240
1664
64
0
2368
1728
64
0
2496
1792
64
0
2624
1856
64
0
2752
1920
64
0
2880
1984
64
0
0
0
64
1
0
64
64
1
0
128
64
1
0
192
64
1
0
256
64
1
0
320
64
1
0
384
64
1
0
448
64
1
0
512
64
0
128
576
64
0
256
640
64
0
384
704
64
0
512
768
64
0
640
832
64
0
768
896
64
0
896
960
64
0
1024
1024
64
0
1152
1088
64
0
1280
1152
64
0
1408
1216
64
0
1536
1280
64
0
1664
1344
64
0
1792
1408
64
0
1920
1472
64
0
2048
1536
64
0
2176
1600
64
0
2304
1664
64
0
2432
1728
64
0
2560
1792
64
0
2688
1856
64
0
2816
1920
64
0
2944
1984
64
0
64
0
64
1
64
64
64
1
64
128
64
1
64
192
64
1
64
256
64
1
64
320
64
1
64
384
64
1
64
448
64
1
64
512
64
0
192
576
64
0
320
640
64
0
448
704
64
0
576
768
64
0
704
832
64
0
832
896
64
0
960
960
64
0
1088
1024
64
0
1216
1088
64
0
1344
1152
64
0
1472
1216
64
0
1600
1280
64
0
1728
1344
64
0
1856
1408
64
0
1984
1472
64
0
2112
1536
64
0
2240
1600
64
0
2368
1664
64
0
2496
1728
64
0
2624
1792
64
0
2752
1856
64
0
2880
1920
64
0
3008
1984
64
0
0
0
64
1
0
64
64
1
0
128
64
1
0
192
64
1
0
256
64
1
0
320
64
1
0
384
64
1
0
448
64
1
128
512
64
0
256
576
64
0
384
640
64
0
512
704
64
0
640
768
64
0
768
832
64
0
896
896
64
0
0
960
64
1
1152
1024
64
0
1280
1088
64
0
1408
1152
64
0
1536
1216
64
0
1664
1280
64
0
1792
1344
64
0
1920
1408
64
0
0
1472
64
1
2176
1536
64
0
2304
1600
64
0
2432
1664
64
0
2560
1728
64
0
2688
1792
64
0
2816
1856
64
0
2944
1920
64
0
0
1984
64
1
64
0
64
1
64
64
64
1
64
128
64
1
64
192
64
1
64
256
64
1
64
320
64
1
64
384
64
1
64
448
64
1
192
512
64
0
320
576
64
0
448
640
64
0
576
704
64
0
704
768
64
0
832
832
64
0
960
896
64
0
64
960
64
1
1216
1024
64
0
1344
1088
64
0
1472
1152
64
0
1600
1216
64
0
1728
1280
64
0
1856
1344
64
0
1984
1408
64
0
64
1472
64
1
2240
1536
64
0
2368
1600
64
0
2496
1664
64
0
2624
1728
64
0
2752
1792
64
0
2880
1856
64
0
3008
1920
64
0
64
1984
64
1
0
0
64
1
0
64
64
0
128
128
64
0
256
192
64
0
384
256
64
0
512
320
64
0
640
384
64
0
768
448
64
0
0
512
64
1
1024
576
64
0
1152
640
64
0
1280
704
64
0
1408
768
64
0
1536
832
64
0
1664
896
64
0
1792
960
64
0
0
1024
64
1
2048
1088
64
0
2176
1152
64
0
2304
1216
64
0
2432
1280
64
0
2560
1344
64
0
2688
1408
64
0
2816
1472
64
0
0
1536
64
1
3072
1600
64
0
3200
1664
64
0
3328
1728
64
0
3456
1792
64
0
3584
1856
64
0
3712
1920
64
0
3840
1984
64
0
64
0
64
1
64
64
64
0
192
128
64
0
320
192
64
0
448
256
64
0
576
320
64
0
704
384
64
0
832
448
64
0
64
512
64
1
1088
576
64
0
1216
640
64
0
1344
704
64
0
1472
768
64
0
1600
832
64
0
1728
896
64
0
1856
960
64
0
64
1024
64
1
2112
1088
64
0
2240
1152
64
0
2368
1216
64
0
2496
1280
64
0
2624
1344
64
0
2752
1408
64
0
2880
1472
64
0
64
1536
64
1
3136
1600
64
0
3264
1664
64
0
3392
1728
64
0
3520
1792
64
0
3648
1856
64
0
3776
1920
64
0
3904
1984
64
0
0
0
64
0
128
64
64
0
256
128
64
0
384
192
64
0
512
256
64
0
640
320
64
0
768
384
64
0
896
448
64
0
1024
512
64
0
1152
576
64
0
1280
640
64
0
1408
704
64
0
1536
768
64
0
1664
832
64
0
1792
896
64
0
1920
960
64
0
2048
1024
64
0
2176
1088
64
0
2304
1152
64
0
2432
1216
64
0
2560
1280
64
0
2688
1344
64
0
2816
1408
64
0
2944
1472
64
0
3072
1536
64
0
3200
1600
64
0
3328
1664
64
0
3456
1728
64
0
3584
1792
64
0
3712
1856
64
0
3840
1920
64
0
3968
1984
64
0
64
0
64
0
192
64
64
0
320
128
64
0
448
192
64
0
576
256
64
0
704
320
64
0
832
384
64
0
960
448
64
0
1088
512
64
0
1216
576
64
0
1344
640
64
0
1472
704
64
0
1600
768
64
0
1728
832
64
0
1856
896
64
0
1984
960
64
0
2112
1024
64
0
2240
1088
64
0
2368
1152
64
0
2496
1216
64
0
2624
1280
64
0
2752
1344
64
0
2880
1408
64
0
3008
1472
64
0
3136
1536
64
0
3264
1600
64
0
3392
1664
64
0
3520
1728
64
0
3648
1792
64
0
3776
1856
64
0
3904
1920
64
0
4032
1984
64
0
128
0
64
0
256
64
64
0
384
128
64
0
512
192
64
0
640
256
64
0
768
320
64
0
896
384
64
0
0
448
64
1
1152
512
64
0
1280
576
64
0
1408
640
64
0
1536
704
64
0
1664
768
64
0
1792
832
64
0
1920
896
64
0
0
960
64
1
2176
1024
64
0
2304
1088
64
0
2432
1152
64
0
2560
1216
64
0
2688
1280
64
0
2816
1344
64
0
2944
1408
64
0
0
1472
64
1
3200
1536
64
0
3328
1600
64
0
3456
1664
64
0
3584
1728
64
0
3712
1792
64
0
3840
1856
64
0
3968
1920
64
0
0
1984
64
1
192
0
64
0
320
64
64
0
448
128
64
0
576
192
64
0
704
256
64
0
832
320
64
0
960
384
64
0
64
448
64
1
1216
512
64
0
1344
576
64
0
1472
640
64
0
1600
704
64
0
1728
768
64
0
1856
832
64
0
1984
896
64
0
64
960
64
1
2240
1024
64
0
2368
1088
64
0
2496
1152
64
0
2624
1216
64
0
2752
1280
64
0
2880
1344
64
0
3008
1408
64
0
64
1472
64
1
3264
1536
64
0
3392
1600
64
0
3520
1664
64
0
3648
1728
64
0
3776
1792
64
0
3904
1856
64
0
4032
1920
64
0
64
1984
64
1
0
0
64
1
1024
64
64
0
1152
128
64
0
1280
192
64
0
1408
256
64
0
1536
320
64
0
1664
384
64
0
1792
448
64
0
0
512
64
1
2048
576
64
0
2176
640
64
0
2304
704
64
0
2432
768
64
0
2560
832
64
0
2688
896
64
0
2816
960
64
0
0
1024
64
1
3072
1088
64
0
3200
1152
64
0
3328
1216
64
0
3456
1280
64
0
3584
1344
64
0
3712
1408
64
0
3840
1472
64
0
0
1536
64
1
4096
1600
64
0
4224
1664
64
0
4352
1728
64
0
4480
1792
64
0
4608
1856
64
0
4736
1920
64
0
4864
1984
64
0
64
0
64
1
1088
64
64
0
1216
128
64
0
1344
192
64
0
1472
256
64
0
1600
320
64
0
1728
384
64
0
1856
448
64
0
64
512
64
1
2112
576
64
0
2240
640
64
0
2368
704
64
0
2496
768
64
0
2624
832
64
0
2752
896
64
0
2880
960
64
0
64
1024
64
1
3136
1088
64
0
3264
1152
64
0
3392
1216
64
0
3520
1280
64
0
3648
1344
64
0
3776
1408
64
0
3904
1472
64
0
64
1536
64
1
4160
1600
64
0
4288
1664
64
0
4416
1728
64
0
4544
1792
64
0
4672
1856
64
0
4800
1920
64
0
4928
1984
64
0
1024
0
64
0
1152
64
64
0
1280
128
64
0
1408
192
64
0
1536
256
64
0
1664
320
64
0
1792
384
64
0
1920
448
64
0
2048
512
64
0
2176
576
64
0
2304
640
64
0
2432
704
64
0
2560
768
64
0
2688
832
64
0
2816
896
64
0
2944
960
64
0
3072
1024
64
0
3200
1088
64
0
3328
1152
64
0
3456
1216
64
0
3584
1280
64
0
3712
1344
64
0
3840
1408
64
0
3968
1472
64
0
4096
1536
64
0
4224
1600
64
0
4352
1664
64
0
4480
1728
64
0
4608
1792
64
0
4736
1856
64
0
4864
1920
64
0
4992
1984
64
0
1088
0
64
0
1216
64
64
0
1344
128
64
0
1472
192
64
0
1600
256
64
0
1728
320
64
0
1856
384
64
0
1984
448
64
0
2112
512
64
0
2240
576
64
0
2368
640
64
0
2496
704
64
0
2624
768
64
0
2752
832
64
0
2880
896
64
0
3008
960
64
0
3136
1024
64
0
3264
1088
64
0
3392
1152
64
0
3520
1216
64
0
3648
1280
64
0
3776
1344
64
0
3904
1408
64
0
4032
1472
64
0
4160
1536
64
0
4288
1600
64
0
4416
1664
64
0
4544
1728
64
0
4672
1792
64
0
4800
1856
64
0
4928
1920
64
0
5056
1984
64
0
1152
0
64
0
1280
64
64
0
1408
128
64
0
1536
192
64
0
1664
256
64
0
1792
320
64
0
1920
384
64
0
0
448
64
1
2176
512
64
0
2304
576
64
0
2432
640
64
0
2560
704
64
0
2688
768
64
0
2816
832
64
0
2944
896
64
0
0
960
64
1
3200
1024
64
0
3328
1088
64
0
3456
1152
64
0
3584
1216
64
0
3712
1280
64
0
3840
1344
64
0
3968
1408
64
0
0
1472
64
1
4224
1536
64
0
4352
1600
64
0
4480
1664
64
0
4608
1728
64
0
4736
1792
64
0
4864
1856
64
0
4992
1920
64
0
0
1984
64
1
1216
0
64
0
1344
64
64
0
1472
128
64
0
1600
192
64
0
1728
256
64
0
1856
320
64
0
1984
384
64
0
64
448
64
1
2240
512
64
0
2368
576
64
0
2496
640
64
0
2624
704
64
0
2752
768
64
0
2880
832
64
0
3008
896
64
0
64
960
64
1
3264
1024
64
0
3392
1088
64
0
3520
1152
64
0
3648
1216
64
0
3776
1280
64
0
3904
1344
64
0
4032
1408
64
0
64
1472
64
1
4288
1536
64
0
4416
1600
64
0
4544
1664
64
0
4672
1728
64
0
4800
1792
64
0
4928
1856
64
0
5056
1920
64
0
64
1984
64
1
0
0
64
1
3072
64
64
0
3200
128
64
0
3328
192
64
0
3456
256
64
0
3584
320
64
0
3712
384
64
0
3840
448
64
0
0
512
64
1
4096
576
64
0
4224
640
64
0
4352
704
64
0
4480
768
64
0
4608
832
64
0
4736
896
64
0
4864
960
64
0
0
1024
64
1
5120
1088
64
0
5248
1152
64
0
5376
1216
64
0
5504
1280
64
0
5632
1344
64
0
5760
1408
64
0
5888
1472
64
0
0
1536
64
1
6144
1600
64
0
6272
1664
64
0
6400
1728
64
0
6528
1792
64
0
6656
1856
64
0
6784
1920
64
0
6912
1984
64
0
64
0
64
1
3136
64
64
0
3264
128
64
0
3392
192
64
0
3520
256
64
0
3648
320
64
0
3776
384
64
0
3904
448
64
0
64
512
64
1
4160
576
64
0
4288
640
64
0
4416
704
64
0
4544
768
64
0
4672
832
64
0
4800
896
64
0
4928
960
64
0
64
1024
64
1
5184
1088
64
0
5312
1152
64
0
5440
1216
64
0
5568
1280
64
0
5696
1344
64
0
5824
1408
64
0
5952
1472
64
0
64
1536
64
1
6208
1600
64
0
6336
1664
64
0
6464
1728
64
0
6592
1792
64
0
6720
1856
64
0
6848
1920
64
0
6976
1984
64
0
3072
0
64
0
3200
64
64
0
3328
128
64
0
3456
192
64
0
3584
256
64
0
3712
320
64
0
3840
384
64
0
3968
448
64
0
4096
512
64
0
4224
576
64
0
4352
640
64
0
4480
704
64
0
4608
768
64
0
4736
832
64
0
4864
896
64
0
4992
960
64
0
5120
1024
64
0
5248
1088
64
0
5376
1152
64
0
5504
1216
64
0
5632
1280
64
0
5760
1344
64
0
5888
1408
64
0
6016
1472
64
0
6144
1536
64
0
6272
1600
64
0
6400
1664
64
0
6528
1728
64
0
6656
1792
64
0
6784
1856
64
0
6912
1920
64
0
7040
1984
64
0
3136
0
64
0
3264
64
64
0
3392
128
64
0
3520
192
64
0
3648
256
64
0
3776
320
64
0
3904
384
64
0
4032
448
64
0
4160
512
64
0
4288
576
64
0
4416
640
64
0
4544
704
64
0
4672
768
64
0
4800
832
64
0
4928
896
64
0
5056
960
64
0
5184
1024
64
0
5312
1088
64
0
5440
1152
64
0
5568
1216
64
0
5696
1280
64
0
5824
1344
64
0
5952
1408
64
0
6080
1472
64
0
6208
1536
64
0
6336
1600
64
0
6464
1664
64
0
6592
1728
64
0
6720
1792
64
0
6848
1856
64
0
6976
1920
64
0
7104
1984
64
0
3200
0
64
0
3328
64
64
0
3456
128
64
0
3584
192
64
0
3712
256
64
0
3840
320
64
0
3968
384
64
0
0
448
64
1
4224
512
64
0
4352
576
64
0
4480
640
64
0
4608
704
64
0
4736
768
64
0
4864
832
64
0
4992
896
64
0
0
960
64
1
5248
1024
64
0
5376
1088
64
0
5504
1152
64
0
5632
1216
64
0
5760
1280
64
0
5888
1344
64
0
6016
1408
64
0
0
1472
64
1
6272
1536
64
0
6400
1600
64
0
6528
1664
64
0
6656
1728
64
0
6784
1792
64
0
6912
1856
64
0
7040
1920
64
0
0
1984
64
1
3264
0
64
0
3392
64
64
0
3520
128
64
0
3648
192
64
0
3776
256
64
0
3904
320
64
0
4032
384
64
0
64
448
64
1
4288
512
64
0
4416
576
64
0
4544
640
64
0
4672
704
64
0
4800
768
64
0
4928
832
64
0
5056
896
64
0
64
960
64
1
5312
1024
64
0
5440
1088
64
0
5568
1152
64
0
5696
1216
64
0
5824
1280
64
0
5952
1344
64
0
6080
1408
64
0
64
1472
64
1
6336
1536
64
0
6464
1600
64
0
6592
1664
64
0
6720
1728
64
0
6848
1792
64
0
6976
1856
64
0
7104
1920
64
0
64
1984
64
1
0
0
64
1
4096
64
64
0
4224
128
64
0
4352
192
64
0
4480
256
64
0
4608
320
64
0
4736
384
64
0
4864
448
64
0
0
512
64
1
5120
576
64
0
5248
640
64
0
5376
704
64
0
5504
768
64
0
5632
832
64
0
5760
896
64
0
5888
960
64
0
0
1024
64
1
6144
1088
64
0
6272
1152
64
0
6400
1216
64
0
6528
1280
64
0
6656
1344
64
0
6784
1408
64
0
6912
1472
64
0
0
1536
64
1
7168
1600
64
0
7296
1664
64
0
7424
1728
64
0
7552
1792
64
0
7680
1856
64
0
7808
1920
64
0
7936
1984
64
0
64
0
64
1
4160
64
64
0
4288
128
64
0
4416
192
64
0
4544
256
64
0
4672
320
64
0
4800
384
64
0
4928
448
64
0
64
512
64
1
5184
576
64
0
5312
640
64
0
5440
704
64
0
5568
768
64
0
5696
832
64
0
5824
896
64
0
5952
960
64
0
64
1024
64
1
6208
1088
64
0
6336
1152
64
0
6464
1216
64
0
6592
1280
64
0
6720
1344
64
0
6848
1408
64
0
6976
1472
64
0
64
1536
64
1
7232
1600
64
0
7360
1664
64
0
7488
1728
64
0
7616
1792
64
0
7744
1856
64
0
7872
1920
64
0
8000
1984
64
0
4096
0
64
0
4224
64
64
0
4352
128
64
0
4480
192
64
0
4608
256
64
0
4736
320
64
0
4864
384
64
0
4992
448
64
0
5120
512
64
0
5248
576
64
0
5376
640
64
0
5504
704
64
0
5632
768
64
0
5760
832
64
0
5888
896
64
0
6016
960
64
0
6144
1024
64
0
6272
1088
64
0
6400
1152
64
0
6528
1216
64
0
6656
1280
64
0
6784
1344
64
0
6912
1408
64
0
7040
1472
64
0
7168
1536
64
0
7296
1600
64
0
7424
1664
64
0
7552
1728
64
0
7680
1792
64
0
7808
1856
64
0
7936
1920
64
0
8064
1984
64
0
4160
0
64
0
4288
64
64
0
4416
128
64
0
4544
192
64
0
4672
256
64
0
4800
320
64
0
4928
384
64
0
5056
448
64
0
5184
512
64
0
5312
576
64
0
5440
640
64
0
5568
704
64
0
5696
768
64
0
5824
832
64
0
5952
896
64
0
6080
960
64
0
6208
1024
64
0
6336
1088
64
0
6464
1152
64
0
6592
1216
64
0
6720
1280
64
0
6848
1344
64
0
6976
1408
64
0
7104
1472
64
0
7232
1536
64
0
7360
1600
64
0
7488
1664
64
0
7616
1728
64
0
7744
1792
64
0
7872
1856
64
0
8000
1920
64
0
8128
1984
64
0
4224
0
64
0
4352
64
64
0
4480
128
64
0
4608
192
64
0
4736
256
64
0
4864
320
64
0
4992
384
64
0
0
448
64
1
5248
512
64
0
5376
576
64
0
5504
640
64
0
5632
704
64
0
5760
768
64
0
5888
832
64
0
6016
896
64
0
0
960
64
1
6272
1024
64
0
6400
1088
64
0
6528
1152
64
0
6656
1216
64
0
6784
1280
64
0
6912
1344
64
0
7040
1408
64
0
0
1472
64
1
7296
1536
64
0
7424
1600
64
0
7552
1664
64
0
7680
1728
64
0
7808
1792
64
0
7936
1856
64
0
8064
1920
64
0
0
1984
64
1
4288
0
64
0
4416
64
64
0
4544
128
64
0
4672
192
64
0
4800
256
64
0
4928
320
64
0
5056
384
64
0
64
448
64
1
5312
512
64
0
5440
576
64
0
5568
640
64
0
5696
704
64
0
5824
768
64
0
5952
832
64
0
6080
896
64
0
64
960
64
1
6336
1024
64
0
6464
1088
64
0
6592
1152
64
0
6720
1216
64
0
6848
1280
64
0
6976
1344
64
0
7104
1408
64
0
64
1472
64
1
7360
1536
64
0
7488
1600
64
0
7616
1664
64
0
7744
1728
64
0
7872
1792
64
0
8000
1856
64
0
8128
1920
64
0
64
1984
64
1
0
0
64
1
5120
64
64
0
5248
128
64
0
5376
192
64
0
5504
256
64
0
5632
320
64
0
5760
384
64
0
5888
448
64
0
0
512
64
1
6144
576
64
0
6272
640
64
0
6400
704
64
0
6528
768
64
0
6656
832
64
0
6784
896
64
0
6912
960
64
0
0
1024
64
1
7168
1088
64
0
7296
1152
64
0
7424
1216
64
0
7552
1280
64
0
7680
1344
64
0
7808
1408
64
0
7936
1472
64
0
0
1536
64
1
0
1600
64
1
0
1664
64
1
0
1728
64
1
0
1792
64
1
0
1856
64
1
0
1920
64
1
0
1984
64
1
64
0
64
1
5184
64
64
0
5312
128
64
0
5440
192
64
0
5568
256
64
0
5696
320
64
0
5824
384
64
0
5952
448
64
0
64
512
64
1
6208
576
64
0
6336
640
64
0
6464
704
64
0
6592
768
64
0
6720
832
64
0
6848
896
64
0
6976
960
64
0
64
1024
64
1
7232
1088
64
0
7360
1152
64
0
7488
1216
64
0
7616
1280
64
0
7744
1344
64
0
7872
1408
64
0
8000
1472
64
0
64
1536
64
1
64
1600
64
1
64
1664
64
1
64
1728
64
1
64
1792
64
1
64
1856
64
1
64
1920
64
1
64
1984
64
1
5120
0
64
0
5248
64
64
0
5376
128
64
0
5504
192
64
0
5632
256
64
0
5760
320
64
0
5888
384
64
0
6016
448
64
0
6144
512
64
0
6272
576
64
0
6400
640
64
0
6528
704
64
0
6656
768
64
0
6784
832
64
0
6912
896
64
0
7040
960
64
0
7168
1024
64
0
7296
1088
64
0
7424
1152
64
0
7552
1216
64
0
7680
1280
64
0
7808
1344
64
0
7936
1408
64
0
8064
1472
64
0
0
1536
64
1
0
1600
64
1
0
1664
64
1
0
1728
64
1
0
1792
64
1
0
1856
64
1
0
1920
64
1
0
1984
64
1
5184
0
64
0
5312
64
64
0
5440
128
64
0
5568
192
64
0
5696
256
64
0
5824
320
64
0
5952
384
64
0
6080
448
64
0
6208
512
64
0
6336
576
64
0
6464
640
64
0
6592
704
64
0
6720
768
64
0
6848
832
64
0
6976
896
64
0
7104
960
64
0
7232
1024
64
0
7360
1088
64
0
7488
1152
64
0
7616
1216
64
0
7744
1280
64
0
7872
1344
64
0
8000
1408
64
0
8128
1472
64
0
64
1536
64
1
64
1600
64
1
64
1664
64
1
64
1728
64
1
64
1792
64
1
64
1856
64
1
64
1920
64
1
64
1984
64
1
5248
0
64
0
5376
64
64
0
5504
128
64
0
5632
192
64
0
5760
256
64
0
5888
320
64
0
6016
384
64
0
0
448
64
1
6272
512
64
0
6400
576
64
0
6528
640
64
0
6656
704
64
0
6784
768
64
0
6912
832
64
0
7040
896
64
0
0
960
64
1
7296
1024
64
0
7424
1088
64
0
7552
1152
64
0
7680
1216
64
0
7808
1280
64
0
7936
1344
64
0
8064
1408
64
0
0
1472
64
1
0
1536
64
1
0
1600
64
1
0
1664
64
1
0
1728
64
1
0
1792
64
1
0
1856
64
1
0
1920
64
1
0
1984
64
1
5312
0
64
0
5440
64
64
0
5568
128
64
0
5696
192
64
0
5824
256
64
0
5952
320
64
0
6080
384
64
0
64
448
64
1
6336
512
64
0
6464
576
64
0
6592
640
64
0
6720
704
64
0
6848
768
64
0
6976
832
64
0
7104
896
64
0
64
960
64
1
7360
1024
64
0
7488
1088
64
0
7616
1152
64
0
7744
1216
64
0
7872
1280
64
0
8000
1344
64
0
8128
1408
64
0
64
1472
64
1
64
1536
64
1
64
1600
64
1
64
1664
64
1
64
1728
64
1
64
1792
64
1
64
1856
64
1
64
1920
64
1
64
1984
64
1
