0
0
64
0
256
64
64
0
512
128
64
0
768
192
64
0
1024
256
64
0
2560
320
64
0
2816
384
64
0
3072
448
64
0
3328
512
64
0
3584
576
64
0
5120
640
64
0
5376
704
64
0
5632
768
64
0
5888
832
64
0
6144
896
64
0
7680
960
64
0
7936
1024
64
0
8192
1088
64
0
8448
1152
64
0
8704
1216
64
0
10240
1280
64
0
10496
1344
64
0
10752
1408
64
0
11008
1472
64
0
11264
1536
64
0
0
1600
64
1
0
1664
64
1
0
1728
64
1
0
1792
64
1
0
1856
64
1
0
1920
64
1
0
1984
64
1
64
0
64
0
320
64
64
0
576
128
64
0
832
192
64
0
1088
256
64
0
2624
320
64
0
2880
384
64
0
3136
448
64
0
3392
512
64
0
3648
576
64
0
5184
640
64
0
5440
704
64
0
5696
768
64
0
5952
832
64
0
6208
896
64
0
7744
960
64
0
8000
1024
64
0
8256
1088
64
0
8512
1152
64
0
8768
1216
64
0
10304
1280
64
0
10560
1344
64
0
10816
1408
64
0
11072
1472
64
0
11328
1536
64
0
64
1600
64
1
64
1664
64
1
64
1728
64
1
64
1792
64
1
64
1856
64
1
64
1920
64
1
64
1984
64
1
