0
0
64
0
128
64
64
0
256
128
64
0
384
192
64
0
512
256
64
0
640
320
64
0
768
384
64
0
896
448
64
0
1024
512
64
0
1152
576
64
0
1280
640
64
0
1408
704
64
0
1536
768
64
0
1664
832
64
0
1792
896
64
0
1920
960
64
0
2048
1024
64
0
2176
1088
64
0
2304
1152
64
0
2432
1216
64
0
2560
1280
64
0
2688
1344
64
0
2816
1408
64
0
2944
1472
64
0
3072
1536
64
0
3200
1600
64
0
3328
1664
64
0
3456
1728
64
0
3584
1792
64
0
3712
1856
64
0
3840
1920
64
0
3968
1984
64
0
64
0
64
0
192
64
64
0
320
128
64
0
448
192
64
0
576
256
64
0
704
320
64
0
832
384
64
0
960
448
64
0
1088
512
64
0
1216
576
64
0
1344
640
64
0
1472
704
64
0
1600
768
64
0
1728
832
64
0
1856
896
64
0
1984
960
64
0
2112
1024
64
0
2240
1088
64
0
2368
1152
64
0
2496
1216
64
0
2624
1280
64
0
2752
1344
64
0
2880
1408
64
0
3008
1472
64
0
3136
1536
64
0
3264
1600
64
0
3392
1664
64
0
3520
1728
64
0
3648
1792
64
0
3776
1856
64
0
3904
1920
64
0
4032
1984
64
0
4096
0
64
0
4224
64
64
0
4352
128
64
0
4480
192
64
0
0
256
64
1
0
320
64
1
0
384
64
1
0
448
64
1
0
512
64
1
0
576
64
1
0
640
64
1
0
704
64
1
0
768
64
1
0
832
64
1
0
896
64
1
0
960
64
1
0
1024
64
1
0
1088
64
1
0
1152
64
1
0
1216
64
1
0
1280
64
1
0
1344
64
1
0
1408
64
1
0
1472
64
1
0
1536
64
1
0
1600
64
1
0
1664
64
1
0
1728
64
1
0
1792
64
1
0
1856
64
1
0
1920
64
1
0
1984
64
1
4160
0
64
0
4288
64
64
0
4416
128
64
0
4544
192
64
0
64
256
64
1
64
320
64
1
64
384
64
1
64
448
64
1
64
512
64
1
64
576
64
1
64
640
64
1
64
704
64
1
64
768
64
1
64
832
64
1
64
896
64
1
64
960
64
1
64
1024
64
1
64
1088
64
1
64
1152
64
1
64
1216
64
1
64
1280
64
1
64
1344
64
1
64
1408
64
1
64
1472
64
1
64
1536
64
1
64
1600
64
1
64
1664
64
1
64
1728
64
1
64
1792
64
1
64
1856
64
1
64
1920
64
1
64
1984
64
1
