0
0
64
0
512
64
64
0
1024
128
64
0
1536
192
64
0
2048
256
64
0
2560
320
64
0
3072
384
64
0
3584
448
64
0
4096
512
64
0
4608
576
64
0
5120
640
64
0
5632
704
64
0
6144
768
64
0
6656
832
64
0
7168
896
64
0
7680
960
64
0
8192
1024
64
0
8704
1088
64
0
9216
1152
64
0
9728
1216
64
0
10240
1280
64
0
10752
1344
64
0
11264
1408
64
0
11776
1472
64
0
12288
1536
64
0
12800
1600
64
0
13312
1664
64
0
13824
1728
64
0
14336
1792
64
0
14848
1856
64
0
15360
1920
64
0
15872
1984
64
0
64
0
64
0
576
64
64
0
1088
128
64
0
1600
192
64
0
2112
256
64
0
2624
320
64
0
3136
384
64
0
3648
448
64
0
4160
512
64
0
4672
576
64
0
5184
640
64
0
5696
704
64
0
6208
768
64
0
6720
832
64
0
7232
896
64
0
7744
960
64
0
8256
1024
64
0
8768
1088
64
0
9280
1152
64
0
9792
1216
64
0
10304
1280
64
0
10816
1344
64
0
11328
1408
64
0
11840
1472
64
0
12352
1536
64
0
12864
1600
64
0
13376
1664
64
0
13888
1728
64
0
14400
1792
64
0
14912
1856
64
0
15424
1920
64
0
15936
1984
64
0
128
0
64
0
640
64
64
0
1152
128
64
0
1664
192
64
0
2176
256
64
0
2688
320
64
0
3200
384
64
0
3712
448
64
0
4224
512
64
0
4736
576
64
0
5248
640
64
0
5760
704
64
0
6272
768
64
0
6784
832
64
0
7296
896
64
0
7808
960
64
0
8320
1024
64
0
8832
1088
64
0
9344
1152
64
0
9856
1216
64
0
10368
1280
64
0
10880
1344
64
0
11392
1408
64
0
11904
1472
64
0
12416
1536
64
0
12928
1600
64
0
13440
1664
64
0
13952
1728
64
0
14464
1792
64
0
14976
1856
64
0
15488
1920
64
0
16000
1984
64
0
192
0
64
0
704
64
64
0
1216
128
64
0
1728
192
64
0
2240
256
64
0
2752
320
64
0
3264
384
64
0
3776
448
64
0
4288
512
64
0
4800
576
64
0
5312
640
64
0
5824
704
64
0
6336
768
64
0
6848
832
64
0
7360
896
64
0
7872
960
64
0
8384
1024
64
0
8896
1088
64
0
9408
1152
64
0
9920
1216
64
0
10432
1280
64
0
10944
1344
64
0
11456
1408
64
0
11968
1472
64
0
12480
1536
64
0
12992
1600
64
0
13504
1664
64
0
14016
1728
64
0
14528
1792
64
0
15040
1856
64
0
15552
1920
64
0
16064
1984
64
0
256
0
64
0
768
64
64
0
1280
128
64
0
1792
192
64
0
2304
256
64
0
2816
320
64
0
3328
384
64
0
3840
448
64
0
4352
512
64
0
4864
576
64
0
5376
640
64
0
5888
704
64
0
6400
768
64
0
6912
832
64
0
7424
896
64
0
7936
960
64
0
8448
1024
64
0
8960
1088
64
0
9472
1152
64
0
9984
1216
64
0
10496
1280
64
0
11008
1344
64
0
11520
1408
64
0
12032
1472
64
0
12544
1536
64
0
13056
1600
64
0
13568
1664
64
0
14080
1728
64
0
14592
1792
64
0
15104
1856
64
0
15616
1920
64
0
16128
1984
64
0
320
0
64
0
832
64
64
0
1344
128
64
0
1856
192
64
0
2368
256
64
0
2880
320
64
0
3392
384
64
0
3904
448
64
0
4416
512
64
0
4928
576
64
0
5440
640
64
0
5952
704
64
0
6464
768
64
0
6976
832
64
0
7488
896
64
0
8000
960
64
0
8512
1024
64
0
9024
1088
64
0
9536
1152
64
0
10048
1216
64
0
10560
1280
64
0
11072
1344
64
0
11584
1408
64
0
12096
1472
64
0
12608
1536
64
0
13120
1600
64
0
13632
1664
64
0
14144
1728
64
0
14656
1792
64
0
15168
1856
64
0
15680
1920
64
0
16192
1984
64
0
384
0
64
0
896
64
64
0
1408
128
64
0
1920
192
64
0
2432
256
64
0
2944
320
64
0
3456
384
64
0
3968
448
64
0
4480
512
64
0
4992
576
64
0
5504
640
64
0
6016
704
64
0
6528
768
64
0
7040
832
64
0
7552
896
64
0
8064
960
64
0
8576
1024
64
0
9088
1088
64
0
9600
1152
64
0
10112
1216
64
0
10624
1280
64
0
11136
1344
64
0
11648
1408
64
0
12160
1472
64
0
12672
1536
64
0
13184
1600
64
0
13696
1664
64
0
14208
1728
64
0
14720
1792
64
0
15232
1856
64
0
15744
1920
64
0
16256
1984
64
0
448
0
64
0
960
64
64
0
1472
128
64
0
1984
192
64
0
2496
256
64
0
3008
320
64
0
3520
384
64
0
4032
448
64
0
4544
512
64
0
5056
576
64
0
5568
640
64
0
6080
704
64
0
6592
768
64
0
7104
832
64
0
7616
896
64
0
8128
960
64
0
8640
1024
64
0
9152
1088
64
0
9664
1152
64
0
10176
1216
64
0
10688
1280
64
0
11200
1344
64
0
11712
1408
64
0
12224
1472
64
0
12736
1536
64
0
13248
1600
64
0
13760
1664
64
0
14272
1728
64
0
14784
1792
64
0
15296
1856
64
0
15808
1920
64
0
16320
1984
64
0
16384
0
64
0
16896
64
64
0
17408
128
64
0
17920
192
64
0
18432
256
64
0
18944
320
64
0
19456
384
64
0
19968
448
64
0
20480
512
64
0
20992
576
64
0
21504
640
64
0
22016
704
64
0
22528
768
64
0
23040
832
64
0
23552
896
64
0
24064
960
64
0
24576
1024
64
0
25088
1088
64
0
25600
1152
64
0
26112
1216
64
0
26624
1280
64
0
27136
1344
64
0
27648
1408
64
0
28160
1472
64
0
28672
1536
64
0
29184
1600
64
0
29696
1664
64
0
30208
1728
64
0
30720
1792
64
0
31232
1856
64
0
31744
1920
64
0
32256
1984
64
0
16448
0
64
0
16960
64
64
0
17472
128
64
0
17984
192
64
0
18496
256
64
0
19008
320
64
0
19520
384
64
0
20032
448
64
0
20544
512
64
0
21056
576
64
0
21568
640
64
0
22080
704
64
0
22592
768
64
0
23104
832
64
0
23616
896
64
0
24128
960
64
0
24640
1024
64
0
25152
1088
64
0
25664
1152
64
0
26176
1216
64
0
26688
1280
64
0
27200
1344
64
0
27712
1408
64
0
28224
1472
64
0
28736
1536
64
0
29248
1600
64
0
29760
1664
64
0
30272
1728
64
0
30784
1792
64
0
31296
1856
64
0
31808
1920
64
0
32320
1984
64
0
16512
0
64
0
17024
64
64
0
17536
128
64
0
18048
192
64
0
18560
256
64
0
19072
320
64
0
19584
384
64
0
20096
448
64
0
20608
512
64
0
21120
576
64
0
21632
640
64
0
22144
704
64
0
22656
768
64
0
23168
832
64
0
23680
896
64
0
24192
960
64
0
24704
1024
64
0
25216
1088
64
0
25728
1152
64
0
26240
1216
64
0
26752
1280
64
0
27264
1344
64
0
27776
1408
64
0
28288
1472
64
0
28800
1536
64
0
29312
1600
64
0
29824
1664
64
0
30336
1728
64
0
30848
1792
64
0
31360
1856
64
0
31872
1920
64
0
32384
1984
64
0
16576
0
64
0
17088
64
64
0
17600
128
64
0
18112
192
64
0
18624
256
64
0
19136
320
64
0
19648
384
64
0
20160
448
64
0
20672
512
64
0
21184
576
64
0
21696
640
64
0
22208
704
64
0
22720
768
64
0
23232
832
64
0
23744
896
64
0
24256
960
64
0
24768
1024
64
0
25280
1088
64
0
25792
1152
64
0
26304
1216
64
0
26816
1280
64
0
27328
1344
64
0
27840
1408
64
0
28352
1472
64
0
28864
1536
64
0
29376
1600
64
0
29888
1664
64
0
30400
1728
64
0
30912
1792
64
0
31424
1856
64
0
31936
1920
64
0
32448
1984
64
0
16640
0
64
0
17152
64
64
0
17664
128
64
0
18176
192
64
0
18688
256
64
0
19200
320
64
0
19712
384
64
0
20224
448
64
0
20736
512
64
0
21248
576
64
0
21760
640
64
0
22272
704
64
0
22784
768
64
0
23296
832
64
0
23808
896
64
0
24320
960
64
0
24832
1024
64
0
25344
1088
64
0
25856
1152
64
0
26368
1216
64
0
26880
1280
64
0
27392
1344
64
0
27904
1408
64
0
28416
1472
64
0
28928
1536
64
0
29440
1600
64
0
29952
1664
64
0
30464
1728
64
0
30976
1792
64
0
31488
1856
64
0
32000
1920
64
0
32512
1984
64
0
16704
0
64
0
17216
64
64
0
17728
128
64
0
18240
192
64
0
18752
256
64
0
19264
320
64
0
19776
384
64
0
20288
448
64
0
20800
512
64
0
21312
576
64
0
21824
640
64
0
22336
704
64
0
22848
768
64
0
23360
832
64
0
23872
896
64
0
24384
960
64
0
24896
1024
64
0
25408
1088
64
0
25920
1152
64
0
26432
1216
64
0
26944
1280
64
0
27456
1344
64
0
27968
1408
64
0
28480
1472
64
0
28992
1536
64
0
29504
1600
64
0
30016
1664
64
0
30528
1728
64
0
31040
1792
64
0
31552
1856
64
0
32064
1920
64
0
32576
1984
64
0
16768
0
64
0
17280
64
64
0
17792
128
64
0
18304
192
64
0
18816
256
64
0
19328
320
64
0
19840
384
64
0
20352
448
64
0
20864
512
64
0
21376
576
64
0
21888
640
64
0
22400
704
64
0
22912
768
64
0
23424
832
64
0
23936
896
64
0
24448
960
64
0
24960
1024
64
0
25472
1088
64
0
25984
1152
64
0
26496
1216
64
0
27008
1280
64
0
27520
1344
64
0
28032
1408
64
0
28544
1472
64
0
29056
1536
64
0
29568
1600
64
0
30080
1664
64
0
30592
1728
64
0
31104
1792
64
0
31616
1856
64
0
32128
1920
64
0
32640
1984
64
0
16832
0
64
0
17344
64
64
0
17856
128
64
0
18368
192
64
0
18880
256
64
0
19392
320
64
0
19904
384
64
0
20416
448
64
0
20928
512
64
0
21440
576
64
0
21952
640
64
0
22464
704
64
0
22976
768
64
0
23488
832
64
0
24000
896
64
0
24512
960
64
0
25024
1024
64
0
25536
1088
64
0
26048
1152
64
0
26560
1216
64
0
27072
1280
64
0
27584
1344
64
0
28096
1408
64
0
28608
1472
64
0
29120
1536
64
0
29632
1600
64
0
30144
1664
64
0
30656
1728
64
0
31168
1792
64
0
31680
1856
64
0
32192
1920
64
0
32704
1984
64
0
32768
0
64
0
33280
64
64
0
33792
128
64
0
34304
192
64
0
34816
256
64
0
35328
320
64
0
35840
384
64
0
36352
448
64
0
36864
512
64
0
37376
576
64
0
37888
640
64
0
38400
704
64
0
38912
768
64
0
39424
832
64
0
39936
896
64
0
40448
960
64
0
40960
1024
64
0
41472
1088
64
0
41984
1152
64
0
42496
1216
64
0
43008
1280
64
0
43520
1344
64
0
44032
1408
64
0
44544
1472
64
0
45056
1536
64
0
45568
1600
64
0
46080
1664
64
0
46592
1728
64
0
47104
1792
64
0
47616
1856
64
0
48128
1920
64
0
48640
1984
64
0
32832
0
64
0
33344
64
64
0
33856
128
64
0
34368
192
64
0
34880
256
64
0
35392
320
64
0
35904
384
64
0
36416
448
64
0
36928
512
64
0
37440
576
64
0
37952
640
64
0
38464
704
64
0
38976
768
64
0
39488
832
64
0
40000
896
64
0
40512
960
64
0
41024
1024
64
0
41536
1088
64
0
42048
1152
64
0
42560
1216
64
0
43072
1280
64
0
43584
1344
64
0
44096
1408
64
0
44608
1472
64
0
45120
1536
64
0
45632
1600
64
0
46144
1664
64
0
46656
1728
64
0
47168
1792
64
0
47680
1856
64
0
48192
1920
64
0
48704
1984
64
0
32896
0
64
0
33408
64
64
0
33920
128
64
0
34432
192
64
0
34944
256
64
0
35456
320
64
0
35968
384
64
0
36480
448
64
0
36992
512
64
0
37504
576
64
0
38016
640
64
0
38528
704
64
0
39040
768
64
0
39552
832
64
0
40064
896
64
0
40576
960
64
0
41088
1024
64
0
41600
1088
64
0
42112
1152
64
0
42624
1216
64
0
43136
1280
64
0
43648
1344
64
0
44160
1408
64
0
44672
1472
64
0
45184
1536
64
0
45696
1600
64
0
46208
1664
64
0
46720
1728
64
0
47232
1792
64
0
47744
1856
64
0
48256
1920
64
0
48768
1984
64
0
32960
0
64
0
33472
64
64
0
33984
128
64
0
34496
192
64
0
35008
256
64
0
35520
320
64
0
36032
384
64
0
36544
448
64
0
37056
512
64
0
37568
576
64
0
38080
640
64
0
38592
704
64
0
39104
768
64
0
39616
832
64
0
40128
896
64
0
40640
960
64
0
41152
1024
64
0
41664
1088
64
0
42176
1152
64
0
42688
1216
64
0
43200
1280
64
0
43712
1344
64
0
44224
1408
64
0
44736
1472
64
0
45248
1536
64
0
45760
1600
64
0
46272
1664
64
0
46784
1728
64
0
47296
1792
64
0
47808
1856
64
0
48320
1920
64
0
48832
1984
64
0
33024
0
64
0
33536
64
64
0
34048
128
64
0
34560
192
64
0
35072
256
64
0
35584
320
64
0
36096
384
64
0
36608
448
64
0
37120
512
64
0
37632
576
64
0
38144
640
64
0
38656
704
64
0
39168
768
64
0
39680
832
64
0
40192
896
64
0
40704
960
64
0
41216
1024
64
0
41728
1088
64
0
42240
1152
64
0
42752
1216
64
0
43264
1280
64
0
43776
1344
64
0
44288
1408
64
0
44800
1472
64
0
45312
1536
64
0
45824
1600
64
0
46336
1664
64
0
46848
1728
64
0
47360
1792
64
0
47872
1856
64
0
48384
1920
64
0
48896
1984
64
0
33088
0
64
0
33600
64
64
0
34112
128
64
0
34624
192
64
0
35136
256
64
0
35648
320
64
0
36160
384
64
0
36672
448
64
0
37184
512
64
0
37696
576
64
0
38208
640
64
0
38720
704
64
0
39232
768
64
0
39744
832
64
0
40256
896
64
0
40768
960
64
0
41280
1024
64
0
41792
1088
64
0
42304
1152
64
0
42816
1216
64
0
43328
1280
64
0
43840
1344
64
0
44352
1408
64
0
44864
1472
64
0
45376
1536
64
0
45888
1600
64
0
46400
1664
64
0
46912
1728
64
0
47424
1792
64
0
47936
1856
64
0
48448
1920
64
0
48960
1984
64
0
33152
0
64
0
33664
64
64
0
34176
128
64
0
34688
192
64
0
35200
256
64
0
35712
320
64
0
36224
384
64
0
36736
448
64
0
37248
512
64
0
37760
576
64
0
38272
640
64
0
38784
704
64
0
39296
768
64
0
39808
832
64
0
40320
896
64
0
40832
960
64
0
41344
1024
64
0
41856
1088
64
0
42368
1152
64
0
42880
1216
64
0
43392
1280
64
0
43904
1344
64
0
44416
1408
64
0
44928
1472
64
0
45440
1536
64
0
45952
1600
64
0
46464
1664
64
0
46976
1728
64
0
47488
1792
64
0
48000
1856
64
0
48512
1920
64
0
49024
1984
64
0
33216
0
64
0
33728
64
64
0
34240
128
64
0
34752
192
64
0
35264
256
64
0
35776
320
64
0
36288
384
64
0
36800
448
64
0
37312
512
64
0
37824
576
64
0
38336
640
64
0
38848
704
64
0
39360
768
64
0
39872
832
64
0
40384
896
64
0
40896
960
64
0
41408
1024
64
0
41920
1088
64
0
42432
1152
64
0
42944
1216
64
0
43456
1280
64
0
43968
1344
64
0
44480
1408
64
0
44992
1472
64
0
45504
1536
64
0
46016
1600
64
0
46528
1664
64
0
47040
1728
64
0
47552
1792
64
0
48064
1856
64
0
48576
1920
64
0
49088
1984
64
0
49152
0
64
0
49664
64
64
0
50176
128
64
0
50688
192
64
0
51200
256
64
0
51712
320
64
0
52224
384
64
0
52736
448
64
0
53248
512
64
0
53760
576
64
0
54272
640
64
0
54784
704
64
0
55296
768
64
0
55808
832
64
0
56320
896
64
0
56832
960
64
0
57344
1024
64
0
57856
1088
64
0
58368
1152
64
0
58880
1216
64
0
59392
1280
64
0
59904
1344
64
0
60416
1408
64
0
60928
1472
64
0
61440
1536
64
0
61952
1600
64
0
62464
1664
64
0
62976
1728
64
0
63488
1792
64
0
64000
1856
64
0
64512
1920
64
0
65024
1984
64
0
49216
0
64
0
49728
64
64
0
50240
128
64
0
50752
192
64
0
51264
256
64
0
51776
320
64
0
52288
384
64
0
52800
448
64
0
53312
512
64
0
53824
576
64
0
54336
640
64
0
54848
704
64
0
55360
768
64
0
55872
832
64
0
56384
896
64
0
56896
960
64
0
57408
1024
64
0
57920
1088
64
0
58432
1152
64
0
58944
1216
64
0
59456
1280
64
0
59968
1344
64
0
60480
1408
64
0
60992
1472
64
0
61504
1536
64
0
62016
1600
64
0
62528
1664
64
0
63040
1728
64
0
63552
1792
64
0
64064
1856
64
0
64576
1920
64
0
65088
1984
64
0
49280
0
64
0
49792
64
64
0
50304
128
64
0
50816
192
64
0
51328
256
64
0
51840
320
64
0
52352
384
64
0
52864
448
64
0
53376
512
64
0
53888
576
64
0
54400
640
64
0
54912
704
64
0
55424
768
64
0
55936
832
64
0
56448
896
64
0
56960
960
64
0
57472
1024
64
0
57984
1088
64
0
58496
1152
64
0
59008
1216
64
0
59520
1280
64
0
60032
1344
64
0
60544
1408
64
0
61056
1472
64
0
61568
1536
64
0
62080
1600
64
0
62592
1664
64
0
63104
1728
64
0
63616
1792
64
0
64128
1856
64
0
64640
1920
64
0
65152
1984
64
0
49344
0
64
0
49856
64
64
0
50368
128
64
0
50880
192
64
0
51392
256
64
0
51904
320
64
0
52416
384
64
0
52928
448
64
0
53440
512
64
0
53952
576
64
0
54464
640
64
0
54976
704
64
0
55488
768
64
0
56000
832
64
0
56512
896
64
0
57024
960
64
0
57536
1024
64
0
58048
1088
64
0
58560
1152
64
0
59072
1216
64
0
59584
1280
64
0
60096
1344
64
0
60608
1408
64
0
61120
1472
64
0
61632
1536
64
0
62144
1600
64
0
62656
1664
64
0
63168
1728
64
0
63680
1792
64
0
64192
1856
64
0
64704
1920
64
0
65216
1984
64
0
49408
0
64
0
49920
64
64
0
50432
128
64
0
50944
192
64
0
51456
256
64
0
51968
320
64
0
52480
384
64
0
52992
448
64
0
53504
512
64
0
54016
576
64
0
54528
640
64
0
55040
704
64
0
55552
768
64
0
56064
832
64
0
56576
896
64
0
57088
960
64
0
57600
1024
64
0
58112
1088
64
0
58624
1152
64
0
59136
1216
64
0
59648
1280
64
0
60160
1344
64
0
60672
1408
64
0
61184
1472
64
0
61696
1536
64
0
62208
1600
64
0
62720
1664
64
0
63232
1728
64
0
63744
1792
64
0
64256
1856
64
0
64768
1920
64
0
65280
1984
64
0
49472
0
64
0
49984
64
64
0
50496
128
64
0
51008
192
64
0
51520
256
64
0
52032
320
64
0
52544
384
64
0
53056
448
64
0
53568
512
64
0
54080
576
64
0
54592
640
64
0
55104
704
64
0
55616
768
64
0
56128
832
64
0
56640
896
64
0
57152
960
64
0
57664
1024
64
0
58176
1088
64
0
58688
1152
64
0
59200
1216
64
0
59712
1280
64
0
60224
1344
64
0
60736
1408
64
0
61248
1472
64
0
61760
1536
64
0
62272
1600
64
0
62784
1664
64
0
63296
1728
64
0
63808
1792
64
0
64320
1856
64
0
64832
1920
64
0
65344
1984
64
0
49536
0
64
0
50048
64
64
0
50560
128
64
0
51072
192
64
0
51584
256
64
0
52096
320
64
0
52608
384
64
0
53120
448
64
0
53632
512
64
0
54144
576
64
0
54656
640
64
0
55168
704
64
0
55680
768
64
0
56192
832
64
0
56704
896
64
0
57216
960
64
0
57728
1024
64
0
58240
1088
64
0
58752
1152
64
0
59264
1216
64
0
59776
1280
64
0
60288
1344
64
0
60800
1408
64
0
61312
1472
64
0
61824
1536
64
0
62336
1600
64
0
62848
1664
64
0
63360
1728
64
0
63872
1792
64
0
64384
1856
64
0
64896
1920
64
0
65408
1984
64
0
49600
0
64
0
50112
64
64
0
50624
128
64
0
51136
192
64
0
51648
256
64
0
52160
320
64
0
52672
384
64
0
53184
448
64
0
53696
512
64
0
54208
576
64
0
54720
640
64
0
55232
704
64
0
55744
768
64
0
56256
832
64
0
56768
896
64
0
57280
960
64
0
57792
1024
64
0
58304
1088
64
0
58816
1152
64
0
59328
1216
64
0
59840
1280
64
0
60352
1344
64
0
60864
1408
64
0
61376
1472
64
0
61888
1536
64
0
62400
1600
64
0
62912
1664
64
0
63424
1728
64
0
63936
1792
64
0
64448
1856
64
0
64960
1920
64
0
65472
1984
64
0
65536
0
64
0
66048
64
64
0
66560
128
64
0
67072
192
64
0
67584
256
64
0
68096
320
64
0
68608
384
64
0
69120
448
64
0
69632
512
64
0
70144
576
64
0
70656
640
64
0
71168
704
64
0
71680
768
64
0
72192
832
64
0
72704
896
64
0
73216
960
64
0
73728
1024
64
0
74240
1088
64
0
74752
1152
64
0
75264
1216
64
0
75776
1280
64
0
76288
1344
64
0
76800
1408
64
0
77312
1472
64
0
77824
1536
64
0
78336
1600
64
0
78848
1664
64
0
79360
1728
64
0
79872
1792
64
0
80384
1856
64
0
80896
1920
64
0
81408
1984
64
0
65600
0
64
0
66112
64
64
0
66624
128
64
0
67136
192
64
0
67648
256
64
0
68160
320
64
0
68672
384
64
0
69184
448
64
0
69696
512
64
0
70208
576
64
0
70720
640
64
0
71232
704
64
0
71744
768
64
0
72256
832
64
0
72768
896
64
0
73280
960
64
0
73792
1024
64
0
74304
1088
64
0
74816
1152
64
0
75328
1216
64
0
75840
1280
64
0
76352
1344
64
0
76864
1408
64
0
77376
1472
64
0
77888
1536
64
0
78400
1600
64
0
78912
1664
64
0
79424
1728
64
0
79936
1792
64
0
80448
1856
64
0
80960
1920
64
0
81472
1984
64
0
65664
0
64
0
66176
64
64
0
66688
128
64
0
67200
192
64
0
67712
256
64
0
68224
320
64
0
68736
384
64
0
69248
448
64
0
69760
512
64
0
70272
576
64
0
70784
640
64
0
71296
704
64
0
71808
768
64
0
72320
832
64
0
72832
896
64
0
73344
960
64
0
73856
1024
64
0
74368
1088
64
0
74880
1152
64
0
75392
1216
64
0
75904
1280
64
0
76416
1344
64
0
76928
1408
64
0
77440
1472
64
0
77952
1536
64
0
78464
1600
64
0
78976
1664
64
0
79488
1728
64
0
80000
1792
64
0
80512
1856
64
0
81024
1920
64
0
81536
1984
64
0
65728
0
64
0
66240
64
64
0
66752
128
64
0
67264
192
64
0
67776
256
64
0
68288
320
64
0
68800
384
64
0
69312
448
64
0
69824
512
64
0
70336
576
64
0
70848
640
64
0
71360
704
64
0
71872
768
64
0
72384
832
64
0
72896
896
64
0
73408
960
64
0
73920
1024
64
0
74432
1088
64
0
74944
1152
64
0
75456
1216
64
0
75968
1280
64
0
76480
1344
64
0
76992
1408
64
0
77504
1472
64
0
78016
1536
64
0
78528
1600
64
0
79040
1664
64
0
79552
1728
64
0
80064
1792
64
0
80576
1856
64
0
81088
1920
64
0
81600
1984
64
0
65792
0
64
0
66304
64
64
0
66816
128
64
0
67328
192
64
0
67840
256
64
0
68352
320
64
0
68864
384
64
0
69376
448
64
0
69888
512
64
0
70400
576
64
0
70912
640
64
0
71424
704
64
0
71936
768
64
0
72448
832
64
0
72960
896
64
0
73472
960
64
0
73984
1024
64
0
74496
1088
64
0
75008
1152
64
0
75520
1216
64
0
76032
1280
64
0
76544
1344
64
0
77056
1408
64
0
77568
1472
64
0
78080
1536
64
0
78592
1600
64
0
79104
1664
64
0
79616
1728
64
0
80128
1792
64
0
80640
1856
64
0
81152
1920
64
0
81664
1984
64
0
65856
0
64
0
66368
64
64
0
66880
128
64
0
67392
192
64
0
67904
256
64
0
68416
320
64
0
68928
384
64
0
69440
448
64
0
69952
512
64
0
70464
576
64
0
70976
640
64
0
71488
704
64
0
72000
768
64
0
72512
832
64
0
73024
896
64
0
73536
960
64
0
74048
1024
64
0
74560
1088
64
0
75072
1152
64
0
75584
1216
64
0
76096
1280
64
0
76608
1344
64
0
77120
1408
64
0
77632
1472
64
0
78144
1536
64
0
78656
1600
64
0
79168
1664
64
0
79680
1728
64
0
80192
1792
64
0
80704
1856
64
0
81216
1920
64
0
81728
1984
64
0
65920
0
64
0
66432
64
64
0
66944
128
64
0
67456
192
64
0
67968
256
64
0
68480
320
64
0
68992
384
64
0
69504
448
64
0
70016
512
64
0
70528
576
64
0
71040
640
64
0
71552
704
64
0
72064
768
64
0
72576
832
64
0
73088
896
64
0
73600
960
64
0
74112
1024
64
0
74624
1088
64
0
75136
1152
64
0
75648
1216
64
0
76160
1280
64
0
76672
1344
64
0
77184
1408
64
0
77696
1472
64
0
78208
1536
64
0
78720
1600
64
0
79232
1664
64
0
79744
1728
64
0
80256
1792
64
0
80768
1856
64
0
81280
1920
64
0
81792
1984
64
0
65984
0
64
0
66496
64
64
0
67008
128
64
0
67520
192
64
0
68032
256
64
0
68544
320
64
0
69056
384
64
0
69568
448
64
0
70080
512
64
0
70592
576
64
0
71104
640
64
0
71616
704
64
0
72128
768
64
0
72640
832
64
0
73152
896
64
0
73664
960
64
0
74176
1024
64
0
74688
1088
64
0
75200
1152
64
0
75712
1216
64
0
76224
1280
64
0
76736
1344
64
0
77248
1408
64
0
77760
1472
64
0
78272
1536
64
0
78784
1600
64
0
79296
1664
64
0
79808
1728
64
0
80320
1792
64
0
80832
1856
64
0
81344
1920
64
0
81856
1984
64
0
81920
0
64
0
82432
64
64
0
82944
128
64
0
83456
192
64
0
83968
256
64
0
84480
320
64
0
84992
384
64
0
85504
448
64
0
86016
512
64
0
86528
576
64
0
87040
640
64
0
87552
704
64
0
88064
768
64
0
88576
832
64
0
89088
896
64
0
89600
960
64
0
90112
1024
64
0
90624
1088
64
0
91136
1152
64
0
91648
1216
64
0
92160
1280
64
0
92672
1344
64
0
93184
1408
64
0
93696
1472
64
0
94208
1536
64
0
94720
1600
64
0
95232
1664
64
0
95744
1728
64
0
96256
1792
64
0
96768
1856
64
0
97280
1920
64
0
97792
1984
64
0
81984
0
64
0
82496
64
64
0
83008
128
64
0
83520
192
64
0
84032
256
64
0
84544
320
64
0
85056
384
64
0
85568
448
64
0
86080
512
64
0
86592
576
64
0
87104
640
64
0
87616
704
64
0
88128
768
64
0
88640
832
64
0
89152
896
64
0
89664
960
64
0
90176
1024
64
0
90688
1088
64
0
91200
1152
64
0
91712
1216
64
0
92224
1280
64
0
92736
1344
64
0
93248
1408
64
0
93760
1472
64
0
94272
1536
64
0
94784
1600
64
0
95296
1664
64
0
95808
1728
64
0
96320
1792
64
0
96832
1856
64
0
97344
1920
64
0
97856
1984
64
0
82048
0
64
0
82560
64
64
0
83072
128
64
0
83584
192
64
0
84096
256
64
0
84608
320
64
0
85120
384
64
0
85632
448
64
0
86144
512
64
0
86656
576
64
0
87168
640
64
0
87680
704
64
0
88192
768
64
0
88704
832
64
0
89216
896
64
0
89728
960
64
0
90240
1024
64
0
90752
1088
64
0
91264
1152
64
0
91776
1216
64
0
92288
1280
64
0
92800
1344
64
0
93312
1408
64
0
93824
1472
64
0
94336
1536
64
0
94848
1600
64
0
95360
1664
64
0
95872
1728
64
0
96384
1792
64
0
96896
1856
64
0
97408
1920
64
0
97920
1984
64
0
82112
0
64
0
82624
64
64
0
83136
128
64
0
83648
192
64
0
84160
256
64
0
84672
320
64
0
85184
384
64
0
85696
448
64
0
86208
512
64
0
86720
576
64
0
87232
640
64
0
87744
704
64
0
88256
768
64
0
88768
832
64
0
89280
896
64
0
89792
960
64
0
90304
1024
64
0
90816
1088
64
0
91328
1152
64
0
91840
1216
64
0
92352
1280
64
0
92864
1344
64
0
93376
1408
64
0
93888
1472
64
0
94400
1536
64
0
94912
1600
64
0
95424
1664
64
0
95936
1728
64
0
96448
1792
64
0
96960
1856
64
0
97472
1920
64
0
97984
1984
64
0
82176
0
64
0
82688
64
64
0
83200
128
64
0
83712
192
64
0
84224
256
64
0
84736
320
64
0
85248
384
64
0
85760
448
64
0
86272
512
64
0
86784
576
64
0
87296
640
64
0
87808
704
64
0
88320
768
64
0
88832
832
64
0
89344
896
64
0
89856
960
64
0
90368
1024
64
0
90880
1088
64
0
91392
1152
64
0
91904
1216
64
0
92416
1280
64
0
92928
1344
64
0
93440
1408
64
0
93952
1472
64
0
94464
1536
64
0
94976
1600
64
0
95488
1664
64
0
96000
1728
64
0
96512
1792
64
0
97024
1856
64
0
97536
1920
64
0
98048
1984
64
0
82240
0
64
0
82752
64
64
0
83264
128
64
0
83776
192
64
0
84288
256
64
0
84800
320
64
0
85312
384
64
0
85824
448
64
0
86336
512
64
0
86848
576
64
0
87360
640
64
0
87872
704
64
0
88384
768
64
0
88896
832
64
0
89408
896
64
0
89920
960
64
0
90432
1024
64
0
90944
1088
64
0
91456
1152
64
0
91968
1216
64
0
92480
1280
64
0
92992
1344
64
0
93504
1408
64
0
94016
1472
64
0
94528
1536
64
0
95040
1600
64
0
95552
1664
64
0
96064
1728
64
0
96576
1792
64
0
97088
1856
64
0
97600
1920
64
0
98112
1984
64
0
82304
0
64
0
82816
64
64
0
83328
128
64
0
83840
192
64
0
84352
256
64
0
84864
320
64
0
85376
384
64
0
85888
448
64
0
86400
512
64
0
86912
576
64
0
87424
640
64
0
87936
704
64
0
88448
768
64
0
88960
832
64
0
89472
896
64
0
89984
960
64
0
90496
1024
64
0
91008
1088
64
0
91520
1152
64
0
92032
1216
64
0
92544
1280
64
0
93056
1344
64
0
93568
1408
64
0
94080
1472
64
0
94592
1536
64
0
95104
1600
64
0
95616
1664
64
0
96128
1728
64
0
96640
1792
64
0
97152
1856
64
0
97664
1920
64
0
98176
1984
64
0
82368
0
64
0
82880
64
64
0
83392
128
64
0
83904
192
64
0
84416
256
64
0
84928
320
64
0
85440
384
64
0
85952
448
64
0
86464
512
64
0
86976
576
64
0
87488
640
64
0
88000
704
64
0
88512
768
64
0
89024
832
64
0
89536
896
64
0
90048
960
64
0
90560
1024
64
0
91072
1088
64
0
91584
1152
64
0
92096
1216
64
0
92608
1280
64
0
93120
1344
64
0
93632
1408
64
0
94144
1472
64
0
94656
1536
64
0
95168
1600
64
0
95680
1664
64
0
96192
1728
64
0
96704
1792
64
0
97216
1856
64
0
97728
1920
64
0
98240
1984
64
0
98304
0
64
0
98816
64
64
0
99328
128
64
0
99840
192
64
0
0
256
64
1
0
320
64
1
0
384
64
1
0
448
64
1
0
512
64
1
0
576
64
1
0
640
64
1
0
704
64
1
0
768
64
1
0
832
64
1
0
896
64
1
0
960
64
1
0
1024
64
1
0
1088
64
1
0
1152
64
1
0
1216
64
1
0
1280
64
1
0
1344
64
1
0
1408
64
1
0
1472
64
1
0
1536
64
1
0
1600
64
1
0
1664
64
1
0
1728
64
1
0
1792
64
1
0
1856
64
1
0
1920
64
1
0
1984
64
1
98368
0
64
0
98880
64
64
0
99392
128
64
0
99904
192
64
0
64
256
64
1
64
320
64
1
64
384
64
1
64
448
64
1
64
512
64
1
64
576
64
1
64
640
64
1
64
704
64
1
64
768
64
1
64
832
64
1
64
896
64
1
64
960
64
1
64
1024
64
1
64
1088
64
1
64
1152
64
1
64
1216
64
1
64
1280
64
1
64
1344
64
1
64
1408
64
1
64
1472
64
1
64
1536
64
1
64
1600
64
1
64
1664
64
1
64
1728
64
1
64
1792
64
1
64
1856
64
1
64
1920
64
1
64
1984
64
1
98432
0
64
0
98944
64
64
0
99456
128
64
0
99968
192
64
0
128
256
64
1
128
320
64
1
128
384
64
1
128
448
64
1
128
512
64
1
128
576
64
1
128
640
64
1
128
704
64
1
128
768
64
1
128
832
64
1
128
896
64
1
128
960
64
1
128
1024
64
1
128
1088
64
1
128
1152
64
1
128
1216
64
1
128
1280
64
1
128
1344
64
1
128
1408
64
1
128
1472
64
1
128
1536
64
1
128
1600
64
1
128
1664
64
1
128
1728
64
1
128
1792
64
1
128
1856
64
1
128
1920
64
1
128
1984
64
1
98496
0
64
0
99008
64
64
0
99520
128
64
0
100032
192
64
0
192
256
64
1
192
320
64
1
192
384
64
1
192
448
64
1
192
512
64
1
192
576
64
1
192
640
64
1
192
704
64
1
192
768
64
1
192
832
64
1
192
896
64
1
192
960
64
1
192
1024
64
1
192
1088
64
1
192
1152
64
1
192
1216
64
1
192
1280
64
1
192
1344
64
1
192
1408
64
1
192
1472
64
1
192
1536
64
1
192
1600
64
1
192
1664
64
1
192
1728
64
1
192
1792
64
1
192
1856
64
1
192
1920
64
1
192
1984
64
1
98560
0
64
0
99072
64
64
0
99584
128
64
0
100096
192
64
0
256
256
64
1
256
320
64
1
256
384
64
1
256
448
64
1
256
512
64
1
256
576
64
1
256
640
64
1
256
704
64
1
256
768
64
1
256
832
64
1
256
896
64
1
256
960
64
1
256
1024
64
1
256
1088
64
1
256
1152
64
1
256
1216
64
1
256
1280
64
1
256
1344
64
1
256
1408
64
1
256
1472
64
1
256
1536
64
1
256
1600
64
1
256
1664
64
1
256
1728
64
1
256
1792
64
1
256
1856
64
1
256
1920
64
1
256
1984
64
1
98624
0
64
0
99136
64
64
0
99648
128
64
0
100160
192
64
0
320
256
64
1
320
320
64
1
320
384
64
1
320
448
64
1
320
512
64
1
320
576
64
1
320
640
64
1
320
704
64
1
320
768
64
1
320
832
64
1
320
896
64
1
320
960
64
1
320
1024
64
1
320
1088
64
1
320
1152
64
1
320
1216
64
1
320
1280
64
1
320
1344
64
1
320
1408
64
1
320
1472
64
1
320
1536
64
1
320
1600
64
1
320
1664
64
1
320
1728
64
1
320
1792
64
1
320
1856
64
1
320
1920
64
1
320
1984
64
1
98688
0
64
0
99200
64
64
0
99712
128
64
0
100224
192
64
0
384
256
64
1
384
320
64
1
384
384
64
1
384
448
64
1
384
512
64
1
384
576
64
1
384
640
64
1
384
704
64
1
384
768
64
1
384
832
64
1
384
896
64
1
384
960
64
1
384
1024
64
1
384
1088
64
1
384
1152
64
1
384
1216
64
1
384
1280
64
1
384
1344
64
1
384
1408
64
1
384
1472
64
1
384
1536
64
1
384
1600
64
1
384
1664
64
1
384
1728
64
1
384
1792
64
1
384
1856
64
1
384
1920
64
1
384
1984
64
1
98752
0
64
0
99264
64
64
0
99776
128
64
0
100288
192
64
0
448
256
64
1
448
320
64
1
448
384
64
1
448
448
64
1
448
512
64
1
448
576
64
1
448
640
64
1
448
704
64
1
448
768
64
1
448
832
64
1
448
896
64
1
448
960
64
1
448
1024
64
1
448
1088
64
1
448
1152
64
1
448
1216
64
1
448
1280
64
1
448
1344
64
1
448
1408
64
1
448
1472
64
1
448
1536
64
1
448
1600
64
1
448
1664
64
1
448
1728
64
1
448
1792
64
1
448
1856
64
1
448
1920
64
1
448
1984
64
1
