0
0
64
0
256
64
64
0
512
128
64
0
768
192
64
0
2048
256
64
0
2304
320
64
0
2560
384
64
0
2816
448
64
0
4096
512
64
0
4352
576
64
0
4608
640
64
0
4864
704
64
0
6144
768
64
0
6400
832
64
0
6656
896
64
0
6912
960
64
0
0
1024
64
1
0
1088
64
1
0
1152
64
1
0
1216
64
1
0
1280
64
1
0
1344
64
1
0
1408
64
1
0
1472
64
1
0
1536
64
1
0
1600
64
1
0
1664
64
1
0
1728
64
1
0
1792
64
1
0
1856
64
1
0
1920
64
1
0
1984
64
1
64
0
64
0
320
64
64
0
576
128
64
0
832
192
64
0
2112
256
64
0
2368
320
64
0
2624
384
64
0
2880
448
64
0
4160
512
64
0
4416
576
64
0
4672
640
64
0
4928
704
64
0
6208
768
64
0
6464
832
64
0
6720
896
64
0
6976
960
64
0
64
1024
64
1
64
1088
64
1
64
1152
64
1
64
1216
64
1
64
1280
64
1
64
1344
64
1
64
1408
64
1
64
1472
64
1
64
1536
64
1
64
1600
64
1
64
1664
64
1
64
1728
64
1
64
1792
64
1
64
1856
64
1
64
1920
64
1
64
1984
64
1
