0
0
64
1
0
64
64
1
0
128
64
1
0
192
64
1
0
256
64
1
0
320
64
1
0
384
64
0
64
448
64
0
128
512
64
0
192
576
64
0
0
640
64
1
320
704
64
0
384
768
64
0
448
832
64
0
512
896
64
0
0
960
64
1
640
1024
64
0
704
1088
64
0
768
1152
64
0
832
1216
64
0
0
1280
64
1
960
1344
64
0
1024
1408
64
0
1088
1472
64
0
1152
1536
64
0
0
1600
64
1
0
1664
64
1
0
1728
64
1
0
1792
64
1
0
1856
64
1
0
1920
64
1
0
1984
64
1
0
0
64
1
0
64
64
1
0
128
64
1
0
192
64
1
0
256
64
1
0
320
64
0
64
384
64
0
128
448
64
0
192
512
64
0
256
576
64
0
320
640
64
0
384
704
64
0
448
768
64
0
512
832
64
0
576
896
64
0
640
960
64
0
704
1024
64
0
768
1088
64
0
832
1152
64
0
896
1216
64
0
960
1280
64
0
1024
1344
64
0
1088
1408
64
0
1152
1472
64
0
1216
1536
64
0
64
1600
64
1
64
1664
64
1
64
1728
64
1
64
1792
64
1
64
1856
64
1
64
1920
64
1
64
1984
64
1
0
0
64
1
0
64
64
1
0
128
64
1
0
192
64
1
0
256
64
1
64
320
64
0
128
384
64
0
192
448
64
0
256
512
64
0
0
576
64
1
384
640
64
0
448
704
64
0
512
768
64
0
576
832
64
0
0
896
64
1
704
960
64
0
768
1024
64
0
832
1088
64
0
896
1152
64
0
0
1216
64
1
1024
1280
64
0
1088
1344
64
0
1152
1408
64
0
1216
1472
64
0
0
1536
64
1
128
1600
64
1
128
1664
64
1
128
1728
64
1
128
1792
64
1
128
1856
64
1
128
1920
64
1
128
1984
64
1
0
0
64
1
0
64
64
0
64
128
64
0
128
192
64
0
192
256
64
0
0
320
64
1
320
384
64
0
384
448
64
0
448
512
64
0
512
576
64
0
0
640
64
1
640
704
64
0
704
768
64
0
768
832
64
0
832
896
64
0
0
960
64
1
960
1024
64
0
1024
1088
64
0
1088
1152
64
0
1152
1216
64
0
0
1280
64
1
1280
1344
64
0
1344
1408
64
0
1408
1472
64
0
1472
1536
64
0
192
1600
64
1
192
1664
64
1
192
1728
64
1
192
1792
64
1
192
1856
64
1
192
1920
64
1
192
1984
64
1
0
0
64
0
64
64
64
0
128
128
64
0
192
192
64
0
256
256
64
0
320
320
64
0
384
384
64
0
448
448
64
0
512
512
64
0
576
576
64
0
640
640
64
0
704
704
64
0
768
768
64
0
832
832
64
0
896
896
64
0
960
960
64
0
1024
1024
64
0
1088
1088
64
0
1152
1152
64
0
1216
1216
64
0
1280
1280
64
0
1344
1344
64
0
1408
1408
64
0
1472
1472
64
0
1536
1536
64
0
256
1600
64
1
256
1664
64
1
256
1728
64
1
256
1792
64
1
256
1856
64
1
256
1920
64
1
256
1984
64
1
64
0
64
0
128
64
64
0
192
128
64
0
256
192
64
0
0
256
64
1
384
320
64
0
448
384
64
0
512
448
64
0
576
512
64
0
0
576
64
1
704
640
64
0
768
704
64
0
832
768
64
0
896
832
64
0
0
896
64
1
1024
960
64
0
1088
1024
64
0
1152
1088
64
0
1216
1152
64
0
0
1216
64
1
1344
1280
64
0
1408
1344
64
0
1472
1408
64
0
1536
1472
64
0
0
1536
64
1
320
1600
64
1
320
1664
64
1
320
1728
64
1
320
1792
64
1
320
1856
64
1
320
1920
64
1
320
1984
64
1
0
0
64
1
320
64
64
0
384
128
64
0
448
192
64
0
512
256
64
0
0
320
64
1
640
384
64
0
704
448
64
0
768
512
64
0
832
576
64
0
0
640
64
1
960
704
64
0
1024
768
64
0
1088
832
64
0
1152
896
64
0
0
960
64
1
1280
1024
64
0
1344
1088
64
0
1408
1152
64
0
1472
1216
64
0
0
1280
64
1
0
1344
64
1
0
1408
64
1
0
1472
64
1
0
1536
64
1
384
1600
64
1
384
1664
64
1
384
1728
64
1
384
1792
64
1
384
1856
64
1
384
1920
64
1
384
1984
64
1
320
0
64
0
384
64
64
0
448
128
64
0
512
192
64
0
576
256
64
0
640
320
64
0
704
384
64
0
768
448
64
0
832
512
64
0
896
576
64
0
960
640
64
0
1024
704
64
0
1088
768
64
0
1152
832
64
0
1216
896
64
0
1280
960
64
0
1344
1024
64
0
1408
1088
64
0
1472
1152
64
0
1536
1216
64
0
0
1280
64
1
0
1344
64
1
0
1408
64
1
0
1472
64
1
0
1536
64
1
448
1600
64
1
448
1664
64
1
448
1728
64
1
448
1792
64
1
448
1856
64
1
448
1920
64
1
448
1984
64
1
384
0
64
0
448
64
64
0
512
128
64
0
576
192
64
0
0
256
64
1
704
320
64
0
768
384
64
0
832
448
64
0
896
512
64
0
0
576
64
1
1024
640
64
0
1088
704
64
0
1152
768
64
0
1216
832
64
0
0
896
64
1
1344
960
64
0
1408
1024
64
0
1472
1088
64
0
1536
1152
64
0
0
1216
64
1
0
1280
64
1
0
1344
64
1
0
1408
64
1
0
1472
64
1
0
1536
64
1
512
1600
64
1
512
1664
64
1
512
1728
64
1
512
1792
64
1
512
1856
64
1
512
1920
64
1
512
1984
64
1
