0
0
64
0
256
64
64
0
512
128
64
0
768
192
64
0
1024
256
64
0
1280
320
64
0
1536
384
64
0
1792
448
64
0
2048
512
64
0
2304
576
64
0
2560
640
64
0
2816
704
64
0
3072
768
64
0
3328
832
64
0
3584
896
64
0
3840
960
64
0
4096
1024
64
0
4352
1088
64
0
4608
1152
64
0
4864
1216
64
0
5120
1280
64
0
5376
1344
64
0
5632
1408
64
0
5888
1472
64
0
6144
1536
64
0
6400
1600
64
0
6656
1664
64
0
6912
1728
64
0
7168
1792
64
0
7424
1856
64
0
7680
1920
64
0
7936
1984
64
0
64
0
64
0
320
64
64
0
576
128
64
0
832
192
64
0
1088
256
64
0
1344
320
64
0
1600
384
64
0
1856
448
64
0
2112
512
64
0
2368
576
64
0
2624
640
64
0
2880
704
64
0
3136
768
64
0
3392
832
64
0
3648
896
64
0
3904
960
64
0
4160
1024
64
0
4416
1088
64
0
4672
1152
64
0
4928
1216
64
0
5184
1280
64
0
5440
1344
64
0
5696
1408
64
0
5952
1472
64
0
6208
1536
64
0
6464
1600
64
0
6720
1664
64
0
6976
1728
64
0
7232
1792
64
0
7488
1856
64
0
7744
1920
64
0
8000
1984
64
0
128
0
64
0
384
64
64
0
640
128
64
0
896
192
64
0
1152
256
64
0
1408
320
64
0
1664
384
64
0
1920
448
64
0
2176
512
64
0
2432
576
64
0
2688
640
64
0
2944
704
64
0
3200
768
64
0
3456
832
64
0
3712
896
64
0
3968
960
64
0
4224
1024
64
0
4480
1088
64
0
4736
1152
64
0
4992
1216
64
0
5248
1280
64
0
5504
1344
64
0
5760
1408
64
0
6016
1472
64
0
6272
1536
64
0
6528
1600
64
0
6784
1664
64
0
7040
1728
64
0
7296
1792
64
0
7552
1856
64
0
7808
1920
64
0
8064
1984
64
0
192
0
64
0
448
64
64
0
704
128
64
0
960
192
64
0
1216
256
64
0
1472
320
64
0
1728
384
64
0
1984
448
64
0
2240
512
64
0
2496
576
64
0
2752
640
64
0
3008
704
64
0
3264
768
64
0
3520
832
64
0
3776
896
64
0
4032
960
64
0
4288
1024
64
0
4544
1088
64
0
4800
1152
64
0
5056
1216
64
0
5312
1280
64
0
5568
1344
64
0
5824
1408
64
0
6080
1472
64
0
6336
1536
64
0
6592
1600
64
0
6848
1664
64
0
7104
1728
64
0
7360
1792
64
0
7616
1856
64
0
7872
1920
64
0
8128
1984
64
0
8192
0
64
0
8448
64
64
0
8704
128
64
0
8960
192
64
0
9216
256
64
0
9472
320
64
0
9728
384
64
0
9984
448
64
0
10240
512
64
0
10496
576
64
0
10752
640
64
0
11008
704
64
0
11264
768
64
0
11520
832
64
0
11776
896
64
0
12032
960
64
0
12288
1024
64
0
12544
1088
64
0
12800
1152
64
0
13056
1216
64
0
13312
1280
64
0
13568
1344
64
0
13824
1408
64
0
14080
1472
64
0
14336
1536
64
0
14592
1600
64
0
14848
1664
64
0
15104
1728
64
0
15360
1792
64
0
15616
1856
64
0
15872
1920
64
0
16128
1984
64
0
8256
0
64
0
8512
64
64
0
8768
128
64
0
9024
192
64
0
9280
256
64
0
9536
320
64
0
9792
384
64
0
10048
448
64
0
10304
512
64
0
10560
576
64
0
10816
640
64
0
11072
704
64
0
11328
768
64
0
11584
832
64
0
11840
896
64
0
12096
960
64
0
12352
1024
64
0
12608
1088
64
0
12864
1152
64
0
13120
1216
64
0
13376
1280
64
0
13632
1344
64
0
13888
1408
64
0
14144
1472
64
0
14400
1536
64
0
14656
1600
64
0
14912
1664
64
0
15168
1728
64
0
15424
1792
64
0
15680
1856
64
0
15936
1920
64
0
16192
1984
64
0
8320
0
64
0
8576
64
64
0
8832
128
64
0
9088
192
64
0
9344
256
64
0
9600
320
64
0
9856
384
64
0
10112
448
64
0
10368
512
64
0
10624
576
64
0
10880
640
64
0
11136
704
64
0
11392
768
64
0
11648
832
64
0
11904
896
64
0
12160
960
64
0
12416
1024
64
0
12672
1088
64
0
12928
1152
64
0
13184
1216
64
0
13440
1280
64
0
13696
1344
64
0
13952
1408
64
0
14208
1472
64
0
14464
1536
64
0
14720
1600
64
0
14976
1664
64
0
15232
1728
64
0
15488
1792
64
0
15744
1856
64
0
16000
1920
64
0
16256
1984
64
0
8384
0
64
0
8640
64
64
0
8896
128
64
0
9152
192
64
0
9408
256
64
0
9664
320
64
0
9920
384
64
0
10176
448
64
0
10432
512
64
0
10688
576
64
0
10944
640
64
0
11200
704
64
0
11456
768
64
0
11712
832
64
0
11968
896
64
0
12224
960
64
0
12480
1024
64
0
12736
1088
64
0
12992
1152
64
0
13248
1216
64
0
13504
1280
64
0
13760
1344
64
0
14016
1408
64
0
14272
1472
64
0
14528
1536
64
0
14784
1600
64
0
15040
1664
64
0
15296
1728
64
0
15552
1792
64
0
15808
1856
64
0
16064
1920
64
0
16320
1984
64
0
16384
0
64
0
16640
64
64
0
16896
128
64
0
17152
192
64
0
17408
256
64
0
17664
320
64
0
17920
384
64
0
18176
448
64
0
18432
512
64
0
18688
576
64
0
18944
640
64
0
19200
704
64
0
19456
768
64
0
19712
832
64
0
19968
896
64
0
20224
960
64
0
20480
1024
64
0
20736
1088
64
0
20992
1152
64
0
21248
1216
64
0
21504
1280
64
0
21760
1344
64
0
22016
1408
64
0
22272
1472
64
0
22528
1536
64
0
22784
1600
64
0
23040
1664
64
0
23296
1728
64
0
23552
1792
64
0
23808
1856
64
0
24064
1920
64
0
24320
1984
64
0
16448
0
64
0
16704
64
64
0
16960
128
64
0
17216
192
64
0
17472
256
64
0
17728
320
64
0
17984
384
64
0
18240
448
64
0
18496
512
64
0
18752
576
64
0
19008
640
64
0
19264
704
64
0
19520
768
64
0
19776
832
64
0
20032
896
64
0
20288
960
64
0
20544
1024
64
0
20800
1088
64
0
21056
1152
64
0
21312
1216
64
0
21568
1280
64
0
21824
1344
64
0
22080
1408
64
0
22336
1472
64
0
22592
1536
64
0
22848
1600
64
0
23104
1664
64
0
23360
1728
64
0
23616
1792
64
0
23872
1856
64
0
24128
1920
64
0
24384
1984
64
0
16512
0
64
0
16768
64
64
0
17024
128
64
0
17280
192
64
0
17536
256
64
0
17792
320
64
0
18048
384
64
0
18304
448
64
0
18560
512
64
0
18816
576
64
0
19072
640
64
0
19328
704
64
0
19584
768
64
0
19840
832
64
0
20096
896
64
0
20352
960
64
0
20608
1024
64
0
20864
1088
64
0
21120
1152
64
0
21376
1216
64
0
21632
1280
64
0
21888
1344
64
0
22144
1408
64
0
22400
1472
64
0
22656
1536
64
0
22912
1600
64
0
23168
1664
64
0
23424
1728
64
0
23680
1792
64
0
23936
1856
64
0
24192
1920
64
0
24448
1984
64
0
16576
0
64
0
16832
64
64
0
17088
128
64
0
17344
192
64
0
17600
256
64
0
17856
320
64
0
18112
384
64
0
18368
448
64
0
18624
512
64
0
18880
576
64
0
19136
640
64
0
19392
704
64
0
19648
768
64
0
19904
832
64
0
20160
896
64
0
20416
960
64
0
20672
1024
64
0
20928
1088
64
0
21184
1152
64
0
21440
1216
64
0
21696
1280
64
0
21952
1344
64
0
22208
1408
64
0
22464
1472
64
0
22720
1536
64
0
22976
1600
64
0
23232
1664
64
0
23488
1728
64
0
23744
1792
64
0
24000
1856
64
0
24256
1920
64
0
24512
1984
64
0
24576
0
64
0
24832
64
64
0
25088
128
64
0
25344
192
64
0
25600
256
64
0
25856
320
64
0
26112
384
64
0
26368
448
64
0
26624
512
64
0
26880
576
64
0
27136
640
64
0
27392
704
64
0
27648
768
64
0
27904
832
64
0
28160
896
64
0
28416
960
64
0
28672
1024
64
0
28928
1088
64
0
29184
1152
64
0
29440
1216
64
0
29696
1280
64
0
29952
1344
64
0
30208
1408
64
0
30464
1472
64
0
30720
1536
64
0
30976
1600
64
0
31232
1664
64
0
31488
1728
64
0
31744
1792
64
0
32000
1856
64
0
32256
1920
64
0
32512
1984
64
0
24640
0
64
0
24896
64
64
0
25152
128
64
0
25408
192
64
0
25664
256
64
0
25920
320
64
0
26176
384
64
0
26432
448
64
0
26688
512
64
0
26944
576
64
0
27200
640
64
0
27456
704
64
0
27712
768
64
0
27968
832
64
0
28224
896
64
0
28480
960
64
0
28736
1024
64
0
28992
1088
64
0
29248
1152
64
0
29504
1216
64
0
29760
1280
64
0
30016
1344
64
0
30272
1408
64
0
30528
1472
64
0
30784
1536
64
0
31040
1600
64
0
31296
1664
64
0
31552
1728
64
0
31808
1792
64
0
32064
1856
64
0
32320
1920
64
0
32576
1984
64
0
24704
0
64
0
24960
64
64
0
25216
128
64
0
25472
192
64
0
25728
256
64
0
25984
320
64
0
26240
384
64
0
26496
448
64
0
26752
512
64
0
27008
576
64
0
27264
640
64
0
27520
704
64
0
27776
768
64
0
28032
832
64
0
28288
896
64
0
28544
960
64
0
28800
1024
64
0
29056
1088
64
0
29312
1152
64
0
29568
1216
64
0
29824
1280
64
0
30080
1344
64
0
30336
1408
64
0
30592
1472
64
0
30848
1536
64
0
31104
1600
64
0
31360
1664
64
0
31616
1728
64
0
31872
1792
64
0
32128
1856
64
0
32384
1920
64
0
32640
1984
64
0
24768
0
64
0
25024
64
64
0
25280
128
64
0
25536
192
64
0
25792
256
64
0
26048
320
64
0
26304
384
64
0
26560
448
64
0
26816
512
64
0
27072
576
64
0
27328
640
64
0
27584
704
64
0
27840
768
64
0
28096
832
64
0
28352
896
64
0
28608
960
64
0
28864
1024
64
0
29120
1088
64
0
29376
1152
64
0
29632
1216
64
0
29888
1280
64
0
30144
1344
64
0
30400
1408
64
0
30656
1472
64
0
30912
1536
64
0
31168
1600
64
0
31424
1664
64
0
31680
1728
64
0
31936
1792
64
0
32192
1856
64
0
32448
1920
64
0
32704
1984
64
0
32768
0
64
0
33024
64
64
0
33280
128
64
0
33536
192
64
0
33792
256
64
0
34048
320
64
0
34304
384
64
0
34560
448
64
0
34816
512
64
0
35072
576
64
0
35328
640
64
0
35584
704
64
0
35840
768
64
0
36096
832
64
0
36352
896
64
0
36608
960
64
0
36864
1024
64
0
37120
1088
64
0
37376
1152
64
0
37632
1216
64
0
37888
1280
64
0
38144
1344
64
0
38400
1408
64
0
38656
1472
64
0
38912
1536
64
0
39168
1600
64
0
39424
1664
64
0
39680
1728
64
0
39936
1792
64
0
40192
1856
64
0
40448
1920
64
0
40704
1984
64
0
32832
0
64
0
33088
64
64
0
33344
128
64
0
33600
192
64
0
33856
256
64
0
34112
320
64
0
34368
384
64
0
34624
448
64
0
34880
512
64
0
35136
576
64
0
35392
640
64
0
35648
704
64
0
35904
768
64
0
36160
832
64
0
36416
896
64
0
36672
960
64
0
36928
1024
64
0
37184
1088
64
0
37440
1152
64
0
37696
1216
64
0
37952
1280
64
0
38208
1344
64
0
38464
1408
64
0
38720
1472
64
0
38976
1536
64
0
39232
1600
64
0
39488
1664
64
0
39744
1728
64
0
40000
1792
64
0
40256
1856
64
0
40512
1920
64
0
40768
1984
64
0
32896
0
64
0
33152
64
64
0
33408
128
64
0
33664
192
64
0
33920
256
64
0
34176
320
64
0
34432
384
64
0
34688
448
64
0
34944
512
64
0
35200
576
64
0
35456
640
64
0
35712
704
64
0
35968
768
64
0
36224
832
64
0
36480
896
64
0
36736
960
64
0
36992
1024
64
0
37248
1088
64
0
37504
1152
64
0
37760
1216
64
0
38016
1280
64
0
38272
1344
64
0
38528
1408
64
0
38784
1472
64
0
39040
1536
64
0
39296
1600
64
0
39552
1664
64
0
39808
1728
64
0
40064
1792
64
0
40320
1856
64
0
40576
1920
64
0
40832
1984
64
0
32960
0
64
0
33216
64
64
0
33472
128
64
0
33728
192
64
0
33984
256
64
0
34240
320
64
0
34496
384
64
0
34752
448
64
0
35008
512
64
0
35264
576
64
0
35520
640
64
0
35776
704
64
0
36032
768
64
0
36288
832
64
0
36544
896
64
0
36800
960
64
0
37056
1024
64
0
37312
1088
64
0
37568
1152
64
0
37824
1216
64
0
38080
1280
64
0
38336
1344
64
0
38592
1408
64
0
38848
1472
64
0
39104
1536
64
0
39360
1600
64
0
39616
1664
64
0
39872
1728
64
0
40128
1792
64
0
40384
1856
64
0
40640
1920
64
0
40896
1984
64
0
40960
0
64
0
41216
64
64
0
41472
128
64
0
41728
192
64
0
41984
256
64
0
42240
320
64
0
42496
384
64
0
42752
448
64
0
43008
512
64
0
43264
576
64
0
43520
640
64
0
43776
704
64
0
44032
768
64
0
44288
832
64
0
44544
896
64
0
44800
960
64
0
45056
1024
64
0
45312
1088
64
0
45568
1152
64
0
45824
1216
64
0
46080
1280
64
0
46336
1344
64
0
46592
1408
64
0
46848
1472
64
0
47104
1536
64
0
47360
1600
64
0
47616
1664
64
0
47872
1728
64
0
48128
1792
64
0
48384
1856
64
0
48640
1920
64
0
48896
1984
64
0
41024
0
64
0
41280
64
64
0
41536
128
64
0
41792
192
64
0
42048
256
64
0
42304
320
64
0
42560
384
64
0
42816
448
64
0
43072
512
64
0
43328
576
64
0
43584
640
64
0
43840
704
64
0
44096
768
64
0
44352
832
64
0
44608
896
64
0
44864
960
64
0
45120
1024
64
0
45376
1088
64
0
45632
1152
64
0
45888
1216
64
0
46144
1280
64
0
46400
1344
64
0
46656
1408
64
0
46912
1472
64
0
47168
1536
64
0
47424
1600
64
0
47680
1664
64
0
47936
1728
64
0
48192
1792
64
0
48448
1856
64
0
48704
1920
64
0
48960
1984
64
0
41088
0
64
0
41344
64
64
0
41600
128
64
0
41856
192
64
0
42112
256
64
0
42368
320
64
0
42624
384
64
0
42880
448
64
0
43136
512
64
0
43392
576
64
0
43648
640
64
0
43904
704
64
0
44160
768
64
0
44416
832
64
0
44672
896
64
0
44928
960
64
0
45184
1024
64
0
45440
1088
64
0
45696
1152
64
0
45952
1216
64
0
46208
1280
64
0
46464
1344
64
0
46720
1408
64
0
46976
1472
64
0
47232
1536
64
0
47488
1600
64
0
47744
1664
64
0
48000
1728
64
0
48256
1792
64
0
48512
1856
64
0
48768
1920
64
0
49024
1984
64
0
41152
0
64
0
41408
64
64
0
41664
128
64
0
41920
192
64
0
42176
256
64
0
42432
320
64
0
42688
384
64
0
42944
448
64
0
43200
512
64
0
43456
576
64
0
43712
640
64
0
43968
704
64
0
44224
768
64
0
44480
832
64
0
44736
896
64
0
44992
960
64
0
45248
1024
64
0
45504
1088
64
0
45760
1152
64
0
46016
1216
64
0
46272
1280
64
0
46528
1344
64
0
46784
1408
64
0
47040
1472
64
0
47296
1536
64
0
47552
1600
64
0
47808
1664
64
0
48064
1728
64
0
48320
1792
64
0
48576
1856
64
0
48832
1920
64
0
49088
1984
64
0
49152
0
64
0
49408
64
64
0
49664
128
64
0
49920
192
64
0
0
256
64
1
0
320
64
1
0
384
64
1
0
448
64
1
0
512
64
1
0
576
64
1
0
640
64
1
0
704
64
1
0
768
64
1
0
832
64
1
0
896
64
1
0
960
64
1
0
1024
64
1
0
1088
64
1
0
1152
64
1
0
1216
64
1
0
1280
64
1
0
1344
64
1
0
1408
64
1
0
1472
64
1
0
1536
64
1
0
1600
64
1
0
1664
64
1
0
1728
64
1
0
1792
64
1
0
1856
64
1
0
1920
64
1
0
1984
64
1
49216
0
64
0
49472
64
64
0
49728
128
64
0
49984
192
64
0
64
256
64
1
64
320
64
1
64
384
64
1
64
448
64
1
64
512
64
1
64
576
64
1
64
640
64
1
64
704
64
1
64
768
64
1
64
832
64
1
64
896
64
1
64
960
64
1
64
1024
64
1
64
1088
64
1
64
1152
64
1
64
1216
64
1
64
1280
64
1
64
1344
64
1
64
1408
64
1
64
1472
64
1
64
1536
64
1
64
1600
64
1
64
1664
64
1
64
1728
64
1
64
1792
64
1
64
1856
64
1
64
1920
64
1
64
1984
64
1
49280
0
64
0
49536
64
64
0
49792
128
64
0
50048
192
64
0
128
256
64
1
128
320
64
1
128
384
64
1
128
448
64
1
128
512
64
1
128
576
64
1
128
640
64
1
128
704
64
1
128
768
64
1
128
832
64
1
128
896
64
1
128
960
64
1
128
1024
64
1
128
1088
64
1
128
1152
64
1
128
1216
64
1
128
1280
64
1
128
1344
64
1
128
1408
64
1
128
1472
64
1
128
1536
64
1
128
1600
64
1
128
1664
64
1
128
1728
64
1
128
1792
64
1
128
1856
64
1
128
1920
64
1
128
1984
64
1
49344
0
64
0
49600
64
64
0
49856
128
64
0
50112
192
64
0
192
256
64
1
192
320
64
1
192
384
64
1
192
448
64
1
192
512
64
1
192
576
64
1
192
640
64
1
192
704
64
1
192
768
64
1
192
832
64
1
192
896
64
1
192
960
64
1
192
1024
64
1
192
1088
64
1
192
1152
64
1
192
1216
64
1
192
1280
64
1
192
1344
64
1
192
1408
64
1
192
1472
64
1
192
1536
64
1
192
1600
64
1
192
1664
64
1
192
1728
64
1
192
1792
64
1
192
1856
64
1
192
1920
64
1
192
1984
64
1
