0
0
64
1
0
64
64
1
0
128
64
1
0
192
64
1
0
256
64
1
0
320
64
1
0
384
64
1
0
448
64
1
0
512
64
1
0
576
64
1
0
640
64
1
0
704
64
1
0
768
64
1
0
832
64
1
0
896
64
1
0
960
64
1
0
1024
64
1
0
1088
64
1
0
1152
64
1
0
1216
64
1
0
1280
64
1
0
1344
64
1
0
1408
64
1
0
1472
64
1
0
1536
64
1
0
1600
64
1
0
1664
64
1
0
1728
64
1
0
1792
64
1
0
1856
64
1
0
1920
64
1
0
1984
64
1
0
0
64
1
0
64
64
1
0
128
64
1
0
192
64
1
0
256
64
1
0
320
64
1
0
384
64
1
0
448
64
1
0
512
64
1
0
576
64
1
0
640
64
1
0
704
64
1
0
768
64
1
0
832
64
1
0
896
64
1
0
960
64
1
0
1024
64
1
0
1088
64
1
0
1152
64
1
0
1216
64
0
64
1280
64
0
128
1344
64
0
192
1408
64
0
256
1472
64
0
320
1536
64
0
384
1600
64
0
448
1664
64
0
512
1728
64
0
576
1792
64
0
0
1856
64
1
0
1920
64
1
0
1984
64
1
0
0
64
1
0
64
64
1
0
128
64
1
640
192
64
0
704
256
64
0
768
320
64
0
832
384
64
0
896
448
64
0
960
512
64
0
1024
576
64
0
1088
640
64
0
1152
704
64
0
1216
768
64
0
0
832
64
1
0
896
64
1
0
960
64
1
0
1024
64
1
0
1088
64
1
0
1152
64
1
1280
1216
64
0
1344
1280
64
0
1408
1344
64
0
1472
1408
64
0
1536
1472
64
0
1600
1536
64
0
1664
1600
64
0
1728
1664
64
0
1792
1728
64
0
1856
1792
64
0
0
1856
64
1
0
1920
64
1
0
1984
64
1
0
0
64
1
0
64
64
1
0
128
64
1
1920
192
64
0
1984
256
64
0
2048
320
64
0
2112
384
64
0
2176
448
64
0
2240
512
64
0
2304
576
64
0
2368
640
64
0
2432
704
64
0
2496
768
64
0
0
832
64
1
0
896
64
1
0
960
64
1
0
1024
64
1
0
1088
64
1
0
1152
64
1
2560
1216
64
0
2624
1280
64
0
2688
1344
64
0
2752
1408
64
0
2816
1472
64
0
2880
1536
64
0
2944
1600
64
0
3008
1664
64
0
3072
1728
64
0
3136
1792
64
0
0
1856
64
1
0
1920
64
1
0
1984
64
1
0
0
64
1
0
64
64
1
0
128
64
1
3200
192
64
0
3264
256
64
0
3328
320
64
0
3392
384
64
0
3456
448
64
0
3520
512
64
0
3584
576
64
0
3648
640
64
0
3712
704
64
0
3776
768
64
0
0
832
64
1
0
896
64
1
0
960
64
1
0
1024
64
1
0
1088
64
1
0
1152
64
1
3840
1216
64
0
3904
1280
64
0
3968
1344
64
0
4032
1408
64
0
4096
1472
64
0
4160
1536
64
0
4224
1600
64
0
4288
1664
64
0
4352
1728
64
0
4416
1792
64
0
0
1856
64
1
0
1920
64
1
0
1984
64
1
0
0
64
1
0
64
64
1
0
128
64
1
4480
192
64
0
4544
256
64
0
4608
320
64
0
4672
384
64
0
4736
448
64
0
4800
512
64
0
4864
576
64
0
4928
640
64
0
4992
704
64
0
5056
768
64
0
0
832
64
1
0
896
64
1
0
960
64
1
0
1024
64
1
0
1088
64
1
0
1152
64
1
5120
1216
64
0
5184
1280
64
0
5248
1344
64
0
5312
1408
64
0
5376
1472
64
0
5440
1536
64
0
5504
1600
64
0
5568
1664
64
0
5632
1728
64
0
5696
1792
64
0
0
1856
64
1
0
1920
64
1
0
1984
64
1
0
0
64
1
0
64
64
1
0
128
64
1
5760
192
64
0
5824
256
64
0
5888
320
64
0
5952
384
64
0
6016
448
64
0
6080
512
64
0
6144
576
64
0
6208
640
64
0
6272
704
64
0
6336
768
64
0
0
832
64
1
0
896
64
1
0
960
64
1
0
1024
64
1
0
1088
64
1
0
1152
64
1
0
1216
64
1
0
1280
64
1
0
1344
64
1
0
1408
64
1
0
1472
64
1
0
1536
64
1
0
1600
64
1
0
1664
64
1
0
1728
64
1
0
1792
64
1
0
1856
64
1
0
1920
64
1
0
1984
64
1
0
0
64
1
0
64
64
1
0
128
64
1
0
192
64
1
0
256
64
1
0
320
64
1
0
384
64
1
0
448
64
1
0
512
64
1
0
576
64
1
0
640
64
1
0
704
64
1
0
768
64
1
0
832
64
1
0
896
64
1
0
960
64
1
0
1024
64
1
0
1088
64
1
0
1152
64
1
0
1216
64
1
0
1280
64
1
0
1344
64
1
0
1408
64
1
0
1472
64
1
0
1536
64
1
0
1600
64
1
0
1664
64
1
0
1728
64
1
0
1792
64
1
0
1856
64
1
0
1920
64
1
0
1984
64
1
