0
0
64
1
0
64
64
1
0
128
64
1
0
192
64
1
0
256
64
1
0
320
64
1
0
384
64
1
0
448
64
1
0
512
64
1
0
576
64
1
0
640
64
0
128
704
64
0
256
768
64
0
384
832
64
0
512
896
64
0
640
960
64
0
768
1024
64
0
0
1088
64
1
0
1152
64
1
896
1216
64
0
1024
1280
64
0
1152
1344
64
0
1280
1408
64
0
1408
1472
64
0
1536
1536
64
0
1664
1600
64
0
0
1664
64
1
0
1728
64
1
1792
1792
64
0
1920
1856
64
0
2048
1920
64
0
2176
1984
64
0
64
0
64
1
64
64
64
1
64
128
64
1
64
192
64
1
64
256
64
1
64
320
64
1
64
384
64
1
64
448
64
1
64
512
64
1
64
576
64
1
64
640
64
0
192
704
64
0
320
768
64
0
448
832
64
0
576
896
64
0
704
960
64
0
832
1024
64
0
64
1088
64
1
64
1152
64
1
960
1216
64
0
1088
1280
64
0
1216
1344
64
0
1344
1408
64
0
1472
1472
64
0
1600
1536
64
0
1728
1600
64
0
64
1664
64
1
64
1728
64
1
1856
1792
64
0
1984
1856
64
0
2112
1920
64
0
2240
1984
64
0
2304
0
64
0
2432
64
64
0
2560
128
64
0
0
192
64
1
0
256
64
1
2688
320
64
0
2816
384
64
0
2944
448
64
0
3072
512
64
0
3200
576
64
0
3328
640
64
0
3456
704
64
0
0
768
64
1
0
832
64
1
3584
896
64
0
3712
960
64
0
3840
1024
64
0
3968
1088
64
0
4096
1152
64
0
4224
1216
64
0
4352
1280
64
0
0
1344
64
1
0
1408
64
1
4480
1472
64
0
4608
1536
64
0
4736
1600
64
0
4864
1664
64
0
4992
1728
64
0
5120
1792
64
0
5248
1856
64
0
0
1920
64
1
0
1984
64
1
2368
0
64
0
2496
64
64
0
2624
128
64
0
64
192
64
1
64
256
64
1
2752
320
64
0
2880
384
64
0
3008
448
64
0
3136
512
64
0
3264
576
64
0
3392
640
64
0
3520
704
64
0
64
768
64
1
64
832
64
1
3648
896
64
0
3776
960
64
0
3904
1024
64
0
4032
1088
64
0
4160
1152
64
0
4288
1216
64
0
4416
1280
64
0
64
1344
64
1
64
1408
64
1
4544
1472
64
0
4672
1536
64
0
4800
1600
64
0
4928
1664
64
0
5056
1728
64
0
5184
1792
64
0
5312
1856
64
0
64
1920
64
1
64
1984
64
1
5376
0
64
0
5504
64
64
0
5632
128
64
0
5760
192
64
0
5888
256
64
0
6016
320
64
0
6144
384
64
0
0
448
64
1
0
512
64
1
0
576
64
1
0
640
64
1
0
704
64
1
0
768
64
1
0
832
64
1
0
896
64
1
0
960
64
1
0
1024
64
1
0
1088
64
1
0
1152
64
1
0
1216
64
1
0
1280
64
1
0
1344
64
1
0
1408
64
1
0
1472
64
1
0
1536
64
1
0
1600
64
1
0
1664
64
1
0
1728
64
1
0
1792
64
1
0
1856
64
1
0
1920
64
1
0
1984
64
1
5440
0
64
0
5568
64
64
0
5696
128
64
0
5824
192
64
0
5952
256
64
0
6080
320
64
0
6208
384
64
0
64
448
64
1
64
512
64
1
64
576
64
1
64
640
64
1
64
704
64
1
64
768
64
1
64
832
64
1
64
896
64
1
64
960
64
1
64
1024
64
1
64
1088
64
1
64
1152
64
1
64
1216
64
1
64
1280
64
1
64
1344
64
1
64
1408
64
1
64
1472
64
1
64
1536
64
1
64
1600
64
1
64
1664
64
1
64
1728
64
1
64
1792
64
1
64
1856
64
1
64
1920
64
1
64
1984
64
1
