0
0
64
0
64
64
64
0
128
128
64
0
192
192
64
0
256
256
64
0
320
320
64
0
384
384
64
0
448
448
64
0
512
512
64
0
576
576
64
0
640
640
64
0
704
704
64
0
768
768
64
0
832
832
64
0
896
896
64
0
960
960
64
0
1024
1024
64
0
1088
1088
64
0
1152
1152
64
0
1216
1216
64
0
1280
1280
64
0
1344
1344
64
0
1408
1408
64
0
1472
1472
64
0
1536
1536
64
0
1600
1600
64
0
1664
1664
64
0
1728
1728
64
0
1792
1792
64
0
1856
1856
64
0
1920
1920
64
0
1984
1984
64
0
2048
0
64
0
2112
64
64
0
2176
128
64
0
2240
192
64
0
2304
256
64
0
2368
320
64
0
2432
384
64
0
2496
448
64
0
2560
512
64
0
2624
576
64
0
2688
640
64
0
2752
704
64
0
2816
768
64
0
2880
832
64
0
2944
896
64
0
3008
960
64
0
3072
1024
64
0
3136
1088
64
0
3200
1152
64
0
3264
1216
64
0
3328
1280
64
0
3392
1344
64
0
3456
1408
64
0
3520
1472
64
0
3584
1536
64
0
3648
1600
64
0
3712
1664
64
0
3776
1728
64
0
3840
1792
64
0
3904
1856
64
0
3968
1920
64
0
4032
1984
64
0
4096
0
64
0
4160
64
64
0
4224
128
64
0
4288
192
64
0
4352
256
64
0
4416
320
64
0
4480
384
64
0
4544
448
64
0
4608
512
64
0
4672
576
64
0
4736
640
64
0
4800
704
64
0
4864
768
64
0
4928
832
64
0
4992
896
64
0
5056
960
64
0
5120
1024
64
0
5184
1088
64
0
5248
1152
64
0
5312
1216
64
0
5376
1280
64
0
5440
1344
64
0
5504
1408
64
0
5568
1472
64
0
5632
1536
64
0
5696
1600
64
0
5760
1664
64
0
5824
1728
64
0
5888
1792
64
0
5952
1856
64
0
6016
1920
64
0
6080
1984
64
0
6144
0
64
0
6208
64
64
0
6272
128
64
0
6336
192
64
0
6400
256
64
0
6464
320
64
0
6528
384
64
0
6592
448
64
0
6656
512
64
0
6720
576
64
0
6784
640
64
0
6848
704
64
0
6912
768
64
0
6976
832
64
0
7040
896
64
0
7104
960
64
0
7168
1024
64
0
7232
1088
64
0
7296
1152
64
0
7360
1216
64
0
7424
1280
64
0
7488
1344
64
0
7552
1408
64
0
7616
1472
64
0
7680
1536
64
0
7744
1600
64
0
7808
1664
64
0
7872
1728
64
0
7936
1792
64
0
8000
1856
64
0
8064
1920
64
0
8128
1984
64
0
8192
0
64
0
8256
64
64
0
8320
128
64
0
8384
192
64
0
8448
256
64
0
8512
320
64
0
8576
384
64
0
8640
448
64
0
8704
512
64
0
8768
576
64
0
8832
640
64
0
8896
704
64
0
8960
768
64
0
9024
832
64
0
9088
896
64
0
9152
960
64
0
9216
1024
64
0
9280
1088
64
0
9344
1152
64
0
9408
1216
64
0
9472
1280
64
0
9536
1344
64
0
9600
1408
64
0
9664
1472
64
0
9728
1536
64
0
9792
1600
64
0
9856
1664
64
0
9920
1728
64
0
9984
1792
64
0
10048
1856
64
0
10112
1920
64
0
10176
1984
64
0
10240
0
64
0
10304
64
64
0
10368
128
64
0
10432
192
64
0
10496
256
64
0
10560
320
64
0
10624
384
64
0
10688
448
64
0
10752
512
64
0
10816
576
64
0
10880
640
64
0
10944
704
64
0
11008
768
64
0
11072
832
64
0
11136
896
64
0
11200
960
64
0
11264
1024
64
0
11328
1088
64
0
11392
1152
64
0
11456
1216
64
0
11520
1280
64
0
11584
1344
64
0
11648
1408
64
0
11712
1472
64
0
11776
1536
64
0
11840
1600
64
0
11904
1664
64
0
11968
1728
64
0
12032
1792
64
0
12096
1856
64
0
12160
1920
64
0
12224
1984
64
0
12288
0
64
0
12352
64
64
0
12416
128
64
0
12480
192
64
0
0
256
64
1
0
320
64
1
0
384
64
1
0
448
64
1
0
512
64
1
0
576
64
1
0
640
64
1
0
704
64
1
0
768
64
1
0
832
64
1
0
896
64
1
0
960
64
1
0
1024
64
1
0
1088
64
1
0
1152
64
1
0
1216
64
1
0
1280
64
1
0
1344
64
1
0
1408
64
1
0
1472
64
1
0
1536
64
1
0
1600
64
1
0
1664
64
1
0
1728
64
1
0
1792
64
1
0
1856
64
1
0
1920
64
1
0
1984
64
1
