0
0
64
1
0
64
64
1
0
128
64
1
0
192
64
1
0
256
64
1
1408
320
64
0
1664
384
64
0
1920
448
64
0
0
512
64
1
3968
576
64
0
4224
640
64
0
4480
704
64
0
0
768
64
1
6528
832
64
0
6784
896
64
0
7040
960
64
0
0
1024
64
1
0
1088
64
1
0
1152
64
1
0
1216
64
1
0
1280
64
1
0
1344
64
1
0
1408
64
1
0
1472
64
1
0
1536
64
1
0
1600
64
1
0
1664
64
1
0
1728
64
1
0
1792
64
1
0
1856
64
1
0
1920
64
1
0
1984
64
1
64
0
64
1
64
64
64
1
64
128
64
1
64
192
64
1
64
256
64
1
1472
320
64
0
1728
384
64
0
1984
448
64
0
64
512
64
1
4032
576
64
0
4288
640
64
0
4544
704
64
0
64
768
64
1
6592
832
64
0
6848
896
64
0
7104
960
64
0
64
1024
64
1
64
1088
64
1
64
1152
64
1
64
1216
64
1
64
1280
64
1
64
1344
64
1
64
1408
64
1
64
1472
64
1
64
1536
64
1
64
1600
64
1
64
1664
64
1
64
1728
64
1
64
1792
64
1
64
1856
64
1
64
1920
64
1
64
1984
64
1
0
0
64
1
0
64
64
1
0
128
64
1
0
192
64
1
1280
256
64
0
1536
320
64
0
1792
384
64
0
2048
448
64
0
3840
512
64
0
4096
576
64
0
4352
640
64
0
4608
704
64
0
6400
768
64
0
6656
832
64
0
6912
896
64
0
7168
960
64
0
128
1024
64
1
128
1088
64
1
128
1152
64
1
128
1216
64
1
128
1280
64
1
128
1344
64
1
128
1408
64
1
128
1472
64
1
128
1536
64
1
128
1600
64
1
128
1664
64
1
128
1728
64
1
128
1792
64
1
128
1856
64
1
128
1920
64
1
128
1984
64
1
64
0
64
1
64
64
64
1
64
128
64
1
64
192
64
1
1344
256
64
0
1600
320
64
0
1856
384
64
0
2112
448
64
0
3904
512
64
0
4160
576
64
0
4416
640
64
0
4672
704
64
0
6464
768
64
0
6720
832
64
0
6976
896
64
0
7232
960
64
0
192
1024
64
1
192
1088
64
1
192
1152
64
1
192
1216
64
1
192
1280
64
1
192
1344
64
1
192
1408
64
1
192
1472
64
1
192
1536
64
1
192
1600
64
1
192
1664
64
1
192
1728
64
1
192
1792
64
1
192
1856
64
1
192
1920
64
1
192
1984
64
1
0
0
64
1
0
64
64
1
0
128
64
1
0
192
64
1
1408
256
64
0
1664
320
64
0
1920
384
64
0
2176
448
64
0
3968
512
64
0
4224
576
64
0
4480
640
64
0
4736
704
64
0
6528
768
64
0
6784
832
64
0
7040
896
64
0
7296
960
64
0
256
1024
64
1
256
1088
64
1
256
1152
64
1
256
1216
64
1
256
1280
64
1
256
1344
64
1
256
1408
64
1
256
1472
64
1
256
1536
64
1
256
1600
64
1
256
1664
64
1
256
1728
64
1
256
1792
64
1
256
1856
64
1
256
1920
64
1
256
1984
64
1
64
0
64
1
64
64
64
1
64
128
64
1
64
192
64
1
1472
256
64
0
1728
320
64
0
1984
384
64
0
2240
448
64
0
4032
512
64
0
4288
576
64
0
4544
640
64
0
4800
704
64
0
6592
768
64
0
6848
832
64
0
7104
896
64
0
7360
960
64
0
320
1024
64
1
320
1088
64
1
320
1152
64
1
320
1216
64
1
320
1280
64
1
320
1344
64
1
320
1408
64
1
320
1472
64
1
320
1536
64
1
320
1600
64
1
320
1664
64
1
320
1728
64
1
320
1792
64
1
320
1856
64
1
320
1920
64
1
320
1984
64
1
0
0
64
1
0
64
64
1
0
128
64
1
0
192
64
1
1536
256
64
0
1792
320
64
0
2048
384
64
0
2304
448
64
0
4096
512
64
0
4352
576
64
0
4608
640
64
0
4864
704
64
0
6656
768
64
0
6912
832
64
0
7168
896
64
0
7424
960
64
0
384
1024
64
1
384
1088
64
1
384
1152
64
1
384
1216
64
1
384
1280
64
1
384
1344
64
1
384
1408
64
1
384
1472
64
1
384
1536
64
1
384
1600
64
1
384
1664
64
1
384
1728
64
1
384
1792
64
1
384
1856
64
1
384
1920
64
1
384
1984
64
1
64
0
64
1
64
64
64
1
64
128
64
1
64
192
64
1
1600
256
64
0
1856
320
64
0
2112
384
64
0
2368
448
64
0
4160
512
64
0
4416
576
64
0
4672
640
64
0
4928
704
64
0
6720
768
64
0
6976
832
64
0
7232
896
64
0
7488
960
64
0
448
1024
64
1
448
1088
64
1
448
1152
64
1
448
1216
64
1
448
1280
64
1
448
1344
64
1
448
1408
64
1
448
1472
64
1
448
1536
64
1
448
1600
64
1
448
1664
64
1
448
1728
64
1
448
1792
64
1
448
1856
64
1
448
1920
64
1
448
1984
64
1
0
0
64
1
0
64
64
1
0
128
64
1
0
192
64
1
1664
256
64
0
1920
320
64
0
2176
384
64
0
2432
448
64
0
4224
512
64
0
4480
576
64
0
4736
640
64
0
4992
704
64
0
6784
768
64
0
7040
832
64
0
7296
896
64
0
7552
960
64
0
512
1024
64
1
512
1088
64
1
512
1152
64
1
512
1216
64
1
512
1280
64
1
512
1344
64
1
512
1408
64
1
512
1472
64
1
512
1536
64
1
512
1600
64
1
512
1664
64
1
512
1728
64
1
512
1792
64
1
512
1856
64
1
512
1920
64
1
512
1984
64
1
64
0
64
1
64
64
64
1
64
128
64
1
64
192
64
1
1728
256
64
0
1984
320
64
0
2240
384
64
0
2496
448
64
0
4288
512
64
0
4544
576
64
0
4800
640
64
0
5056
704
64
0
6848
768
64
0
7104
832
64
0
7360
896
64
0
7616
960
64
0
576
1024
64
1
576
1088
64
1
576
1152
64
1
576
1216
64
1
576
1280
64
1
576
1344
64
1
576
1408
64
1
576
1472
64
1
576
1536
64
1
576
1600
64
1
576
1664
64
1
576
1728
64
1
576
1792
64
1
576
1856
64
1
576
1920
64
1
576
1984
64
1
0
0
64
1
128
64
64
0
384
128
64
0
640
192
64
0
0
256
64
1
2688
320
64
0
2944
384
64
0
3200
448
64
0
0
512
64
1
5248
576
64
0
5504
640
64
0
5760
704
64
0
0
768
64
1
7808
832
64
0
8064
896
64
0
8320
960
64
0
640
1024
64
1
640
1088
64
1
640
1152
64
1
640
1216
64
1
640
1280
64
1
640
1344
64
1
640
1408
64
1
640
1472
64
1
640
1536
64
1
640
1600
64
1
640
1664
64
1
640
1728
64
1
640
1792
64
1
640
1856
64
1
640
1920
64
1
640
1984
64
1
64
0
64
1
192
64
64
0
448
128
64
0
704
192
64
0
64
256
64
1
2752
320
64
0
3008
384
64
0
3264
448
64
0
64
512
64
1
5312
576
64
0
5568
640
64
0
5824
704
64
0
64
768
64
1
7872
832
64
0
8128
896
64
0
8384
960
64
0
704
1024
64
1
704
1088
64
1
704
1152
64
1
704
1216
64
1
704
1280
64
1
704
1344
64
1
704
1408
64
1
704
1472
64
1
704
1536
64
1
704
1600
64
1
704
1664
64
1
704
1728
64
1
704
1792
64
1
704
1856
64
1
704
1920
64
1
704
1984
64
1
0
0
64
0
256
64
64
0
512
128
64
0
768
192
64
0
2560
256
64
0
2816
320
64
0
3072
384
64
0
3328
448
64
0
5120
512
64
0
5376
576
64
0
5632
640
64
0
5888
704
64
0
7680
768
64
0
7936
832
64
0
8192
896
64
0
8448
960
64
0
768
1024
64
1
768
1088
64
1
768
1152
64
1
768
1216
64
1
768
1280
64
1
768
1344
64
1
768
1408
64
1
768
1472
64
1
768
1536
64
1
768
1600
64
1
768
1664
64
1
768
1728
64
1
768
1792
64
1
768
1856
64
1
768
1920
64
1
768
1984
64
1
64
0
64
0
320
64
64
0
576
128
64
0
832
192
64
0
2624
256
64
0
2880
320
64
0
3136
384
64
0
3392
448
64
0
5184
512
64
0
5440
576
64
0
5696
640
64
0
5952
704
64
0
7744
768
64
0
8000
832
64
0
8256
896
64
0
8512
960
64
0
832
1024
64
1
832
1088
64
1
832
1152
64
1
832
1216
64
1
832
1280
64
1
832
1344
64
1
832
1408
64
1
832
1472
64
1
832
1536
64
1
832
1600
64
1
832
1664
64
1
832
1728
64
1
832
1792
64
1
832
1856
64
1
832
1920
64
1
832
1984
64
1
128
0
64
0
384
64
64
0
640
128
64
0
896
192
64
0
2688
256
64
0
2944
320
64
0
3200
384
64
0
3456
448
64
0
5248
512
64
0
5504
576
64
0
5760
640
64
0
6016
704
64
0
7808
768
64
0
8064
832
64
0
8320
896
64
0
8576
960
64
0
896
1024
64
1
896
1088
64
1
896
1152
64
1
896
1216
64
1
896
1280
64
1
896
1344
64
1
896
1408
64
1
896
1472
64
1
896
1536
64
1
896
1600
64
1
896
1664
64
1
896
1728
64
1
896
1792
64
1
896
1856
64
1
896
1920
64
1
896
1984
64
1
192
0
64
0
448
64
64
0
704
128
64
0
960
192
64
0
2752
256
64
0
3008
320
64
0
3264
384
64
0
3520
448
64
0
5312
512
64
0
5568
576
64
0
5824
640
64
0
6080
704
64
0
7872
768
64
0
8128
832
64
0
8384
896
64
0
8640
960
64
0
960
1024
64
1
960
1088
64
1
960
1152
64
1
960
1216
64
1
960
1280
64
1
960
1344
64
1
960
1408
64
1
960
1472
64
1
960
1536
64
1
960
1600
64
1
960
1664
64
1
960
1728
64
1
960
1792
64
1
960
1856
64
1
960
1920
64
1
960
1984
64
1
256
0
64
0
512
64
64
0
768
128
64
0
1024
192
64
0
2816
256
64
0
3072
320
64
0
3328
384
64
0
3584
448
64
0
5376
512
64
0
5632
576
64
0
5888
640
64
0
6144
704
64
0
7936
768
64
0
8192
832
64
0
8448
896
64
0
8704
960
64
0
1024
1024
64
1
1024
1088
64
1
1024
1152
64
1
1024
1216
64
1
1024
1280
64
1
1024
1344
64
1
1024
1408
64
1
1024
1472
64
1
1024
1536
64
1
1024
1600
64
1
1024
1664
64
1
1024
1728
64
1
1024
1792
64
1
1024
1856
64
1
1024
1920
64
1
1024
1984
64
1
320
0
64
0
576
64
64
0
832
128
64
0
1088
192
64
0
2880
256
64
0
3136
320
64
0
3392
384
64
0
3648
448
64
0
5440
512
64
0
5696
576
64
0
5952
640
64
0
6208
704
64
0
8000
768
64
0
8256
832
64
0
8512
896
64
0
8768
960
64
0
1088
1024
64
1
1088
1088
64
1
1088
1152
64
1
1088
1216
64
1
1088
1280
64
1
1088
1344
64
1
1088
1408
64
1
1088
1472
64
1
1088
1536
64
1
1088
1600
64
1
1088
1664
64
1
1088
1728
64
1
1088
1792
64
1
1088
1856
64
1
1088
1920
64
1
1088
1984
64
1
384
0
64
0
640
64
64
0
896
128
64
0
1152
192
64
0
2944
256
64
0
3200
320
64
0
3456
384
64
0
3712
448
64
0
5504
512
64
0
5760
576
64
0
6016
640
64
0
6272
704
64
0
8064
768
64
0
8320
832
64
0
8576
896
64
0
8832
960
64
0
1152
1024
64
1
1152
1088
64
1
1152
1152
64
1
1152
1216
64
1
1152
1280
64
1
1152
1344
64
1
1152
1408
64
1
1152
1472
64
1
1152
1536
64
1
1152
1600
64
1
1152
1664
64
1
1152
1728
64
1
1152
1792
64
1
1152
1856
64
1
1152
1920
64
1
1152
1984
64
1
448
0
64
0
704
64
64
0
960
128
64
0
1216
192
64
0
3008
256
64
0
3264
320
64
0
3520
384
64
0
3776
448
64
0
5568
512
64
0
5824
576
64
0
6080
640
64
0
6336
704
64
0
8128
768
64
0
8384
832
64
0
8640
896
64
0
8896
960
64
0
1216
1024
64
1
1216
1088
64
1
1216
1152
64
1
1216
1216
64
1
1216
1280
64
1
1216
1344
64
1
1216
1408
64
1
1216
1472
64
1
1216
1536
64
1
1216
1600
64
1
1216
1664
64
1
1216
1728
64
1
1216
1792
64
1
1216
1856
64
1
1216
1920
64
1
1216
1984
64
1
0
0
64
1
1408
64
64
0
1664
128
64
0
1920
192
64
0
0
256
64
1
3968
320
64
0
4224
384
64
0
4480
448
64
0
0
512
64
1
6528
576
64
0
6784
640
64
0
7040
704
64
0
0
768
64
1
9088
832
64
0
9344
896
64
0
9600
960
64
0
1280
1024
64
1
1280
1088
64
1
1280
1152
64
1
1280
1216
64
1
1280
1280
64
1
1280
1344
64
1
1280
1408
64
1
1280
1472
64
1
1280
1536
64
1
1280
1600
64
1
1280
1664
64
1
1280
1728
64
1
1280
1792
64
1
1280
1856
64
1
1280
1920
64
1
1280
1984
64
1
64
0
64
1
1472
64
64
0
1728
128
64
0
1984
192
64
0
64
256
64
1
4032
320
64
0
4288
384
64
0
4544
448
64
0
64
512
64
1
6592
576
64
0
6848
640
64
0
7104
704
64
0
64
768
64
1
9152
832
64
0
9408
896
64
0
9664
960
64
0
1344
1024
64
1
1344
1088
64
1
1344
1152
64
1
1344
1216
64
1
1344
1280
64
1
1344
1344
64
1
1344
1408
64
1
1344
1472
64
1
1344
1536
64
1
1344
1600
64
1
1344
1664
64
1
1344
1728
64
1
1344
1792
64
1
1344
1856
64
1
1344
1920
64
1
1344
1984
64
1
1280
0
64
0
1536
64
64
0
1792
128
64
0
2048
192
64
0
3840
256
64
0
4096
320
64
0
4352
384
64
0
4608
448
64
0
6400
512
64
0
6656
576
64
0
6912
640
64
0
7168
704
64
0
8960
768
64
0
9216
832
64
0
9472
896
64
0
9728
960
64
0
1408
1024
64
1
1408
1088
64
1
1408
1152
64
1
1408
1216
64
1
1408
1280
64
1
1408
1344
64
1
1408
1408
64
1
1408
1472
64
1
1408
1536
64
1
1408
1600
64
1
1408
1664
64
1
1408
1728
64
1
1408
1792
64
1
1408
1856
64
1
1408
1920
64
1
1408
1984
64
1
1344
0
64
0
1600
64
64
0
1856
128
64
0
2112
192
64
0
3904
256
64
0
4160
320
64
0
4416
384
64
0
4672
448
64
0
6464
512
64
0
6720
576
64
0
6976
640
64
0
7232
704
64
0
9024
768
64
0
9280
832
64
0
9536
896
64
0
9792
960
64
0
1472
1024
64
1
1472
1088
64
1
1472
1152
64
1
1472
1216
64
1
1472
1280
64
1
1472
1344
64
1
1472
1408
64
1
1472
1472
64
1
1472
1536
64
1
1472
1600
64
1
1472
1664
64
1
1472
1728
64
1
1472
1792
64
1
1472
1856
64
1
1472
1920
64
1
1472
1984
64
1
1408
0
64
0
1664
64
64
0
1920
128
64
0
2176
192
64
0
3968
256
64
0
4224
320
64
0
4480
384
64
0
4736
448
64
0
6528
512
64
0
6784
576
64
0
7040
640
64
0
7296
704
64
0
9088
768
64
0
9344
832
64
0
9600
896
64
0
9856
960
64
0
1536
1024
64
1
1536
1088
64
1
1536
1152
64
1
1536
1216
64
1
1536
1280
64
1
1536
1344
64
1
1536
1408
64
1
1536
1472
64
1
1536
1536
64
1
1536
1600
64
1
1536
1664
64
1
1536
1728
64
1
1536
1792
64
1
1536
1856
64
1
1536
1920
64
1
1536
1984
64
1
1472
0
64
0
1728
64
64
0
1984
128
64
0
2240
192
64
0
4032
256
64
0
4288
320
64
0
4544
384
64
0
4800
448
64
0
6592
512
64
0
6848
576
64
0
7104
640
64
0
7360
704
64
0
9152
768
64
0
9408
832
64
0
9664
896
64
0
9920
960
64
0
1600
1024
64
1
1600
1088
64
1
1600
1152
64
1
1600
1216
64
1
1600
1280
64
1
1600
1344
64
1
1600
1408
64
1
1600
1472
64
1
1600
1536
64
1
1600
1600
64
1
1600
1664
64
1
1600
1728
64
1
1600
1792
64
1
1600
1856
64
1
1600
1920
64
1
1600
1984
64
1
1536
0
64
0
1792
64
64
0
2048
128
64
0
2304
192
64
0
4096
256
64
0
4352
320
64
0
4608
384
64
0
4864
448
64
0
6656
512
64
0
6912
576
64
0
7168
640
64
0
7424
704
64
0
9216
768
64
0
9472
832
64
0
9728
896
64
0
9984
960
64
0
1664
1024
64
1
1664
1088
64
1
1664
1152
64
1
1664
1216
64
1
1664
1280
64
1
1664
1344
64
1
1664
1408
64
1
1664
1472
64
1
1664
1536
64
1
1664
1600
64
1
1664
1664
64
1
1664
1728
64
1
1664
1792
64
1
1664
1856
64
1
1664
1920
64
1
1664
1984
64
1
1600
0
64
0
1856
64
64
0
2112
128
64
0
2368
192
64
0
4160
256
64
0
4416
320
64
0
4672
384
64
0
4928
448
64
0
6720
512
64
0
6976
576
64
0
7232
640
64
0
7488
704
64
0
9280
768
64
0
9536
832
64
0
9792
896
64
0
10048
960
64
0
1728
1024
64
1
1728
1088
64
1
1728
1152
64
1
1728
1216
64
1
1728
1280
64
1
1728
1344
64
1
1728
1408
64
1
1728
1472
64
1
1728
1536
64
1
1728
1600
64
1
1728
1664
64
1
1728
1728
64
1
1728
1792
64
1
1728
1856
64
1
1728
1920
64
1
1728
1984
64
1
1664
0
64
0
1920
64
64
0
2176
128
64
0
2432
192
64
0
4224
256
64
0
4480
320
64
0
4736
384
64
0
4992
448
64
0
6784
512
64
0
7040
576
64
0
7296
640
64
0
7552
704
64
0
9344
768
64
0
9600
832
64
0
9856
896
64
0
10112
960
64
0
1792
1024
64
1
1792
1088
64
1
1792
1152
64
1
1792
1216
64
1
1792
1280
64
1
1792
1344
64
1
1792
1408
64
1
1792
1472
64
1
1792
1536
64
1
1792
1600
64
1
1792
1664
64
1
1792
1728
64
1
1792
1792
64
1
1792
1856
64
1
1792
1920
64
1
1792
1984
64
1
1728
0
64
0
1984
64
64
0
2240
128
64
0
2496
192
64
0
4288
256
64
0
4544
320
64
0
4800
384
64
0
5056
448
64
0
6848
512
64
0
7104
576
64
0
7360
640
64
0
7616
704
64
0
9408
768
64
0
9664
832
64
0
9920
896
64
0
10176
960
64
0
1856
1024
64
1
1856
1088
64
1
1856
1152
64
1
1856
1216
64
1
1856
1280
64
1
1856
1344
64
1
1856
1408
64
1
1856
1472
64
1
1856
1536
64
1
1856
1600
64
1
1856
1664
64
1
1856
1728
64
1
1856
1792
64
1
1856
1856
64
1
1856
1920
64
1
1856
1984
64
1
0
0
64
1
2688
64
64
0
2944
128
64
0
3200
192
64
0
0
256
64
1
5248
320
64
0
5504
384
64
0
5760
448
64
0
0
512
64
1
7808
576
64
0
8064
640
64
0
8320
704
64
0
0
768
64
1
10368
832
64
0
10624
896
64
0
10880
960
64
0
1920
1024
64
1
1920
1088
64
1
1920
1152
64
1
1920
1216
64
1
1920
1280
64
1
1920
1344
64
1
1920
1408
64
1
1920
1472
64
1
1920
1536
64
1
1920
1600
64
1
1920
1664
64
1
1920
1728
64
1
1920
1792
64
1
1920
1856
64
1
1920
1920
64
1
1920
1984
64
1
64
0
64
1
2752
64
64
0
3008
128
64
0
3264
192
64
0
64
256
64
1
5312
320
64
0
5568
384
64
0
5824
448
64
0
64
512
64
1
7872
576
64
0
8128
640
64
0
8384
704
64
0
64
768
64
1
10432
832
64
0
10688
896
64
0
10944
960
64
0
1984
1024
64
1
1984
1088
64
1
1984
1152
64
1
1984
1216
64
1
1984
1280
64
1
1984
1344
64
1
1984
1408
64
1
1984
1472
64
1
1984
1536
64
1
1984
1600
64
1
1984
1664
64
1
1984
1728
64
1
1984
1792
64
1
1984
1856
64
1
1984
1920
64
1
1984
1984
64
1
2560
0
64
0
2816
64
64
0
3072
128
64
0
3328
192
64
0
5120
256
64
0
5376
320
64
0
5632
384
64
0
5888
448
64
0
7680
512
64
0
7936
576
64
0
8192
640
64
0
8448
704
64
0
10240
768
64
0
10496
832
64
0
10752
896
64
0
11008
960
64
0
2048
1024
64
1
2048
1088
64
1
2048
1152
64
1
2048
1216
64
1
2048
1280
64
1
2048
1344
64
1
2048
1408
64
1
2048
1472
64
1
2048
1536
64
1
2048
1600
64
1
2048
1664
64
1
2048
1728
64
1
2048
1792
64
1
2048
1856
64
1
2048
1920
64
1
2048
1984
64
1
2624
0
64
0
2880
64
64
0
3136
128
64
0
3392
192
64
0
5184
256
64
0
5440
320
64
0
5696
384
64
0
5952
448
64
0
7744
512
64
0
8000
576
64
0
8256
640
64
0
8512
704
64
0
10304
768
64
0
10560
832
64
0
10816
896
64
0
11072
960
64
0
2112
1024
64
1
2112
1088
64
1
2112
1152
64
1
2112
1216
64
1
2112
1280
64
1
2112
1344
64
1
2112
1408
64
1
2112
1472
64
1
2112
1536
64
1
2112
1600
64
1
2112
1664
64
1
2112
1728
64
1
2112
1792
64
1
2112
1856
64
1
2112
1920
64
1
2112
1984
64
1
2688
0
64
0
2944
64
64
0
3200
128
64
0
3456
192
64
0
5248
256
64
0
5504
320
64
0
5760
384
64
0
6016
448
64
0
7808
512
64
0
8064
576
64
0
8320
640
64
0
8576
704
64
0
10368
768
64
0
10624
832
64
0
10880
896
64
0
11136
960
64
0
2176
1024
64
1
2176
1088
64
1
2176
1152
64
1
2176
1216
64
1
2176
1280
64
1
2176
1344
64
1
2176
1408
64
1
2176
1472
64
1
2176
1536
64
1
2176
1600
64
1
2176
1664
64
1
2176
1728
64
1
2176
1792
64
1
2176
1856
64
1
2176
1920
64
1
2176
1984
64
1
2752
0
64
0
3008
64
64
0
3264
128
64
0
3520
192
64
0
5312
256
64
0
5568
320
64
0
5824
384
64
0
6080
448
64
0
7872
512
64
0
8128
576
64
0
8384
640
64
0
8640
704
64
0
10432
768
64
0
10688
832
64
0
10944
896
64
0
11200
960
64
0
2240
1024
64
1
2240
1088
64
1
2240
1152
64
1
2240
1216
64
1
2240
1280
64
1
2240
1344
64
1
2240
1408
64
1
2240
1472
64
1
2240
1536
64
1
2240
1600
64
1
2240
1664
64
1
2240
1728
64
1
2240
1792
64
1
2240
1856
64
1
2240
1920
64
1
2240
1984
64
1
2816
0
64
0
3072
64
64
0
3328
128
64
0
3584
192
64
0
5376
256
64
0
5632
320
64
0
5888
384
64
0
6144
448
64
0
7936
512
64
0
8192
576
64
0
8448
640
64
0
8704
704
64
0
10496
768
64
0
10752
832
64
0
11008
896
64
0
11264
960
64
0
2304
1024
64
1
2304
1088
64
1
2304
1152
64
1
2304
1216
64
1
2304
1280
64
1
2304
1344
64
1
2304
1408
64
1
2304
1472
64
1
2304
1536
64
1
2304
1600
64
1
2304
1664
64
1
2304
1728
64
1
2304
1792
64
1
2304
1856
64
1
2304
1920
64
1
2304
1984
64
1
2880
0
64
0
3136
64
64
0
3392
128
64
0
3648
192
64
0
5440
256
64
0
5696
320
64
0
5952
384
64
0
6208
448
64
0
8000
512
64
0
8256
576
64
0
8512
640
64
0
8768
704
64
0
10560
768
64
0
10816
832
64
0
11072
896
64
0
11328
960
64
0
2368
1024
64
1
2368
1088
64
1
2368
1152
64
1
2368
1216
64
1
2368
1280
64
1
2368
1344
64
1
2368
1408
64
1
2368
1472
64
1
2368
1536
64
1
2368
1600
64
1
2368
1664
64
1
2368
1728
64
1
2368
1792
64
1
2368
1856
64
1
2368
1920
64
1
2368
1984
64
1
2944
0
64
0
3200
64
64
0
3456
128
64
0
3712
192
64
0
5504
256
64
0
5760
320
64
0
6016
384
64
0
6272
448
64
0
8064
512
64
0
8320
576
64
0
8576
640
64
0
8832
704
64
0
10624
768
64
0
10880
832
64
0
11136
896
64
0
11392
960
64
0
2432
1024
64
1
2432
1088
64
1
2432
1152
64
1
2432
1216
64
1
2432
1280
64
1
2432
1344
64
1
2432
1408
64
1
2432
1472
64
1
2432
1536
64
1
2432
1600
64
1
2432
1664
64
1
2432
1728
64
1
2432
1792
64
1
2432
1856
64
1
2432
1920
64
1
2432
1984
64
1
3008
0
64
0
3264
64
64
0
3520
128
64
0
3776
192
64
0
5568
256
64
0
5824
320
64
0
6080
384
64
0
6336
448
64
0
8128
512
64
0
8384
576
64
0
8640
640
64
0
8896
704
64
0
10688
768
64
0
10944
832
64
0
11200
896
64
0
11456
960
64
0
2496
1024
64
1
2496
1088
64
1
2496
1152
64
1
2496
1216
64
1
2496
1280
64
1
2496
1344
64
1
2496
1408
64
1
2496
1472
64
1
2496
1536
64
1
2496
1600
64
1
2496
1664
64
1
2496
1728
64
1
2496
1792
64
1
2496
1856
64
1
2496
1920
64
1
2496
1984
64
1
0
0
64
1
3968
64
64
0
4224
128
64
0
4480
192
64
0
0
256
64
1
6528
320
64
0
6784
384
64
0
7040
448
64
0
0
512
64
1
9088
576
64
0
9344
640
64
0
9600
704
64
0
0
768
64
1
11648
832
64
0
11904
896
64
0
12160
960
64
0
2560
1024
64
1
2560
1088
64
1
2560
1152
64
1
2560
1216
64
1
2560
1280
64
1
2560
1344
64
1
2560
1408
64
1
2560
1472
64
1
2560
1536
64
1
2560
1600
64
1
2560
1664
64
1
2560
1728
64
1
2560
1792
64
1
2560
1856
64
1
2560
1920
64
1
2560
1984
64
1
64
0
64
1
4032
64
64
0
4288
128
64
0
4544
192
64
0
64
256
64
1
6592
320
64
0
6848
384
64
0
7104
448
64
0
64
512
64
1
9152
576
64
0
9408
640
64
0
9664
704
64
0
64
768
64
1
11712
832
64
0
11968
896
64
0
12224
960
64
0
2624
1024
64
1
2624
1088
64
1
2624
1152
64
1
2624
1216
64
1
2624
1280
64
1
2624
1344
64
1
2624
1408
64
1
2624
1472
64
1
2624
1536
64
1
2624
1600
64
1
2624
1664
64
1
2624
1728
64
1
2624
1792
64
1
2624
1856
64
1
2624
1920
64
1
2624
1984
64
1
3840
0
64
0
4096
64
64
0
4352
128
64
0
4608
192
64
0
6400
256
64
0
6656
320
64
0
6912
384
64
0
7168
448
64
0
8960
512
64
0
9216
576
64
0
9472
640
64
0
9728
704
64
0
11520
768
64
0
11776
832
64
0
12032
896
64
0
12288
960
64
0
2688
1024
64
1
2688
1088
64
1
2688
1152
64
1
2688
1216
64
1
2688
1280
64
1
2688
1344
64
1
2688
1408
64
1
2688
1472
64
1
2688
1536
64
1
2688
1600
64
1
2688
1664
64
1
2688
1728
64
1
2688
1792
64
1
2688
1856
64
1
2688
1920
64
1
2688
1984
64
1
3904
0
64
0
4160
64
64
0
4416
128
64
0
4672
192
64
0
6464
256
64
0
6720
320
64
0
6976
384
64
0
7232
448
64
0
9024
512
64
0
9280
576
64
0
9536
640
64
0
9792
704
64
0
11584
768
64
0
11840
832
64
0
12096
896
64
0
12352
960
64
0
2752
1024
64
1
2752
1088
64
1
2752
1152
64
1
2752
1216
64
1
2752
1280
64
1
2752
1344
64
1
2752
1408
64
1
2752
1472
64
1
2752
1536
64
1
2752
1600
64
1
2752
1664
64
1
2752
1728
64
1
2752
1792
64
1
2752
1856
64
1
2752
1920
64
1
2752
1984
64
1
3968
0
64
0
4224
64
64
0
4480
128
64
0
4736
192
64
0
6528
256
64
0
6784
320
64
0
7040
384
64
0
7296
448
64
0
9088
512
64
0
9344
576
64
0
9600
640
64
0
9856
704
64
0
11648
768
64
0
11904
832
64
0
12160
896
64
0
12416
960
64
0
2816
1024
64
1
2816
1088
64
1
2816
1152
64
1
2816
1216
64
1
2816
1280
64
1
2816
1344
64
1
2816
1408
64
1
2816
1472
64
1
2816
1536
64
1
2816
1600
64
1
2816
1664
64
1
2816
1728
64
1
2816
1792
64
1
2816
1856
64
1
2816
1920
64
1
2816
1984
64
1
4032
0
64
0
4288
64
64
0
4544
128
64
0
4800
192
64
0
6592
256
64
0
6848
320
64
0
7104
384
64
0
7360
448
64
0
9152
512
64
0
9408
576
64
0
9664
640
64
0
9920
704
64
0
11712
768
64
0
11968
832
64
0
12224
896
64
0
12480
960
64
0
2880
1024
64
1
2880
1088
64
1
2880
1152
64
1
2880
1216
64
1
2880
1280
64
1
2880
1344
64
1
2880
1408
64
1
2880
1472
64
1
2880
1536
64
1
2880
1600
64
1
2880
1664
64
1
2880
1728
64
1
2880
1792
64
1
2880
1856
64
1
2880
1920
64
1
2880
1984
64
1
4096
0
64
0
4352
64
64
0
4608
128
64
0
4864
192
64
0
6656
256
64
0
6912
320
64
0
7168
384
64
0
7424
448
64
0
9216
512
64
0
9472
576
64
0
9728
640
64
0
9984
704
64
0
11776
768
64
0
12032
832
64
0
12288
896
64
0
12544
960
64
0
2944
1024
64
1
2944
1088
64
1
2944
1152
64
1
2944
1216
64
1
2944
1280
64
1
2944
1344
64
1
2944
1408
64
1
2944
1472
64
1
2944
1536
64
1
2944
1600
64
1
2944
1664
64
1
2944
1728
64
1
2944
1792
64
1
2944
1856
64
1
2944
1920
64
1
2944
1984
64
1
4160
0
64
0
4416
64
64
0
4672
128
64
0
4928
192
64
0
6720
256
64
0
6976
320
64
0
7232
384
64
0
7488
448
64
0
9280
512
64
0
9536
576
64
0
9792
640
64
0
10048
704
64
0
11840
768
64
0
12096
832
64
0
12352
896
64
0
12608
960
64
0
3008
1024
64
1
3008
1088
64
1
3008
1152
64
1
3008
1216
64
1
3008
1280
64
1
3008
1344
64
1
3008
1408
64
1
3008
1472
64
1
3008
1536
64
1
3008
1600
64
1
3008
1664
64
1
3008
1728
64
1
3008
1792
64
1
3008
1856
64
1
3008
1920
64
1
3008
1984
64
1
4224
0
64
0
4480
64
64
0
4736
128
64
0
4992
192
64
0
6784
256
64
0
7040
320
64
0
7296
384
64
0
7552
448
64
0
9344
512
64
0
9600
576
64
0
9856
640
64
0
10112
704
64
0
11904
768
64
0
12160
832
64
0
12416
896
64
0
12672
960
64
0
3072
1024
64
1
3072
1088
64
1
3072
1152
64
1
3072
1216
64
1
3072
1280
64
1
3072
1344
64
1
3072
1408
64
1
3072
1472
64
1
3072
1536
64
1
3072
1600
64
1
3072
1664
64
1
3072
1728
64
1
3072
1792
64
1
3072
1856
64
1
3072
1920
64
1
3072
1984
64
1
4288
0
64
0
4544
64
64
0
4800
128
64
0
5056
192
64
0
6848
256
64
0
7104
320
64
0
7360
384
64
0
7616
448
64
0
9408
512
64
0
9664
576
64
0
9920
640
64
0
10176
704
64
0
11968
768
64
0
12224
832
64
0
12480
896
64
0
12736
960
64
0
3136
1024
64
1
3136
1088
64
1
3136
1152
64
1
3136
1216
64
1
3136
1280
64
1
3136
1344
64
1
3136
1408
64
1
3136
1472
64
1
3136
1536
64
1
3136
1600
64
1
3136
1664
64
1
3136
1728
64
1
3136
1792
64
1
3136
1856
64
1
3136
1920
64
1
3136
1984
64
1
