0
0
64
1
0
64
64
1
0
128
64
1
0
192
64
1
0
256
64
1
0
320
64
1
0
384
64
1
0
448
64
1
0
512
64
1
0
576
64
1
0
640
64
1
0
704
64
1
0
768
64
1
0
832
64
1
896
896
64
0
1152
960
64
0
1408
1024
64
0
0
1088
64
1
0
1152
64
1
0
1216
64
1
2432
1280
64
0
2688
1344
64
0
2944
1408
64
0
0
1472
64
1
0
1536
64
1
0
1600
64
1
3968
1664
64
0
4224
1728
64
0
4480
1792
64
0
0
1856
64
1
0
1920
64
1
0
1984
64
1
64
0
64
1
64
64
64
1
64
128
64
1
64
192
64
1
64
256
64
1
64
320
64
1
64
384
64
1
64
448
64
1
64
512
64
1
64
576
64
1
64
640
64
1
64
704
64
1
64
768
64
1
64
832
64
1
960
896
64
0
1216
960
64
0
1472
1024
64
0
64
1088
64
1
64
1152
64
1
64
1216
64
1
2496
1280
64
0
2752
1344
64
0
3008
1408
64
0
64
1472
64
1
64
1536
64
1
64
1600
64
1
4032
1664
64
0
4288
1728
64
0
4544
1792
64
0
64
1856
64
1
64
1920
64
1
64
1984
64
1
0
0
64
1
0
64
64
1
0
128
64
1
0
192
64
1
0
256
64
1
0
320
64
1
0
384
64
1
0
448
64
1
0
512
64
1
0
576
64
1
0
640
64
1
0
704
64
1
0
768
64
1
0
832
64
1
0
896
64
1
0
960
64
1
0
1024
64
1
0
1088
64
1
0
1152
64
1
0
1216
64
1
0
1280
64
1
0
1344
64
1
0
1408
64
1
0
1472
64
1
0
1536
64
1
0
1600
64
1
0
1664
64
1
0
1728
64
1
0
1792
64
1
0
1856
64
1
0
1920
64
1
0
1984
64
1
64
0
64
1
64
64
64
1
64
128
64
1
64
192
64
1
64
256
64
1
64
320
64
1
64
384
64
1
64
448
64
1
64
512
64
1
64
576
64
1
64
640
64
1
64
704
64
1
64
768
64
1
64
832
64
1
64
896
64
1
64
960
64
1
64
1024
64
1
64
1088
64
1
64
1152
64
1
64
1216
64
1
64
1280
64
1
64
1344
64
1
64
1408
64
1
64
1472
64
1
64
1536
64
1
64
1600
64
1
64
1664
64
1
64
1728
64
1
64
1792
64
1
64
1856
64
1
64
1920
64
1
64
1984
64
1
