0
0
64
1
0
64
64
1
0
128
64
1
0
192
64
1
0
256
64
1
0
320
64
1
1408
384
64
0
1664
448
64
0
1920
512
64
0
2176
576
64
0
0
640
64
1
3968
704
64
0
4224
768
64
0
4480
832
64
0
4736
896
64
0
0
960
64
1
6528
1024
64
0
6784
1088
64
0
7040
1152
64
0
7296
1216
64
0
0
1280
64
1
9088
1344
64
0
9344
1408
64
0
9600
1472
64
0
9856
1536
64
0
0
1600
64
1
0
1664
64
1
0
1728
64
1
0
1792
64
1
0
1856
64
1
0
1920
64
1
0
1984
64
1
64
0
64
1
64
64
64
1
64
128
64
1
64
192
64
1
64
256
64
1
64
320
64
1
1472
384
64
0
1728
448
64
0
1984
512
64
0
2240
576
64
0
64
640
64
1
4032
704
64
0
4288
768
64
0
4544
832
64
0
4800
896
64
0
64
960
64
1
6592
1024
64
0
6848
1088
64
0
7104
1152
64
0
7360
1216
64
0
64
1280
64
1
9152
1344
64
0
9408
1408
64
0
9664
1472
64
0
9920
1536
64
0
64
1600
64
1
64
1664
64
1
64
1728
64
1
64
1792
64
1
64
1856
64
1
64
1920
64
1
64
1984
64
1
0
0
64
1
0
64
64
1
0
128
64
1
0
192
64
1
0
256
64
1
1280
320
64
0
1536
384
64
0
1792
448
64
0
2048
512
64
0
2304
576
64
0
3840
640
64
0
4096
704
64
0
4352
768
64
0
4608
832
64
0
4864
896
64
0
6400
960
64
0
6656
1024
64
0
6912
1088
64
0
7168
1152
64
0
7424
1216
64
0
8960
1280
64
0
9216
1344
64
0
9472
1408
64
0
9728
1472
64
0
9984
1536
64
0
128
1600
64
1
128
1664
64
1
128
1728
64
1
128
1792
64
1
128
1856
64
1
128
1920
64
1
128
1984
64
1
64
0
64
1
64
64
64
1
64
128
64
1
64
192
64
1
64
256
64
1
1344
320
64
0
1600
384
64
0
1856
448
64
0
2112
512
64
0
2368
576
64
0
3904
640
64
0
4160
704
64
0
4416
768
64
0
4672
832
64
0
4928
896
64
0
6464
960
64
0
6720
1024
64
0
6976
1088
64
0
7232
1152
64
0
7488
1216
64
0
9024
1280
64
0
9280
1344
64
0
9536
1408
64
0
9792
1472
64
0
10048
1536
64
0
192
1600
64
1
192
1664
64
1
192
1728
64
1
192
1792
64
1
192
1856
64
1
192
1920
64
1
192
1984
64
1
0
0
64
1
0
64
64
1
0
128
64
1
0
192
64
1
0
256
64
1
1408
320
64
0
1664
384
64
0
1920
448
64
0
2176
512
64
0
2432
576
64
0
3968
640
64
0
4224
704
64
0
4480
768
64
0
4736
832
64
0
4992
896
64
0
6528
960
64
0
6784
1024
64
0
7040
1088
64
0
7296
1152
64
0
7552
1216
64
0
9088
1280
64
0
9344
1344
64
0
9600
1408
64
0
9856
1472
64
0
10112
1536
64
0
256
1600
64
1
256
1664
64
1
256
1728
64
1
256
1792
64
1
256
1856
64
1
256
1920
64
1
256
1984
64
1
64
0
64
1
64
64
64
1
64
128
64
1
64
192
64
1
64
256
64
1
1472
320
64
0
1728
384
64
0
1984
448
64
0
2240
512
64
0
2496
576
64
0
4032
640
64
0
4288
704
64
0
4544
768
64
0
4800
832
64
0
5056
896
64
0
6592
960
64
0
6848
1024
64
0
7104
1088
64
0
7360
1152
64
0
7616
1216
64
0
9152
1280
64
0
9408
1344
64
0
9664
1408
64
0
9920
1472
64
0
10176
1536
64
0
320
1600
64
1
320
1664
64
1
320
1728
64
1
320
1792
64
1
320
1856
64
1
320
1920
64
1
320
1984
64
1
0
0
64
1
128
64
64
0
384
128
64
0
640
192
64
0
896
256
64
0
0
320
64
1
2688
384
64
0
2944
448
64
0
3200
512
64
0
3456
576
64
0
0
640
64
1
5248
704
64
0
5504
768
64
0
5760
832
64
0
6016
896
64
0
0
960
64
1
7808
1024
64
0
8064
1088
64
0
8320
1152
64
0
8576
1216
64
0
0
1280
64
1
10368
1344
64
0
10624
1408
64
0
10880
1472
64
0
11136
1536
64
0
384
1600
64
1
384
1664
64
1
384
1728
64
1
384
1792
64
1
384
1856
64
1
384
1920
64
1
384
1984
64
1
64
0
64
1
192
64
64
0
448
128
64
0
704
192
64
0
960
256
64
0
64
320
64
1
2752
384
64
0
3008
448
64
0
3264
512
64
0
3520
576
64
0
64
640
64
1
5312
704
64
0
5568
768
64
0
5824
832
64
0
6080
896
64
0
64
960
64
1
7872
1024
64
0
8128
1088
64
0
8384
1152
64
0
8640
1216
64
0
64
1280
64
1
10432
1344
64
0
10688
1408
64
0
10944
1472
64
0
11200
1536
64
0
448
1600
64
1
448
1664
64
1
448
1728
64
1
448
1792
64
1
448
1856
64
1
448
1920
64
1
448
1984
64
1
0
0
64
0
256
64
64
0
512
128
64
0
768
192
64
0
1024
256
64
0
2560
320
64
0
2816
384
64
0
3072
448
64
0
3328
512
64
0
3584
576
64
0
5120
640
64
0
5376
704
64
0
5632
768
64
0
5888
832
64
0
6144
896
64
0
7680
960
64
0
7936
1024
64
0
8192
1088
64
0
8448
1152
64
0
8704
1216
64
0
10240
1280
64
0
10496
1344
64
0
10752
1408
64
0
11008
1472
64
0
11264
1536
64
0
512
1600
64
1
512
1664
64
1
512
1728
64
1
512
1792
64
1
512
1856
64
1
512
1920
64
1
512
1984
64
1
64
0
64
0
320
64
64
0
576
128
64
0
832
192
64
0
1088
256
64
0
2624
320
64
0
2880
384
64
0
3136
448
64
0
3392
512
64
0
3648
576
64
0
5184
640
64
0
5440
704
64
0
5696
768
64
0
5952
832
64
0
6208
896
64
0
7744
960
64
0
8000
1024
64
0
8256
1088
64
0
8512
1152
64
0
8768
1216
64
0
10304
1280
64
0
10560
1344
64
0
10816
1408
64
0
11072
1472
64
0
11328
1536
64
0
576
1600
64
1
576
1664
64
1
576
1728
64
1
576
1792
64
1
576
1856
64
1
576
1920
64
1
576
1984
64
1
128
0
64
0
384
64
64
0
640
128
64
0
896
192
64
0
1152
256
64
0
2688
320
64
0
2944
384
64
0
3200
448
64
0
3456
512
64
0
3712
576
64
0
5248
640
64
0
5504
704
64
0
5760
768
64
0
6016
832
64
0
6272
896
64
0
7808
960
64
0
8064
1024
64
0
8320
1088
64
0
8576
1152
64
0
8832
1216
64
0
10368
1280
64
0
10624
1344
64
0
10880
1408
64
0
11136
1472
64
0
11392
1536
64
0
640
1600
64
1
640
1664
64
1
640
1728
64
1
640
1792
64
1
640
1856
64
1
640
1920
64
1
640
1984
64
1
192
0
64
0
448
64
64
0
704
128
64
0
960
192
64
0
1216
256
64
0
2752
320
64
0
3008
384
64
0
3264
448
64
0
3520
512
64
0
3776
576
64
0
5312
640
64
0
5568
704
64
0
5824
768
64
0
6080
832
64
0
6336
896
64
0
7872
960
64
0
8128
1024
64
0
8384
1088
64
0
8640
1152
64
0
8896
1216
64
0
10432
1280
64
0
10688
1344
64
0
10944
1408
64
0
11200
1472
64
0
11456
1536
64
0
704
1600
64
1
704
1664
64
1
704
1728
64
1
704
1792
64
1
704
1856
64
1
704
1920
64
1
704
1984
64
1
0
0
64
1
1408
64
64
0
1664
128
64
0
1920
192
64
0
2176
256
64
0
0
320
64
1
3968
384
64
0
4224
448
64
0
4480
512
64
0
4736
576
64
0
0
640
64
1
6528
704
64
0
6784
768
64
0
7040
832
64
0
7296
896
64
0
0
960
64
1
9088
1024
64
0
9344
1088
64
0
9600
1152
64
0
9856
1216
64
0
0
1280
64
1
11648
1344
64
0
11904
1408
64
0
12160
1472
64
0
12416
1536
64
0
768
1600
64
1
768
1664
64
1
768
1728
64
1
768
1792
64
1
768
1856
64
1
768
1920
64
1
768
1984
64
1
64
0
64
1
1472
64
64
0
1728
128
64
0
1984
192
64
0
2240
256
64
0
64
320
64
1
4032
384
64
0
4288
448
64
0
4544
512
64
0
4800
576
64
0
64
640
64
1
6592
704
64
0
6848
768
64
0
7104
832
64
0
7360
896
64
0
64
960
64
1
9152
1024
64
0
9408
1088
64
0
9664
1152
64
0
9920
1216
64
0
64
1280
64
1
11712
1344
64
0
11968
1408
64
0
12224
1472
64
0
12480
1536
64
0
832
1600
64
1
832
1664
64
1
832
1728
64
1
832
1792
64
1
832
1856
64
1
832
1920
64
1
832
1984
64
1
1280
0
64
0
1536
64
64
0
1792
128
64
0
2048
192
64
0
2304
256
64
0
3840
320
64
0
4096
384
64
0
4352
448
64
0
4608
512
64
0
4864
576
64
0
6400
640
64
0
6656
704
64
0
6912
768
64
0
7168
832
64
0
7424
896
64
0
8960
960
64
0
9216
1024
64
0
9472
1088
64
0
9728
1152
64
0
9984
1216
64
0
11520
1280
64
0
11776
1344
64
0
12032
1408
64
0
12288
1472
64
0
12544
1536
64
0
896
1600
64
1
896
1664
64
1
896
1728
64
1
896
1792
64
1
896
1856
64
1
896
1920
64
1
896
1984
64
1
1344
0
64
0
1600
64
64
0
1856
128
64
0
2112
192
64
0
2368
256
64
0
3904
320
64
0
4160
384
64
0
4416
448
64
0
4672
512
64
0
4928
576
64
0
6464
640
64
0
6720
704
64
0
6976
768
64
0
7232
832
64
0
7488
896
64
0
9024
960
64
0
9280
1024
64
0
9536
1088
64
0
9792
1152
64
0
10048
1216
64
0
11584
1280
64
0
11840
1344
64
0
12096
1408
64
0
12352
1472
64
0
12608
1536
64
0
960
1600
64
1
960
1664
64
1
960
1728
64
1
960
1792
64
1
960
1856
64
1
960
1920
64
1
960
1984
64
1
1408
0
64
0
1664
64
64
0
1920
128
64
0
2176
192
64
0
2432
256
64
0
3968
320
64
0
4224
384
64
0
4480
448
64
0
4736
512
64
0
4992
576
64
0
6528
640
64
0
6784
704
64
0
7040
768
64
0
7296
832
64
0
7552
896
64
0
9088
960
64
0
9344
1024
64
0
9600
1088
64
0
9856
1152
64
0
10112
1216
64
0
11648
1280
64
0
11904
1344
64
0
12160
1408
64
0
12416
1472
64
0
12672
1536
64
0
1024
1600
64
1
1024
1664
64
1
1024
1728
64
1
1024
1792
64
1
1024
1856
64
1
1024
1920
64
1
1024
1984
64
1
1472
0
64
0
1728
64
64
0
1984
128
64
0
2240
192
64
0
2496
256
64
0
4032
320
64
0
4288
384
64
0
4544
448
64
0
4800
512
64
0
5056
576
64
0
6592
640
64
0
6848
704
64
0
7104
768
64
0
7360
832
64
0
7616
896
64
0
9152
960
64
0
9408
1024
64
0
9664
1088
64
0
9920
1152
64
0
10176
1216
64
0
11712
1280
64
0
11968
1344
64
0
12224
1408
64
0
12480
1472
64
0
12736
1536
64
0
1088
1600
64
1
1088
1664
64
1
1088
1728
64
1
1088
1792
64
1
1088
1856
64
1
1088
1920
64
1
1088
1984
64
1
