0
0
64
0
4096
64
64
0
8192
128
64
0
12288
192
64
0
16384
256
64
0
20480
320
64
0
24576
384
64
0
28672
448
64
0
32768
512
64
0
36864
576
64
0
40960
640
64
0
45056
704
64
0
49152
768
64
0
53248
832
64
0
57344
896
64
0
61440
960
64
0
65536
1024
64
0
69632
1088
64
0
73728
1152
64
0
77824
1216
64
0
81920
1280
64
0
86016
1344
64
0
90112
1408
64
0
94208
1472
64
0
98304
1536
64
0
102400
1600
64
0
106496
1664
64
0
110592
1728
64
0
114688
1792
64
0
118784
1856
64
0
122880
1920
64
0
126976
1984
64
0
64
0
64
0
4160
64
64
0
8256
128
64
0
12352
192
64
0
16448
256
64
0
20544
320
64
0
24640
384
64
0
28736
448
64
0
32832
512
64
0
36928
576
64
0
41024
640
64
0
45120
704
64
0
49216
768
64
0
53312
832
64
0
57408
896
64
0
61504
960
64
0
65600
1024
64
0
69696
1088
64
0
73792
1152
64
0
77888
1216
64
0
81984
1280
64
0
86080
1344
64
0
90176
1408
64
0
94272
1472
64
0
98368
1536
64
0
102464
1600
64
0
106560
1664
64
0
110656
1728
64
0
114752
1792
64
0
118848
1856
64
0
122944
1920
64
0
127040
1984
64
0
128
0
64
0
4224
64
64
0
8320
128
64
0
12416
192
64
0
16512
256
64
0
20608
320
64
0
24704
384
64
0
28800
448
64
0
32896
512
64
0
36992
576
64
0
41088
640
64
0
45184
704
64
0
49280
768
64
0
53376
832
64
0
57472
896
64
0
61568
960
64
0
65664
1024
64
0
69760
1088
64
0
73856
1152
64
0
77952
1216
64
0
82048
1280
64
0
86144
1344
64
0
90240
1408
64
0
94336
1472
64
0
98432
1536
64
0
102528
1600
64
0
106624
1664
64
0
110720
1728
64
0
114816
1792
64
0
118912
1856
64
0
123008
1920
64
0
127104
1984
64
0
192
0
64
0
4288
64
64
0
8384
128
64
0
12480
192
64
0
16576
256
64
0
20672
320
64
0
24768
384
64
0
28864
448
64
0
32960
512
64
0
37056
576
64
0
41152
640
64
0
45248
704
64
0
49344
768
64
0
53440
832
64
0
57536
896
64
0
61632
960
64
0
65728
1024
64
0
69824
1088
64
0
73920
1152
64
0
78016
1216
64
0
82112
1280
64
0
86208
1344
64
0
90304
1408
64
0
94400
1472
64
0
98496
1536
64
0
102592
1600
64
0
106688
1664
64
0
110784
1728
64
0
114880
1792
64
0
118976
1856
64
0
123072
1920
64
0
127168
1984
64
0
256
0
64
0
4352
64
64
0
8448
128
64
0
12544
192
64
0
16640
256
64
0
20736
320
64
0
24832
384
64
0
28928
448
64
0
33024
512
64
0
37120
576
64
0
41216
640
64
0
45312
704
64
0
49408
768
64
0
53504
832
64
0
57600
896
64
0
61696
960
64
0
65792
1024
64
0
69888
1088
64
0
73984
1152
64
0
78080
1216
64
0
82176
1280
64
0
86272
1344
64
0
90368
1408
64
0
94464
1472
64
0
98560
1536
64
0
102656
1600
64
0
106752
1664
64
0
110848
1728
64
0
114944
1792
64
0
119040
1856
64
0
123136
1920
64
0
127232
1984
64
0
320
0
64
0
4416
64
64
0
8512
128
64
0
12608
192
64
0
16704
256
64
0
20800
320
64
0
24896
384
64
0
28992
448
64
0
33088
512
64
0
37184
576
64
0
41280
640
64
0
45376
704
64
0
49472
768
64
0
53568
832
64
0
57664
896
64
0
61760
960
64
0
65856
1024
64
0
69952
1088
64
0
74048
1152
64
0
78144
1216
64
0
82240
1280
64
0
86336
1344
64
0
90432
1408
64
0
94528
1472
64
0
98624
1536
64
0
102720
1600
64
0
106816
1664
64
0
110912
1728
64
0
115008
1792
64
0
119104
1856
64
0
123200
1920
64
0
127296
1984
64
0
384
0
64
0
4480
64
64
0
8576
128
64
0
12672
192
64
0
16768
256
64
0
20864
320
64
0
24960
384
64
0
29056
448
64
0
33152
512
64
0
37248
576
64
0
41344
640
64
0
45440
704
64
0
49536
768
64
0
53632
832
64
0
57728
896
64
0
61824
960
64
0
65920
1024
64
0
70016
1088
64
0
74112
1152
64
0
78208
1216
64
0
82304
1280
64
0
86400
1344
64
0
90496
1408
64
0
94592
1472
64
0
98688
1536
64
0
102784
1600
64
0
106880
1664
64
0
110976
1728
64
0
115072
1792
64
0
119168
1856
64
0
123264
1920
64
0
127360
1984
64
0
448
0
64
0
4544
64
64
0
8640
128
64
0
12736
192
64
0
16832
256
64
0
20928
320
64
0
25024
384
64
0
29120
448
64
0
33216
512
64
0
37312
576
64
0
41408
640
64
0
45504
704
64
0
49600
768
64
0
53696
832
64
0
57792
896
64
0
61888
960
64
0
65984
1024
64
0
70080
1088
64
0
74176
1152
64
0
78272
1216
64
0
82368
1280
64
0
86464
1344
64
0
90560
1408
64
0
94656
1472
64
0
98752
1536
64
0
102848
1600
64
0
106944
1664
64
0
111040
1728
64
0
115136
1792
64
0
119232
1856
64
0
123328
1920
64
0
127424
1984
64
0
512
0
64
0
4608
64
64
0
8704
128
64
0
12800
192
64
0
16896
256
64
0
20992
320
64
0
25088
384
64
0
29184
448
64
0
33280
512
64
0
37376
576
64
0
41472
640
64
0
45568
704
64
0
49664
768
64
0
53760
832
64
0
57856
896
64
0
61952
960
64
0
66048
1024
64
0
70144
1088
64
0
74240
1152
64
0
78336
1216
64
0
82432
1280
64
0
86528
1344
64
0
90624
1408
64
0
94720
1472
64
0
98816
1536
64
0
102912
1600
64
0
107008
1664
64
0
111104
1728
64
0
115200
1792
64
0
119296
1856
64
0
123392
1920
64
0
127488
1984
64
0
576
0
64
0
4672
64
64
0
8768
128
64
0
12864
192
64
0
16960
256
64
0
21056
320
64
0
25152
384
64
0
29248
448
64
0
33344
512
64
0
37440
576
64
0
41536
640
64
0
45632
704
64
0
49728
768
64
0
53824
832
64
0
57920
896
64
0
62016
960
64
0
66112
1024
64
0
70208
1088
64
0
74304
1152
64
0
78400
1216
64
0
82496
1280
64
0
86592
1344
64
0
90688
1408
64
0
94784
1472
64
0
98880
1536
64
0
102976
1600
64
0
107072
1664
64
0
111168
1728
64
0
115264
1792
64
0
119360
1856
64
0
123456
1920
64
0
127552
1984
64
0
640
0
64
0
4736
64
64
0
8832
128
64
0
12928
192
64
0
17024
256
64
0
21120
320
64
0
25216
384
64
0
29312
448
64
0
33408
512
64
0
37504
576
64
0
41600
640
64
0
45696
704
64
0
49792
768
64
0
53888
832
64
0
57984
896
64
0
62080
960
64
0
66176
1024
64
0
70272
1088
64
0
74368
1152
64
0
78464
1216
64
0
82560
1280
64
0
86656
1344
64
0
90752
1408
64
0
94848
1472
64
0
98944
1536
64
0
103040
1600
64
0
107136
1664
64
0
111232
1728
64
0
115328
1792
64
0
119424
1856
64
0
123520
1920
64
0
127616
1984
64
0
704
0
64
0
4800
64
64
0
8896
128
64
0
12992
192
64
0
17088
256
64
0
21184
320
64
0
25280
384
64
0
29376
448
64
0
33472
512
64
0
37568
576
64
0
41664
640
64
0
45760
704
64
0
49856
768
64
0
53952
832
64
0
58048
896
64
0
62144
960
64
0
66240
1024
64
0
70336
1088
64
0
74432
1152
64
0
78528
1216
64
0
82624
1280
64
0
86720
1344
64
0
90816
1408
64
0
94912
1472
64
0
99008
1536
64
0
103104
1600
64
0
107200
1664
64
0
111296
1728
64
0
115392
1792
64
0
119488
1856
64
0
123584
1920
64
0
127680
1984
64
0
768
0
64
0
4864
64
64
0
8960
128
64
0
13056
192
64
0
17152
256
64
0
21248
320
64
0
25344
384
64
0
29440
448
64
0
33536
512
64
0
37632
576
64
0
41728
640
64
0
45824
704
64
0
49920
768
64
0
54016
832
64
0
58112
896
64
0
62208
960
64
0
66304
1024
64
0
70400
1088
64
0
74496
1152
64
0
78592
1216
64
0
82688
1280
64
0
86784
1344
64
0
90880
1408
64
0
94976
1472
64
0
99072
1536
64
0
103168
1600
64
0
107264
1664
64
0
111360
1728
64
0
115456
1792
64
0
119552
1856
64
0
123648
1920
64
0
127744
1984
64
0
832
0
64
0
4928
64
64
0
9024
128
64
0
13120
192
64
0
17216
256
64
0
21312
320
64
0
25408
384
64
0
29504
448
64
0
33600
512
64
0
37696
576
64
0
41792
640
64
0
45888
704
64
0
49984
768
64
0
54080
832
64
0
58176
896
64
0
62272
960
64
0
66368
1024
64
0
70464
1088
64
0
74560
1152
64
0
78656
1216
64
0
82752
1280
64
0
86848
1344
64
0
90944
1408
64
0
95040
1472
64
0
99136
1536
64
0
103232
1600
64
0
107328
1664
64
0
111424
1728
64
0
115520
1792
64
0
119616
1856
64
0
123712
1920
64
0
127808
1984
64
0
896
0
64
0
4992
64
64
0
9088
128
64
0
13184
192
64
0
17280
256
64
0
21376
320
64
0
25472
384
64
0
29568
448
64
0
33664
512
64
0
37760
576
64
0
41856
640
64
0
45952
704
64
0
50048
768
64
0
54144
832
64
0
58240
896
64
0
62336
960
64
0
66432
1024
64
0
70528
1088
64
0
74624
1152
64
0
78720
1216
64
0
82816
1280
64
0
86912
1344
64
0
91008
1408
64
0
95104
1472
64
0
99200
1536
64
0
103296
1600
64
0
107392
1664
64
0
111488
1728
64
0
115584
1792
64
0
119680
1856
64
0
123776
1920
64
0
127872
1984
64
0
960
0
64
0
5056
64
64
0
9152
128
64
0
13248
192
64
0
17344
256
64
0
21440
320
64
0
25536
384
64
0
29632
448
64
0
33728
512
64
0
37824
576
64
0
41920
640
64
0
46016
704
64
0
50112
768
64
0
54208
832
64
0
58304
896
64
0
62400
960
64
0
66496
1024
64
0
70592
1088
64
0
74688
1152
64
0
78784
1216
64
0
82880
1280
64
0
86976
1344
64
0
91072
1408
64
0
95168
1472
64
0
99264
1536
64
0
103360
1600
64
0
107456
1664
64
0
111552
1728
64
0
115648
1792
64
0
119744
1856
64
0
123840
1920
64
0
127936
1984
64
0
1024
0
64
0
5120
64
64
0
9216
128
64
0
13312
192
64
0
17408
256
64
0
21504
320
64
0
25600
384
64
0
29696
448
64
0
33792
512
64
0
37888
576
64
0
41984
640
64
0
46080
704
64
0
50176
768
64
0
54272
832
64
0
58368
896
64
0
62464
960
64
0
66560
1024
64
0
70656
1088
64
0
74752
1152
64
0
78848
1216
64
0
82944
1280
64
0
87040
1344
64
0
91136
1408
64
0
95232
1472
64
0
99328
1536
64
0
103424
1600
64
0
107520
1664
64
0
111616
1728
64
0
115712
1792
64
0
119808
1856
64
0
123904
1920
64
0
128000
1984
64
0
1088
0
64
0
5184
64
64
0
9280
128
64
0
13376
192
64
0
17472
256
64
0
21568
320
64
0
25664
384
64
0
29760
448
64
0
33856
512
64
0
37952
576
64
0
42048
640
64
0
46144
704
64
0
50240
768
64
0
54336
832
64
0
58432
896
64
0
62528
960
64
0
66624
1024
64
0
70720
1088
64
0
74816
1152
64
0
78912
1216
64
0
83008
1280
64
0
87104
1344
64
0
91200
1408
64
0
95296
1472
64
0
99392
1536
64
0
103488
1600
64
0
107584
1664
64
0
111680
1728
64
0
115776
1792
64
0
119872
1856
64
0
123968
1920
64
0
128064
1984
64
0
1152
0
64
0
5248
64
64
0
9344
128
64
0
13440
192
64
0
17536
256
64
0
21632
320
64
0
25728
384
64
0
29824
448
64
0
33920
512
64
0
38016
576
64
0
42112
640
64
0
46208
704
64
0
50304
768
64
0
54400
832
64
0
58496
896
64
0
62592
960
64
0
66688
1024
64
0
70784
1088
64
0
74880
1152
64
0
78976
1216
64
0
83072
1280
64
0
87168
1344
64
0
91264
1408
64
0
95360
1472
64
0
99456
1536
64
0
103552
1600
64
0
107648
1664
64
0
111744
1728
64
0
115840
1792
64
0
119936
1856
64
0
124032
1920
64
0
128128
1984
64
0
1216
0
64
0
5312
64
64
0
9408
128
64
0
13504
192
64
0
17600
256
64
0
21696
320
64
0
25792
384
64
0
29888
448
64
0
33984
512
64
0
38080
576
64
0
42176
640
64
0
46272
704
64
0
50368
768
64
0
54464
832
64
0
58560
896
64
0
62656
960
64
0
66752
1024
64
0
70848
1088
64
0
74944
1152
64
0
79040
1216
64
0
83136
1280
64
0
87232
1344
64
0
91328
1408
64
0
95424
1472
64
0
99520
1536
64
0
103616
1600
64
0
107712
1664
64
0
111808
1728
64
0
115904
1792
64
0
120000
1856
64
0
124096
1920
64
0
128192
1984
64
0
1280
0
64
0
5376
64
64
0
9472
128
64
0
13568
192
64
0
17664
256
64
0
21760
320
64
0
25856
384
64
0
29952
448
64
0
34048
512
64
0
38144
576
64
0
42240
640
64
0
46336
704
64
0
50432
768
64
0
54528
832
64
0
58624
896
64
0
62720
960
64
0
66816
1024
64
0
70912
1088
64
0
75008
1152
64
0
79104
1216
64
0
83200
1280
64
0
87296
1344
64
0
91392
1408
64
0
95488
1472
64
0
99584
1536
64
0
103680
1600
64
0
107776
1664
64
0
111872
1728
64
0
115968
1792
64
0
120064
1856
64
0
124160
1920
64
0
128256
1984
64
0
1344
0
64
0
5440
64
64
0
9536
128
64
0
13632
192
64
0
17728
256
64
0
21824
320
64
0
25920
384
64
0
30016
448
64
0
34112
512
64
0
38208
576
64
0
42304
640
64
0
46400
704
64
0
50496
768
64
0
54592
832
64
0
58688
896
64
0
62784
960
64
0
66880
1024
64
0
70976
1088
64
0
75072
1152
64
0
79168
1216
64
0
83264
1280
64
0
87360
1344
64
0
91456
1408
64
0
95552
1472
64
0
99648
1536
64
0
103744
1600
64
0
107840
1664
64
0
111936
1728
64
0
116032
1792
64
0
120128
1856
64
0
124224
1920
64
0
128320
1984
64
0
1408
0
64
0
5504
64
64
0
9600
128
64
0
13696
192
64
0
17792
256
64
0
21888
320
64
0
25984
384
64
0
30080
448
64
0
34176
512
64
0
38272
576
64
0
42368
640
64
0
46464
704
64
0
50560
768
64
0
54656
832
64
0
58752
896
64
0
62848
960
64
0
66944
1024
64
0
71040
1088
64
0
75136
1152
64
0
79232
1216
64
0
83328
1280
64
0
87424
1344
64
0
91520
1408
64
0
95616
1472
64
0
99712
1536
64
0
103808
1600
64
0
107904
1664
64
0
112000
1728
64
0
116096
1792
64
0
120192
1856
64
0
124288
1920
64
0
128384
1984
64
0
1472
0
64
0
5568
64
64
0
9664
128
64
0
13760
192
64
0
17856
256
64
0
21952
320
64
0
26048
384
64
0
30144
448
64
0
34240
512
64
0
38336
576
64
0
42432
640
64
0
46528
704
64
0
50624
768
64
0
54720
832
64
0
58816
896
64
0
62912
960
64
0
67008
1024
64
0
71104
1088
64
0
75200
1152
64
0
79296
1216
64
0
83392
1280
64
0
87488
1344
64
0
91584
1408
64
0
95680
1472
64
0
99776
1536
64
0
103872
1600
64
0
107968
1664
64
0
112064
1728
64
0
116160
1792
64
0
120256
1856
64
0
124352
1920
64
0
128448
1984
64
0
1536
0
64
0
5632
64
64
0
9728
128
64
0
13824
192
64
0
17920
256
64
0
22016
320
64
0
26112
384
64
0
30208
448
64
0
34304
512
64
0
38400
576
64
0
42496
640
64
0
46592
704
64
0
50688
768
64
0
54784
832
64
0
58880
896
64
0
62976
960
64
0
67072
1024
64
0
71168
1088
64
0
75264
1152
64
0
79360
1216
64
0
83456
1280
64
0
87552
1344
64
0
91648
1408
64
0
95744
1472
64
0
99840
1536
64
0
103936
1600
64
0
108032
1664
64
0
112128
1728
64
0
116224
1792
64
0
120320
1856
64
0
124416
1920
64
0
128512
1984
64
0
1600
0
64
0
5696
64
64
0
9792
128
64
0
13888
192
64
0
17984
256
64
0
22080
320
64
0
26176
384
64
0
30272
448
64
0
34368
512
64
0
38464
576
64
0
42560
640
64
0
46656
704
64
0
50752
768
64
0
54848
832
64
0
58944
896
64
0
63040
960
64
0
67136
1024
64
0
71232
1088
64
0
75328
1152
64
0
79424
1216
64
0
83520
1280
64
0
87616
1344
64
0
91712
1408
64
0
95808
1472
64
0
99904
1536
64
0
104000
1600
64
0
108096
1664
64
0
112192
1728
64
0
116288
1792
64
0
120384
1856
64
0
124480
1920
64
0
128576
1984
64
0
1664
0
64
0
5760
64
64
0
9856
128
64
0
13952
192
64
0
18048
256
64
0
22144
320
64
0
26240
384
64
0
30336
448
64
0
34432
512
64
0
38528
576
64
0
42624
640
64
0
46720
704
64
0
50816
768
64
0
54912
832
64
0
59008
896
64
0
63104
960
64
0
67200
1024
64
0
71296
1088
64
0
75392
1152
64
0
79488
1216
64
0
83584
1280
64
0
87680
1344
64
0
91776
1408
64
0
95872
1472
64
0
99968
1536
64
0
104064
1600
64
0
108160
1664
64
0
112256
1728
64
0
116352
1792
64
0
120448
1856
64
0
124544
1920
64
0
128640
1984
64
0
1728
0
64
0
5824
64
64
0
9920
128
64
0
14016
192
64
0
18112
256
64
0
22208
320
64
0
26304
384
64
0
30400
448
64
0
34496
512
64
0
38592
576
64
0
42688
640
64
0
46784
704
64
0
50880
768
64
0
54976
832
64
0
59072
896
64
0
63168
960
64
0
67264
1024
64
0
71360
1088
64
0
75456
1152
64
0
79552
1216
64
0
83648
1280
64
0
87744
1344
64
0
91840
1408
64
0
95936
1472
64
0
100032
1536
64
0
104128
1600
64
0
108224
1664
64
0
112320
1728
64
0
116416
1792
64
0
120512
1856
64
0
124608
1920
64
0
128704
1984
64
0
1792
0
64
0
5888
64
64
0
9984
128
64
0
14080
192
64
0
18176
256
64
0
22272
320
64
0
26368
384
64
0
30464
448
64
0
34560
512
64
0
38656
576
64
0
42752
640
64
0
46848
704
64
0
50944
768
64
0
55040
832
64
0
59136
896
64
0
63232
960
64
0
67328
1024
64
0
71424
1088
64
0
75520
1152
64
0
79616
1216
64
0
83712
1280
64
0
87808
1344
64
0
91904
1408
64
0
96000
1472
64
0
100096
1536
64
0
104192
1600
64
0
108288
1664
64
0
112384
1728
64
0
116480
1792
64
0
120576
1856
64
0
124672
1920
64
0
128768
1984
64
0
1856
0
64
0
5952
64
64
0
10048
128
64
0
14144
192
64
0
18240
256
64
0
22336
320
64
0
26432
384
64
0
30528
448
64
0
34624
512
64
0
38720
576
64
0
42816
640
64
0
46912
704
64
0
51008
768
64
0
55104
832
64
0
59200
896
64
0
63296
960
64
0
67392
1024
64
0
71488
1088
64
0
75584
1152
64
0
79680
1216
64
0
83776
1280
64
0
87872
1344
64
0
91968
1408
64
0
96064
1472
64
0
100160
1536
64
0
104256
1600
64
0
108352
1664
64
0
112448
1728
64
0
116544
1792
64
0
120640
1856
64
0
124736
1920
64
0
128832
1984
64
0
1920
0
64
0
6016
64
64
0
10112
128
64
0
14208
192
64
0
18304
256
64
0
22400
320
64
0
26496
384
64
0
30592
448
64
0
34688
512
64
0
38784
576
64
0
42880
640
64
0
46976
704
64
0
51072
768
64
0
55168
832
64
0
59264
896
64
0
63360
960
64
0
67456
1024
64
0
71552
1088
64
0
75648
1152
64
0
79744
1216
64
0
83840
1280
64
0
87936
1344
64
0
92032
1408
64
0
96128
1472
64
0
100224
1536
64
0
104320
1600
64
0
108416
1664
64
0
112512
1728
64
0
116608
1792
64
0
120704
1856
64
0
124800
1920
64
0
128896
1984
64
0
1984
0
64
0
6080
64
64
0
10176
128
64
0
14272
192
64
0
18368
256
64
0
22464
320
64
0
26560
384
64
0
30656
448
64
0
34752
512
64
0
38848
576
64
0
42944
640
64
0
47040
704
64
0
51136
768
64
0
55232
832
64
0
59328
896
64
0
63424
960
64
0
67520
1024
64
0
71616
1088
64
0
75712
1152
64
0
79808
1216
64
0
83904
1280
64
0
88000
1344
64
0
92096
1408
64
0
96192
1472
64
0
100288
1536
64
0
104384
1600
64
0
108480
1664
64
0
112576
1728
64
0
116672
1792
64
0
120768
1856
64
0
124864
1920
64
0
128960
1984
64
0
2048
0
64
0
6144
64
64
0
10240
128
64
0
14336
192
64
0
18432
256
64
0
22528
320
64
0
26624
384
64
0
30720
448
64
0
34816
512
64
0
38912
576
64
0
43008
640
64
0
47104
704
64
0
51200
768
64
0
55296
832
64
0
59392
896
64
0
63488
960
64
0
67584
1024
64
0
71680
1088
64
0
75776
1152
64
0
79872
1216
64
0
83968
1280
64
0
88064
1344
64
0
92160
1408
64
0
96256
1472
64
0
100352
1536
64
0
104448
1600
64
0
108544
1664
64
0
112640
1728
64
0
116736
1792
64
0
120832
1856
64
0
124928
1920
64
0
129024
1984
64
0
2112
0
64
0
6208
64
64
0
10304
128
64
0
14400
192
64
0
18496
256
64
0
22592
320
64
0
26688
384
64
0
30784
448
64
0
34880
512
64
0
38976
576
64
0
43072
640
64
0
47168
704
64
0
51264
768
64
0
55360
832
64
0
59456
896
64
0
63552
960
64
0
67648
1024
64
0
71744
1088
64
0
75840
1152
64
0
79936
1216
64
0
84032
1280
64
0
88128
1344
64
0
92224
1408
64
0
96320
1472
64
0
100416
1536
64
0
104512
1600
64
0
108608
1664
64
0
112704
1728
64
0
116800
1792
64
0
120896
1856
64
0
124992
1920
64
0
129088
1984
64
0
2176
0
64
0
6272
64
64
0
10368
128
64
0
14464
192
64
0
18560
256
64
0
22656
320
64
0
26752
384
64
0
30848
448
64
0
34944
512
64
0
39040
576
64
0
43136
640
64
0
47232
704
64
0
51328
768
64
0
55424
832
64
0
59520
896
64
0
63616
960
64
0
67712
1024
64
0
71808
1088
64
0
75904
1152
64
0
80000
1216
64
0
84096
1280
64
0
88192
1344
64
0
92288
1408
64
0
96384
1472
64
0
100480
1536
64
0
104576
1600
64
0
108672
1664
64
0
112768
1728
64
0
116864
1792
64
0
120960
1856
64
0
125056
1920
64
0
129152
1984
64
0
2240
0
64
0
6336
64
64
0
10432
128
64
0
14528
192
64
0
18624
256
64
0
22720
320
64
0
26816
384
64
0
30912
448
64
0
35008
512
64
0
39104
576
64
0
43200
640
64
0
47296
704
64
0
51392
768
64
0
55488
832
64
0
59584
896
64
0
63680
960
64
0
67776
1024
64
0
71872
1088
64
0
75968
1152
64
0
80064
1216
64
0
84160
1280
64
0
88256
1344
64
0
92352
1408
64
0
96448
1472
64
0
100544
1536
64
0
104640
1600
64
0
108736
1664
64
0
112832
1728
64
0
116928
1792
64
0
121024
1856
64
0
125120
1920
64
0
129216
1984
64
0
2304
0
64
0
6400
64
64
0
10496
128
64
0
14592
192
64
0
18688
256
64
0
22784
320
64
0
26880
384
64
0
30976
448
64
0
35072
512
64
0
39168
576
64
0
43264
640
64
0
47360
704
64
0
51456
768
64
0
55552
832
64
0
59648
896
64
0
63744
960
64
0
67840
1024
64
0
71936
1088
64
0
76032
1152
64
0
80128
1216
64
0
84224
1280
64
0
88320
1344
64
0
92416
1408
64
0
96512
1472
64
0
100608
1536
64
0
104704
1600
64
0
108800
1664
64
0
112896
1728
64
0
116992
1792
64
0
121088
1856
64
0
125184
1920
64
0
129280
1984
64
0
2368
0
64
0
6464
64
64
0
10560
128
64
0
14656
192
64
0
18752
256
64
0
22848
320
64
0
26944
384
64
0
31040
448
64
0
35136
512
64
0
39232
576
64
0
43328
640
64
0
47424
704
64
0
51520
768
64
0
55616
832
64
0
59712
896
64
0
63808
960
64
0
67904
1024
64
0
72000
1088
64
0
76096
1152
64
0
80192
1216
64
0
84288
1280
64
0
88384
1344
64
0
92480
1408
64
0
96576
1472
64
0
100672
1536
64
0
104768
1600
64
0
108864
1664
64
0
112960
1728
64
0
117056
1792
64
0
121152
1856
64
0
125248
1920
64
0
129344
1984
64
0
2432
0
64
0
6528
64
64
0
10624
128
64
0
14720
192
64
0
18816
256
64
0
22912
320
64
0
27008
384
64
0
31104
448
64
0
35200
512
64
0
39296
576
64
0
43392
640
64
0
47488
704
64
0
51584
768
64
0
55680
832
64
0
59776
896
64
0
63872
960
64
0
67968
1024
64
0
72064
1088
64
0
76160
1152
64
0
80256
1216
64
0
84352
1280
64
0
88448
1344
64
0
92544
1408
64
0
96640
1472
64
0
100736
1536
64
0
104832
1600
64
0
108928
1664
64
0
113024
1728
64
0
117120
1792
64
0
121216
1856
64
0
125312
1920
64
0
129408
1984
64
0
2496
0
64
0
6592
64
64
0
10688
128
64
0
14784
192
64
0
18880
256
64
0
22976
320
64
0
27072
384
64
0
31168
448
64
0
35264
512
64
0
39360
576
64
0
43456
640
64
0
47552
704
64
0
51648
768
64
0
55744
832
64
0
59840
896
64
0
63936
960
64
0
68032
1024
64
0
72128
1088
64
0
76224
1152
64
0
80320
1216
64
0
84416
1280
64
0
88512
1344
64
0
92608
1408
64
0
96704
1472
64
0
100800
1536
64
0
104896
1600
64
0
108992
1664
64
0
113088
1728
64
0
117184
1792
64
0
121280
1856
64
0
125376
1920
64
0
129472
1984
64
0
2560
0
64
0
6656
64
64
0
10752
128
64
0
14848
192
64
0
18944
256
64
0
23040
320
64
0
27136
384
64
0
31232
448
64
0
35328
512
64
0
39424
576
64
0
43520
640
64
0
47616
704
64
0
51712
768
64
0
55808
832
64
0
59904
896
64
0
64000
960
64
0
68096
1024
64
0
72192
1088
64
0
76288
1152
64
0
80384
1216
64
0
84480
1280
64
0
88576
1344
64
0
92672
1408
64
0
96768
1472
64
0
100864
1536
64
0
104960
1600
64
0
109056
1664
64
0
113152
1728
64
0
117248
1792
64
0
121344
1856
64
0
125440
1920
64
0
129536
1984
64
0
2624
0
64
0
6720
64
64
0
10816
128
64
0
14912
192
64
0
19008
256
64
0
23104
320
64
0
27200
384
64
0
31296
448
64
0
35392
512
64
0
39488
576
64
0
43584
640
64
0
47680
704
64
0
51776
768
64
0
55872
832
64
0
59968
896
64
0
64064
960
64
0
68160
1024
64
0
72256
1088
64
0
76352
1152
64
0
80448
1216
64
0
84544
1280
64
0
88640
1344
64
0
92736
1408
64
0
96832
1472
64
0
100928
1536
64
0
105024
1600
64
0
109120
1664
64
0
113216
1728
64
0
117312
1792
64
0
121408
1856
64
0
125504
1920
64
0
129600
1984
64
0
2688
0
64
0
6784
64
64
0
10880
128
64
0
14976
192
64
0
19072
256
64
0
23168
320
64
0
27264
384
64
0
31360
448
64
0
35456
512
64
0
39552
576
64
0
43648
640
64
0
47744
704
64
0
51840
768
64
0
55936
832
64
0
60032
896
64
0
64128
960
64
0
68224
1024
64
0
72320
1088
64
0
76416
1152
64
0
80512
1216
64
0
84608
1280
64
0
88704
1344
64
0
92800
1408
64
0
96896
1472
64
0
100992
1536
64
0
105088
1600
64
0
109184
1664
64
0
113280
1728
64
0
117376
1792
64
0
121472
1856
64
0
125568
1920
64
0
129664
1984
64
0
2752
0
64
0
6848
64
64
0
10944
128
64
0
15040
192
64
0
19136
256
64
0
23232
320
64
0
27328
384
64
0
31424
448
64
0
35520
512
64
0
39616
576
64
0
43712
640
64
0
47808
704
64
0
51904
768
64
0
56000
832
64
0
60096
896
64
0
64192
960
64
0
68288
1024
64
0
72384
1088
64
0
76480
1152
64
0
80576
1216
64
0
84672
1280
64
0
88768
1344
64
0
92864
1408
64
0
96960
1472
64
0
101056
1536
64
0
105152
1600
64
0
109248
1664
64
0
113344
1728
64
0
117440
1792
64
0
121536
1856
64
0
125632
1920
64
0
129728
1984
64
0
2816
0
64
0
6912
64
64
0
11008
128
64
0
15104
192
64
0
19200
256
64
0
23296
320
64
0
27392
384
64
0
31488
448
64
0
35584
512
64
0
39680
576
64
0
43776
640
64
0
47872
704
64
0
51968
768
64
0
56064
832
64
0
60160
896
64
0
64256
960
64
0
68352
1024
64
0
72448
1088
64
0
76544
1152
64
0
80640
1216
64
0
84736
1280
64
0
88832
1344
64
0
92928
1408
64
0
97024
1472
64
0
101120
1536
64
0
105216
1600
64
0
109312
1664
64
0
113408
1728
64
0
117504
1792
64
0
121600
1856
64
0
125696
1920
64
0
129792
1984
64
0
2880
0
64
0
6976
64
64
0
11072
128
64
0
15168
192
64
0
19264
256
64
0
23360
320
64
0
27456
384
64
0
31552
448
64
0
35648
512
64
0
39744
576
64
0
43840
640
64
0
47936
704
64
0
52032
768
64
0
56128
832
64
0
60224
896
64
0
64320
960
64
0
68416
1024
64
0
72512
1088
64
0
76608
1152
64
0
80704
1216
64
0
84800
1280
64
0
88896
1344
64
0
92992
1408
64
0
97088
1472
64
0
101184
1536
64
0
105280
1600
64
0
109376
1664
64
0
113472
1728
64
0
117568
1792
64
0
121664
1856
64
0
125760
1920
64
0
129856
1984
64
0
2944
0
64
0
7040
64
64
0
11136
128
64
0
15232
192
64
0
19328
256
64
0
23424
320
64
0
27520
384
64
0
31616
448
64
0
35712
512
64
0
39808
576
64
0
43904
640
64
0
48000
704
64
0
52096
768
64
0
56192
832
64
0
60288
896
64
0
64384
960
64
0
68480
1024
64
0
72576
1088
64
0
76672
1152
64
0
80768
1216
64
0
84864
1280
64
0
88960
1344
64
0
93056
1408
64
0
97152
1472
64
0
101248
1536
64
0
105344
1600
64
0
109440
1664
64
0
113536
1728
64
0
117632
1792
64
0
121728
1856
64
0
125824
1920
64
0
129920
1984
64
0
3008
0
64
0
7104
64
64
0
11200
128
64
0
15296
192
64
0
19392
256
64
0
23488
320
64
0
27584
384
64
0
31680
448
64
0
35776
512
64
0
39872
576
64
0
43968
640
64
0
48064
704
64
0
52160
768
64
0
56256
832
64
0
60352
896
64
0
64448
960
64
0
68544
1024
64
0
72640
1088
64
0
76736
1152
64
0
80832
1216
64
0
84928
1280
64
0
89024
1344
64
0
93120
1408
64
0
97216
1472
64
0
101312
1536
64
0
105408
1600
64
0
109504
1664
64
0
113600
1728
64
0
117696
1792
64
0
121792
1856
64
0
125888
1920
64
0
129984
1984
64
0
3072
0
64
0
7168
64
64
0
11264
128
64
0
15360
192
64
0
19456
256
64
0
23552
320
64
0
27648
384
64
0
31744
448
64
0
35840
512
64
0
39936
576
64
0
44032
640
64
0
48128
704
64
0
52224
768
64
0
56320
832
64
0
60416
896
64
0
64512
960
64
0
68608
1024
64
0
72704
1088
64
0
76800
1152
64
0
80896
1216
64
0
84992
1280
64
0
89088
1344
64
0
93184
1408
64
0
97280
1472
64
0
101376
1536
64
0
105472
1600
64
0
109568
1664
64
0
113664
1728
64
0
117760
1792
64
0
121856
1856
64
0
125952
1920
64
0
130048
1984
64
0
3136
0
64
0
7232
64
64
0
11328
128
64
0
15424
192
64
0
19520
256
64
0
23616
320
64
0
27712
384
64
0
31808
448
64
0
35904
512
64
0
40000
576
64
0
44096
640
64
0
48192
704
64
0
52288
768
64
0
56384
832
64
0
60480
896
64
0
64576
960
64
0
68672
1024
64
0
72768
1088
64
0
76864
1152
64
0
80960
1216
64
0
85056
1280
64
0
89152
1344
64
0
93248
1408
64
0
97344
1472
64
0
101440
1536
64
0
105536
1600
64
0
109632
1664
64
0
113728
1728
64
0
117824
1792
64
0
121920
1856
64
0
126016
1920
64
0
130112
1984
64
0
3200
0
64
0
7296
64
64
0
11392
128
64
0
15488
192
64
0
19584
256
64
0
23680
320
64
0
27776
384
64
0
31872
448
64
0
35968
512
64
0
40064
576
64
0
44160
640
64
0
48256
704
64
0
52352
768
64
0
56448
832
64
0
60544
896
64
0
64640
960
64
0
68736
1024
64
0
72832
1088
64
0
76928
1152
64
0
81024
1216
64
0
85120
1280
64
0
89216
1344
64
0
93312
1408
64
0
97408
1472
64
0
101504
1536
64
0
105600
1600
64
0
109696
1664
64
0
113792
1728
64
0
117888
1792
64
0
121984
1856
64
0
126080
1920
64
0
130176
1984
64
0
3264
0
64
0
7360
64
64
0
11456
128
64
0
15552
192
64
0
19648
256
64
0
23744
320
64
0
27840
384
64
0
31936
448
64
0
36032
512
64
0
40128
576
64
0
44224
640
64
0
48320
704
64
0
52416
768
64
0
56512
832
64
0
60608
896
64
0
64704
960
64
0
68800
1024
64
0
72896
1088
64
0
76992
1152
64
0
81088
1216
64
0
85184
1280
64
0
89280
1344
64
0
93376
1408
64
0
97472
1472
64
0
101568
1536
64
0
105664
1600
64
0
109760
1664
64
0
113856
1728
64
0
117952
1792
64
0
122048
1856
64
0
126144
1920
64
0
130240
1984
64
0
3328
0
64
0
7424
64
64
0
11520
128
64
0
15616
192
64
0
19712
256
64
0
23808
320
64
0
27904
384
64
0
32000
448
64
0
36096
512
64
0
40192
576
64
0
44288
640
64
0
48384
704
64
0
52480
768
64
0
56576
832
64
0
60672
896
64
0
64768
960
64
0
68864
1024
64
0
72960
1088
64
0
77056
1152
64
0
81152
1216
64
0
85248
1280
64
0
89344
1344
64
0
93440
1408
64
0
97536
1472
64
0
101632
1536
64
0
105728
1600
64
0
109824
1664
64
0
113920
1728
64
0
118016
1792
64
0
122112
1856
64
0
126208
1920
64
0
130304
1984
64
0
3392
0
64
0
7488
64
64
0
11584
128
64
0
15680
192
64
0
19776
256
64
0
23872
320
64
0
27968
384
64
0
32064
448
64
0
36160
512
64
0
40256
576
64
0
44352
640
64
0
48448
704
64
0
52544
768
64
0
56640
832
64
0
60736
896
64
0
64832
960
64
0
68928
1024
64
0
73024
1088
64
0
77120
1152
64
0
81216
1216
64
0
85312
1280
64
0
89408
1344
64
0
93504
1408
64
0
97600
1472
64
0
101696
1536
64
0
105792
1600
64
0
109888
1664
64
0
113984
1728
64
0
118080
1792
64
0
122176
1856
64
0
126272
1920
64
0
130368
1984
64
0
3456
0
64
0
7552
64
64
0
11648
128
64
0
15744
192
64
0
19840
256
64
0
23936
320
64
0
28032
384
64
0
32128
448
64
0
36224
512
64
0
40320
576
64
0
44416
640
64
0
48512
704
64
0
52608
768
64
0
56704
832
64
0
60800
896
64
0
64896
960
64
0
68992
1024
64
0
73088
1088
64
0
77184
1152
64
0
81280
1216
64
0
85376
1280
64
0
89472
1344
64
0
93568
1408
64
0
97664
1472
64
0
101760
1536
64
0
105856
1600
64
0
109952
1664
64
0
114048
1728
64
0
118144
1792
64
0
122240
1856
64
0
126336
1920
64
0
130432
1984
64
0
3520
0
64
0
7616
64
64
0
11712
128
64
0
15808
192
64
0
19904
256
64
0
24000
320
64
0
28096
384
64
0
32192
448
64
0
36288
512
64
0
40384
576
64
0
44480
640
64
0
48576
704
64
0
52672
768
64
0
56768
832
64
0
60864
896
64
0
64960
960
64
0
69056
1024
64
0
73152
1088
64
0
77248
1152
64
0
81344
1216
64
0
85440
1280
64
0
89536
1344
64
0
93632
1408
64
0
97728
1472
64
0
101824
1536
64
0
105920
1600
64
0
110016
1664
64
0
114112
1728
64
0
118208
1792
64
0
122304
1856
64
0
126400
1920
64
0
130496
1984
64
0
3584
0
64
0
7680
64
64
0
11776
128
64
0
15872
192
64
0
19968
256
64
0
24064
320
64
0
28160
384
64
0
32256
448
64
0
36352
512
64
0
40448
576
64
0
44544
640
64
0
48640
704
64
0
52736
768
64
0
56832
832
64
0
60928
896
64
0
65024
960
64
0
69120
1024
64
0
73216
1088
64
0
77312
1152
64
0
81408
1216
64
0
85504
1280
64
0
89600
1344
64
0
93696
1408
64
0
97792
1472
64
0
101888
1536
64
0
105984
1600
64
0
110080
1664
64
0
114176
1728
64
0
118272
1792
64
0
122368
1856
64
0
126464
1920
64
0
130560
1984
64
0
3648
0
64
0
7744
64
64
0
11840
128
64
0
15936
192
64
0
20032
256
64
0
24128
320
64
0
28224
384
64
0
32320
448
64
0
36416
512
64
0
40512
576
64
0
44608
640
64
0
48704
704
64
0
52800
768
64
0
56896
832
64
0
60992
896
64
0
65088
960
64
0
69184
1024
64
0
73280
1088
64
0
77376
1152
64
0
81472
1216
64
0
85568
1280
64
0
89664
1344
64
0
93760
1408
64
0
97856
1472
64
0
101952
1536
64
0
106048
1600
64
0
110144
1664
64
0
114240
1728
64
0
118336
1792
64
0
122432
1856
64
0
126528
1920
64
0
130624
1984
64
0
3712
0
64
0
7808
64
64
0
11904
128
64
0
16000
192
64
0
20096
256
64
0
24192
320
64
0
28288
384
64
0
32384
448
64
0
36480
512
64
0
40576
576
64
0
44672
640
64
0
48768
704
64
0
52864
768
64
0
56960
832
64
0
61056
896
64
0
65152
960
64
0
69248
1024
64
0
73344
1088
64
0
77440
1152
64
0
81536
1216
64
0
85632
1280
64
0
89728
1344
64
0
93824
1408
64
0
97920
1472
64
0
102016
1536
64
0
106112
1600
64
0
110208
1664
64
0
114304
1728
64
0
118400
1792
64
0
122496
1856
64
0
126592
1920
64
0
130688
1984
64
0
3776
0
64
0
7872
64
64
0
11968
128
64
0
16064
192
64
0
20160
256
64
0
24256
320
64
0
28352
384
64
0
32448
448
64
0
36544
512
64
0
40640
576
64
0
44736
640
64
0
48832
704
64
0
52928
768
64
0
57024
832
64
0
61120
896
64
0
65216
960
64
0
69312
1024
64
0
73408
1088
64
0
77504
1152
64
0
81600
1216
64
0
85696
1280
64
0
89792
1344
64
0
93888
1408
64
0
97984
1472
64
0
102080
1536
64
0
106176
1600
64
0
110272
1664
64
0
114368
1728
64
0
118464
1792
64
0
122560
1856
64
0
126656
1920
64
0
130752
1984
64
0
3840
0
64
0
7936
64
64
0
12032
128
64
0
16128
192
64
0
20224
256
64
0
24320
320
64
0
28416
384
64
0
32512
448
64
0
36608
512
64
0
40704
576
64
0
44800
640
64
0
48896
704
64
0
52992
768
64
0
57088
832
64
0
61184
896
64
0
65280
960
64
0
69376
1024
64
0
73472
1088
64
0
77568
1152
64
0
81664
1216
64
0
85760
1280
64
0
89856
1344
64
0
93952
1408
64
0
98048
1472
64
0
102144
1536
64
0
106240
1600
64
0
110336
1664
64
0
114432
1728
64
0
118528
1792
64
0
122624
1856
64
0
126720
1920
64
0
130816
1984
64
0
3904
0
64
0
8000
64
64
0
12096
128
64
0
16192
192
64
0
20288
256
64
0
24384
320
64
0
28480
384
64
0
32576
448
64
0
36672
512
64
0
40768
576
64
0
44864
640
64
0
48960
704
64
0
53056
768
64
0
57152
832
64
0
61248
896
64
0
65344
960
64
0
69440
1024
64
0
73536
1088
64
0
77632
1152
64
0
81728
1216
64
0
85824
1280
64
0
89920
1344
64
0
94016
1408
64
0
98112
1472
64
0
102208
1536
64
0
106304
1600
64
0
110400
1664
64
0
114496
1728
64
0
118592
1792
64
0
122688
1856
64
0
126784
1920
64
0
130880
1984
64
0
3968
0
64
0
8064
64
64
0
12160
128
64
0
16256
192
64
0
20352
256
64
0
24448
320
64
0
28544
384
64
0
32640
448
64
0
36736
512
64
0
40832
576
64
0
44928
640
64
0
49024
704
64
0
53120
768
64
0
57216
832
64
0
61312
896
64
0
65408
960
64
0
69504
1024
64
0
73600
1088
64
0
77696
1152
64
0
81792
1216
64
0
85888
1280
64
0
89984
1344
64
0
94080
1408
64
0
98176
1472
64
0
102272
1536
64
0
106368
1600
64
0
110464
1664
64
0
114560
1728
64
0
118656
1792
64
0
122752
1856
64
0
126848
1920
64
0
130944
1984
64
0
4032
0
64
0
8128
64
64
0
12224
128
64
0
16320
192
64
0
20416
256
64
0
24512
320
64
0
28608
384
64
0
32704
448
64
0
36800
512
64
0
40896
576
64
0
44992
640
64
0
49088
704
64
0
53184
768
64
0
57280
832
64
0
61376
896
64
0
65472
960
64
0
69568
1024
64
0
73664
1088
64
0
77760
1152
64
0
81856
1216
64
0
85952
1280
64
0
90048
1344
64
0
94144
1408
64
0
98240
1472
64
0
102336
1536
64
0
106432
1600
64
0
110528
1664
64
0
114624
1728
64
0
118720
1792
64
0
122816
1856
64
0
126912
1920
64
0
131008
1984
64
0
131072
0
64
0
135168
64
64
0
139264
128
64
0
143360
192
64
0
147456
256
64
0
151552
320
64
0
155648
384
64
0
159744
448
64
0
163840
512
64
0
167936
576
64
0
172032
640
64
0
176128
704
64
0
180224
768
64
0
184320
832
64
0
188416
896
64
0
192512
960
64
0
196608
1024
64
0
0
1088
64
1
0
1152
64
1
0
1216
64
1
0
1280
64
1
0
1344
64
1
0
1408
64
1
0
1472
64
1
0
1536
64
1
0
1600
64
1
0
1664
64
1
0
1728
64
1
0
1792
64
1
0
1856
64
1
0
1920
64
1
0
1984
64
1
131136
0
64
0
135232
64
64
0
139328
128
64
0
143424
192
64
0
147520
256
64
0
151616
320
64
0
155712
384
64
0
159808
448
64
0
163904
512
64
0
168000
576
64
0
172096
640
64
0
176192
704
64
0
180288
768
64
0
184384
832
64
0
188480
896
64
0
192576
960
64
0
196672
1024
64
0
64
1088
64
1
64
1152
64
1
64
1216
64
1
64
1280
64
1
64
1344
64
1
64
1408
64
1
64
1472
64
1
64
1536
64
1
64
1600
64
1
64
1664
64
1
64
1728
64
1
64
1792
64
1
64
1856
64
1
64
1920
64
1
64
1984
64
1
131200
0
64
0
135296
64
64
0
139392
128
64
0
143488
192
64
0
147584
256
64
0
151680
320
64
0
155776
384
64
0
159872
448
64
0
163968
512
64
0
168064
576
64
0
172160
640
64
0
176256
704
64
0
180352
768
64
0
184448
832
64
0
188544
896
64
0
192640
960
64
0
196736
1024
64
0
128
1088
64
1
128
1152
64
1
128
1216
64
1
128
1280
64
1
128
1344
64
1
128
1408
64
1
128
1472
64
1
128
1536
64
1
128
1600
64
1
128
1664
64
1
128
1728
64
1
128
1792
64
1
128
1856
64
1
128
1920
64
1
128
1984
64
1
131264
0
64
0
135360
64
64
0
139456
128
64
0
143552
192
64
0
147648
256
64
0
151744
320
64
0
155840
384
64
0
159936
448
64
0
164032
512
64
0
168128
576
64
0
172224
640
64
0
176320
704
64
0
180416
768
64
0
184512
832
64
0
188608
896
64
0
192704
960
64
0
196800
1024
64
0
192
1088
64
1
192
1152
64
1
192
1216
64
1
192
1280
64
1
192
1344
64
1
192
1408
64
1
192
1472
64
1
192
1536
64
1
192
1600
64
1
192
1664
64
1
192
1728
64
1
192
1792
64
1
192
1856
64
1
192
1920
64
1
192
1984
64
1
131328
0
64
0
135424
64
64
0
139520
128
64
0
143616
192
64
0
147712
256
64
0
151808
320
64
0
155904
384
64
0
160000
448
64
0
164096
512
64
0
168192
576
64
0
172288
640
64
0
176384
704
64
0
180480
768
64
0
184576
832
64
0
188672
896
64
0
192768
960
64
0
196864
1024
64
0
256
1088
64
1
256
1152
64
1
256
1216
64
1
256
1280
64
1
256
1344
64
1
256
1408
64
1
256
1472
64
1
256
1536
64
1
256
1600
64
1
256
1664
64
1
256
1728
64
1
256
1792
64
1
256
1856
64
1
256
1920
64
1
256
1984
64
1
131392
0
64
0
135488
64
64
0
139584
128
64
0
143680
192
64
0
147776
256
64
0
151872
320
64
0
155968
384
64
0
160064
448
64
0
164160
512
64
0
168256
576
64
0
172352
640
64
0
176448
704
64
0
180544
768
64
0
184640
832
64
0
188736
896
64
0
192832
960
64
0
196928
1024
64
0
320
1088
64
1
320
1152
64
1
320
1216
64
1
320
1280
64
1
320
1344
64
1
320
1408
64
1
320
1472
64
1
320
1536
64
1
320
1600
64
1
320
1664
64
1
320
1728
64
1
320
1792
64
1
320
1856
64
1
320
1920
64
1
320
1984
64
1
131456
0
64
0
135552
64
64
0
139648
128
64
0
143744
192
64
0
147840
256
64
0
151936
320
64
0
156032
384
64
0
160128
448
64
0
164224
512
64
0
168320
576
64
0
172416
640
64
0
176512
704
64
0
180608
768
64
0
184704
832
64
0
188800
896
64
0
192896
960
64
0
196992
1024
64
0
384
1088
64
1
384
1152
64
1
384
1216
64
1
384
1280
64
1
384
1344
64
1
384
1408
64
1
384
1472
64
1
384
1536
64
1
384
1600
64
1
384
1664
64
1
384
1728
64
1
384
1792
64
1
384
1856
64
1
384
1920
64
1
384
1984
64
1
131520
0
64
0
135616
64
64
0
139712
128
64
0
143808
192
64
0
147904
256
64
0
152000
320
64
0
156096
384
64
0
160192
448
64
0
164288
512
64
0
168384
576
64
0
172480
640
64
0
176576
704
64
0
180672
768
64
0
184768
832
64
0
188864
896
64
0
192960
960
64
0
197056
1024
64
0
448
1088
64
1
448
1152
64
1
448
1216
64
1
448
1280
64
1
448
1344
64
1
448
1408
64
1
448
1472
64
1
448
1536
64
1
448
1600
64
1
448
1664
64
1
448
1728
64
1
448
1792
64
1
448
1856
64
1
448
1920
64
1
448
1984
64
1
131584
0
64
0
135680
64
64
0
139776
128
64
0
143872
192
64
0
147968
256
64
0
152064
320
64
0
156160
384
64
0
160256
448
64
0
164352
512
64
0
168448
576
64
0
172544
640
64
0
176640
704
64
0
180736
768
64
0
184832
832
64
0
188928
896
64
0
193024
960
64
0
197120
1024
64
0
512
1088
64
1
512
1152
64
1
512
1216
64
1
512
1280
64
1
512
1344
64
1
512
1408
64
1
512
1472
64
1
512
1536
64
1
512
1600
64
1
512
1664
64
1
512
1728
64
1
512
1792
64
1
512
1856
64
1
512
1920
64
1
512
1984
64
1
131648
0
64
0
135744
64
64
0
139840
128
64
0
143936
192
64
0
148032
256
64
0
152128
320
64
0
156224
384
64
0
160320
448
64
0
164416
512
64
0
168512
576
64
0
172608
640
64
0
176704
704
64
0
180800
768
64
0
184896
832
64
0
188992
896
64
0
193088
960
64
0
197184
1024
64
0
576
1088
64
1
576
1152
64
1
576
1216
64
1
576
1280
64
1
576
1344
64
1
576
1408
64
1
576
1472
64
1
576
1536
64
1
576
1600
64
1
576
1664
64
1
576
1728
64
1
576
1792
64
1
576
1856
64
1
576
1920
64
1
576
1984
64
1
131712
0
64
0
135808
64
64
0
139904
128
64
0
144000
192
64
0
148096
256
64
0
152192
320
64
0
156288
384
64
0
160384
448
64
0
164480
512
64
0
168576
576
64
0
172672
640
64
0
176768
704
64
0
180864
768
64
0
184960
832
64
0
189056
896
64
0
193152
960
64
0
197248
1024
64
0
640
1088
64
1
640
1152
64
1
640
1216
64
1
640
1280
64
1
640
1344
64
1
640
1408
64
1
640
1472
64
1
640
1536
64
1
640
1600
64
1
640
1664
64
1
640
1728
64
1
640
1792
64
1
640
1856
64
1
640
1920
64
1
640
1984
64
1
131776
0
64
0
135872
64
64
0
139968
128
64
0
144064
192
64
0
148160
256
64
0
152256
320
64
0
156352
384
64
0
160448
448
64
0
164544
512
64
0
168640
576
64
0
172736
640
64
0
176832
704
64
0
180928
768
64
0
185024
832
64
0
189120
896
64
0
193216
960
64
0
197312
1024
64
0
704
1088
64
1
704
1152
64
1
704
1216
64
1
704
1280
64
1
704
1344
64
1
704
1408
64
1
704
1472
64
1
704
1536
64
1
704
1600
64
1
704
1664
64
1
704
1728
64
1
704
1792
64
1
704
1856
64
1
704
1920
64
1
704
1984
64
1
131840
0
64
0
135936
64
64
0
140032
128
64
0
144128
192
64
0
148224
256
64
0
152320
320
64
0
156416
384
64
0
160512
448
64
0
164608
512
64
0
168704
576
64
0
172800
640
64
0
176896
704
64
0
180992
768
64
0
185088
832
64
0
189184
896
64
0
193280
960
64
0
197376
1024
64
0
768
1088
64
1
768
1152
64
1
768
1216
64
1
768
1280
64
1
768
1344
64
1
768
1408
64
1
768
1472
64
1
768
1536
64
1
768
1600
64
1
768
1664
64
1
768
1728
64
1
768
1792
64
1
768
1856
64
1
768
1920
64
1
768
1984
64
1
131904
0
64
0
136000
64
64
0
140096
128
64
0
144192
192
64
0
148288
256
64
0
152384
320
64
0
156480
384
64
0
160576
448
64
0
164672
512
64
0
168768
576
64
0
172864
640
64
0
176960
704
64
0
181056
768
64
0
185152
832
64
0
189248
896
64
0
193344
960
64
0
197440
1024
64
0
832
1088
64
1
832
1152
64
1
832
1216
64
1
832
1280
64
1
832
1344
64
1
832
1408
64
1
832
1472
64
1
832
1536
64
1
832
1600
64
1
832
1664
64
1
832
1728
64
1
832
1792
64
1
832
1856
64
1
832
1920
64
1
832
1984
64
1
131968
0
64
0
136064
64
64
0
140160
128
64
0
144256
192
64
0
148352
256
64
0
152448
320
64
0
156544
384
64
0
160640
448
64
0
164736
512
64
0
168832
576
64
0
172928
640
64
0
177024
704
64
0
181120
768
64
0
185216
832
64
0
189312
896
64
0
193408
960
64
0
197504
1024
64
0
896
1088
64
1
896
1152
64
1
896
1216
64
1
896
1280
64
1
896
1344
64
1
896
1408
64
1
896
1472
64
1
896
1536
64
1
896
1600
64
1
896
1664
64
1
896
1728
64
1
896
1792
64
1
896
1856
64
1
896
1920
64
1
896
1984
64
1
132032
0
64
0
136128
64
64
0
140224
128
64
0
144320
192
64
0
148416
256
64
0
152512
320
64
0
156608
384
64
0
160704
448
64
0
164800
512
64
0
168896
576
64
0
172992
640
64
0
177088
704
64
0
181184
768
64
0
185280
832
64
0
189376
896
64
0
193472
960
64
0
197568
1024
64
0
960
1088
64
1
960
1152
64
1
960
1216
64
1
960
1280
64
1
960
1344
64
1
960
1408
64
1
960
1472
64
1
960
1536
64
1
960
1600
64
1
960
1664
64
1
960
1728
64
1
960
1792
64
1
960
1856
64
1
960
1920
64
1
960
1984
64
1
132096
0
64
0
136192
64
64
0
140288
128
64
0
144384
192
64
0
148480
256
64
0
152576
320
64
0
156672
384
64
0
160768
448
64
0
164864
512
64
0
168960
576
64
0
173056
640
64
0
177152
704
64
0
181248
768
64
0
185344
832
64
0
189440
896
64
0
193536
960
64
0
197632
1024
64
0
1024
1088
64
1
1024
1152
64
1
1024
1216
64
1
1024
1280
64
1
1024
1344
64
1
1024
1408
64
1
1024
1472
64
1
1024
1536
64
1
1024
1600
64
1
1024
1664
64
1
1024
1728
64
1
1024
1792
64
1
1024
1856
64
1
1024
1920
64
1
1024
1984
64
1
132160
0
64
0
136256
64
64
0
140352
128
64
0
144448
192
64
0
148544
256
64
0
152640
320
64
0
156736
384
64
0
160832
448
64
0
164928
512
64
0
169024
576
64
0
173120
640
64
0
177216
704
64
0
181312
768
64
0
185408
832
64
0
189504
896
64
0
193600
960
64
0
197696
1024
64
0
1088
1088
64
1
1088
1152
64
1
1088
1216
64
1
1088
1280
64
1
1088
1344
64
1
1088
1408
64
1
1088
1472
64
1
1088
1536
64
1
1088
1600
64
1
1088
1664
64
1
1088
1728
64
1
1088
1792
64
1
1088
1856
64
1
1088
1920
64
1
1088
1984
64
1
132224
0
64
0
136320
64
64
0
140416
128
64
0
144512
192
64
0
148608
256
64
0
152704
320
64
0
156800
384
64
0
160896
448
64
0
164992
512
64
0
169088
576
64
0
173184
640
64
0
177280
704
64
0
181376
768
64
0
185472
832
64
0
189568
896
64
0
193664
960
64
0
197760
1024
64
0
1152
1088
64
1
1152
1152
64
1
1152
1216
64
1
1152
1280
64
1
1152
1344
64
1
1152
1408
64
1
1152
1472
64
1
1152
1536
64
1
1152
1600
64
1
1152
1664
64
1
1152
1728
64
1
1152
1792
64
1
1152
1856
64
1
1152
1920
64
1
1152
1984
64
1
132288
0
64
0
136384
64
64
0
140480
128
64
0
144576
192
64
0
148672
256
64
0
152768
320
64
0
156864
384
64
0
160960
448
64
0
165056
512
64
0
169152
576
64
0
173248
640
64
0
177344
704
64
0
181440
768
64
0
185536
832
64
0
189632
896
64
0
193728
960
64
0
197824
1024
64
0
1216
1088
64
1
1216
1152
64
1
1216
1216
64
1
1216
1280
64
1
1216
1344
64
1
1216
1408
64
1
1216
1472
64
1
1216
1536
64
1
1216
1600
64
1
1216
1664
64
1
1216
1728
64
1
1216
1792
64
1
1216
1856
64
1
1216
1920
64
1
1216
1984
64
1
132352
0
64
0
136448
64
64
0
140544
128
64
0
144640
192
64
0
148736
256
64
0
152832
320
64
0
156928
384
64
0
161024
448
64
0
165120
512
64
0
169216
576
64
0
173312
640
64
0
177408
704
64
0
181504
768
64
0
185600
832
64
0
189696
896
64
0
193792
960
64
0
197888
1024
64
0
1280
1088
64
1
1280
1152
64
1
1280
1216
64
1
1280
1280
64
1
1280
1344
64
1
1280
1408
64
1
1280
1472
64
1
1280
1536
64
1
1280
1600
64
1
1280
1664
64
1
1280
1728
64
1
1280
1792
64
1
1280
1856
64
1
1280
1920
64
1
1280
1984
64
1
132416
0
64
0
136512
64
64
0
140608
128
64
0
144704
192
64
0
148800
256
64
0
152896
320
64
0
156992
384
64
0
161088
448
64
0
165184
512
64
0
169280
576
64
0
173376
640
64
0
177472
704
64
0
181568
768
64
0
185664
832
64
0
189760
896
64
0
193856
960
64
0
197952
1024
64
0
1344
1088
64
1
1344
1152
64
1
1344
1216
64
1
1344
1280
64
1
1344
1344
64
1
1344
1408
64
1
1344
1472
64
1
1344
1536
64
1
1344
1600
64
1
1344
1664
64
1
1344
1728
64
1
1344
1792
64
1
1344
1856
64
1
1344
1920
64
1
1344
1984
64
1
132480
0
64
0
136576
64
64
0
140672
128
64
0
144768
192
64
0
148864
256
64
0
152960
320
64
0
157056
384
64
0
161152
448
64
0
165248
512
64
0
169344
576
64
0
173440
640
64
0
177536
704
64
0
181632
768
64
0
185728
832
64
0
189824
896
64
0
193920
960
64
0
198016
1024
64
0
1408
1088
64
1
1408
1152
64
1
1408
1216
64
1
1408
1280
64
1
1408
1344
64
1
1408
1408
64
1
1408
1472
64
1
1408
1536
64
1
1408
1600
64
1
1408
1664
64
1
1408
1728
64
1
1408
1792
64
1
1408
1856
64
1
1408
1920
64
1
1408
1984
64
1
132544
0
64
0
136640
64
64
0
140736
128
64
0
144832
192
64
0
148928
256
64
0
153024
320
64
0
157120
384
64
0
161216
448
64
0
165312
512
64
0
169408
576
64
0
173504
640
64
0
177600
704
64
0
181696
768
64
0
185792
832
64
0
189888
896
64
0
193984
960
64
0
198080
1024
64
0
1472
1088
64
1
1472
1152
64
1
1472
1216
64
1
1472
1280
64
1
1472
1344
64
1
1472
1408
64
1
1472
1472
64
1
1472
1536
64
1
1472
1600
64
1
1472
1664
64
1
1472
1728
64
1
1472
1792
64
1
1472
1856
64
1
1472
1920
64
1
1472
1984
64
1
132608
0
64
0
136704
64
64
0
140800
128
64
0
144896
192
64
0
148992
256
64
0
153088
320
64
0
157184
384
64
0
161280
448
64
0
165376
512
64
0
169472
576
64
0
173568
640
64
0
177664
704
64
0
181760
768
64
0
185856
832
64
0
189952
896
64
0
194048
960
64
0
198144
1024
64
0
1536
1088
64
1
1536
1152
64
1
1536
1216
64
1
1536
1280
64
1
1536
1344
64
1
1536
1408
64
1
1536
1472
64
1
1536
1536
64
1
1536
1600
64
1
1536
1664
64
1
1536
1728
64
1
1536
1792
64
1
1536
1856
64
1
1536
1920
64
1
1536
1984
64
1
132672
0
64
0
136768
64
64
0
140864
128
64
0
144960
192
64
0
149056
256
64
0
153152
320
64
0
157248
384
64
0
161344
448
64
0
165440
512
64
0
169536
576
64
0
173632
640
64
0
177728
704
64
0
181824
768
64
0
185920
832
64
0
190016
896
64
0
194112
960
64
0
198208
1024
64
0
1600
1088
64
1
1600
1152
64
1
1600
1216
64
1
1600
1280
64
1
1600
1344
64
1
1600
1408
64
1
1600
1472
64
1
1600
1536
64
1
1600
1600
64
1
1600
1664
64
1
1600
1728
64
1
1600
1792
64
1
1600
1856
64
1
1600
1920
64
1
1600
1984
64
1
132736
0
64
0
136832
64
64
0
140928
128
64
0
145024
192
64
0
149120
256
64
0
153216
320
64
0
157312
384
64
0
161408
448
64
0
165504
512
64
0
169600
576
64
0
173696
640
64
0
177792
704
64
0
181888
768
64
0
185984
832
64
0
190080
896
64
0
194176
960
64
0
198272
1024
64
0
1664
1088
64
1
1664
1152
64
1
1664
1216
64
1
1664
1280
64
1
1664
1344
64
1
1664
1408
64
1
1664
1472
64
1
1664
1536
64
1
1664
1600
64
1
1664
1664
64
1
1664
1728
64
1
1664
1792
64
1
1664
1856
64
1
1664
1920
64
1
1664
1984
64
1
132800
0
64
0
136896
64
64
0
140992
128
64
0
145088
192
64
0
149184
256
64
0
153280
320
64
0
157376
384
64
0
161472
448
64
0
165568
512
64
0
169664
576
64
0
173760
640
64
0
177856
704
64
0
181952
768
64
0
186048
832
64
0
190144
896
64
0
194240
960
64
0
198336
1024
64
0
1728
1088
64
1
1728
1152
64
1
1728
1216
64
1
1728
1280
64
1
1728
1344
64
1
1728
1408
64
1
1728
1472
64
1
1728
1536
64
1
1728
1600
64
1
1728
1664
64
1
1728
1728
64
1
1728
1792
64
1
1728
1856
64
1
1728
1920
64
1
1728
1984
64
1
132864
0
64
0
136960
64
64
0
141056
128
64
0
145152
192
64
0
149248
256
64
0
153344
320
64
0
157440
384
64
0
161536
448
64
0
165632
512
64
0
169728
576
64
0
173824
640
64
0
177920
704
64
0
182016
768
64
0
186112
832
64
0
190208
896
64
0
194304
960
64
0
198400
1024
64
0
1792
1088
64
1
1792
1152
64
1
1792
1216
64
1
1792
1280
64
1
1792
1344
64
1
1792
1408
64
1
1792
1472
64
1
1792
1536
64
1
1792
1600
64
1
1792
1664
64
1
1792
1728
64
1
1792
1792
64
1
1792
1856
64
1
1792
1920
64
1
1792
1984
64
1
132928
0
64
0
137024
64
64
0
141120
128
64
0
145216
192
64
0
149312
256
64
0
153408
320
64
0
157504
384
64
0
161600
448
64
0
165696
512
64
0
169792
576
64
0
173888
640
64
0
177984
704
64
0
182080
768
64
0
186176
832
64
0
190272
896
64
0
194368
960
64
0
198464
1024
64
0
1856
1088
64
1
1856
1152
64
1
1856
1216
64
1
1856
1280
64
1
1856
1344
64
1
1856
1408
64
1
1856
1472
64
1
1856
1536
64
1
1856
1600
64
1
1856
1664
64
1
1856
1728
64
1
1856
1792
64
1
1856
1856
64
1
1856
1920
64
1
1856
1984
64
1
132992
0
64
0
137088
64
64
0
141184
128
64
0
145280
192
64
0
149376
256
64
0
153472
320
64
0
157568
384
64
0
161664
448
64
0
165760
512
64
0
169856
576
64
0
173952
640
64
0
178048
704
64
0
182144
768
64
0
186240
832
64
0
190336
896
64
0
194432
960
64
0
198528
1024
64
0
1920
1088
64
1
1920
1152
64
1
1920
1216
64
1
1920
1280
64
1
1920
1344
64
1
1920
1408
64
1
1920
1472
64
1
1920
1536
64
1
1920
1600
64
1
1920
1664
64
1
1920
1728
64
1
1920
1792
64
1
1920
1856
64
1
1920
1920
64
1
1920
1984
64
1
133056
0
64
0
137152
64
64
0
141248
128
64
0
145344
192
64
0
149440
256
64
0
153536
320
64
0
157632
384
64
0
161728
448
64
0
165824
512
64
0
169920
576
64
0
174016
640
64
0
178112
704
64
0
182208
768
64
0
186304
832
64
0
190400
896
64
0
194496
960
64
0
198592
1024
64
0
1984
1088
64
1
1984
1152
64
1
1984
1216
64
1
1984
1280
64
1
1984
1344
64
1
1984
1408
64
1
1984
1472
64
1
1984
1536
64
1
1984
1600
64
1
1984
1664
64
1
1984
1728
64
1
1984
1792
64
1
1984
1856
64
1
1984
1920
64
1
1984
1984
64
1
133120
0
64
0
137216
64
64
0
141312
128
64
0
145408
192
64
0
149504
256
64
0
153600
320
64
0
157696
384
64
0
161792
448
64
0
165888
512
64
0
169984
576
64
0
174080
640
64
0
178176
704
64
0
182272
768
64
0
186368
832
64
0
190464
896
64
0
194560
960
64
0
198656
1024
64
0
2048
1088
64
1
2048
1152
64
1
2048
1216
64
1
2048
1280
64
1
2048
1344
64
1
2048
1408
64
1
2048
1472
64
1
2048
1536
64
1
2048
1600
64
1
2048
1664
64
1
2048
1728
64
1
2048
1792
64
1
2048
1856
64
1
2048
1920
64
1
2048
1984
64
1
133184
0
64
0
137280
64
64
0
141376
128
64
0
145472
192
64
0
149568
256
64
0
153664
320
64
0
157760
384
64
0
161856
448
64
0
165952
512
64
0
170048
576
64
0
174144
640
64
0
178240
704
64
0
182336
768
64
0
186432
832
64
0
190528
896
64
0
194624
960
64
0
198720
1024
64
0
2112
1088
64
1
2112
1152
64
1
2112
1216
64
1
2112
1280
64
1
2112
1344
64
1
2112
1408
64
1
2112
1472
64
1
2112
1536
64
1
2112
1600
64
1
2112
1664
64
1
2112
1728
64
1
2112
1792
64
1
2112
1856
64
1
2112
1920
64
1
2112
1984
64
1
133248
0
64
0
137344
64
64
0
141440
128
64
0
145536
192
64
0
149632
256
64
0
153728
320
64
0
157824
384
64
0
161920
448
64
0
166016
512
64
0
170112
576
64
0
174208
640
64
0
178304
704
64
0
182400
768
64
0
186496
832
64
0
190592
896
64
0
194688
960
64
0
198784
1024
64
0
2176
1088
64
1
2176
1152
64
1
2176
1216
64
1
2176
1280
64
1
2176
1344
64
1
2176
1408
64
1
2176
1472
64
1
2176
1536
64
1
2176
1600
64
1
2176
1664
64
1
2176
1728
64
1
2176
1792
64
1
2176
1856
64
1
2176
1920
64
1
2176
1984
64
1
133312
0
64
0
137408
64
64
0
141504
128
64
0
145600
192
64
0
149696
256
64
0
153792
320
64
0
157888
384
64
0
161984
448
64
0
166080
512
64
0
170176
576
64
0
174272
640
64
0
178368
704
64
0
182464
768
64
0
186560
832
64
0
190656
896
64
0
194752
960
64
0
198848
1024
64
0
2240
1088
64
1
2240
1152
64
1
2240
1216
64
1
2240
1280
64
1
2240
1344
64
1
2240
1408
64
1
2240
1472
64
1
2240
1536
64
1
2240
1600
64
1
2240
1664
64
1
2240
1728
64
1
2240
1792
64
1
2240
1856
64
1
2240
1920
64
1
2240
1984
64
1
133376
0
64
0
137472
64
64
0
141568
128
64
0
145664
192
64
0
149760
256
64
0
153856
320
64
0
157952
384
64
0
162048
448
64
0
166144
512
64
0
170240
576
64
0
174336
640
64
0
178432
704
64
0
182528
768
64
0
186624
832
64
0
190720
896
64
0
194816
960
64
0
198912
1024
64
0
2304
1088
64
1
2304
1152
64
1
2304
1216
64
1
2304
1280
64
1
2304
1344
64
1
2304
1408
64
1
2304
1472
64
1
2304
1536
64
1
2304
1600
64
1
2304
1664
64
1
2304
1728
64
1
2304
1792
64
1
2304
1856
64
1
2304
1920
64
1
2304
1984
64
1
133440
0
64
0
137536
64
64
0
141632
128
64
0
145728
192
64
0
149824
256
64
0
153920
320
64
0
158016
384
64
0
162112
448
64
0
166208
512
64
0
170304
576
64
0
174400
640
64
0
178496
704
64
0
182592
768
64
0
186688
832
64
0
190784
896
64
0
194880
960
64
0
198976
1024
64
0
2368
1088
64
1
2368
1152
64
1
2368
1216
64
1
2368
1280
64
1
2368
1344
64
1
2368
1408
64
1
2368
1472
64
1
2368
1536
64
1
2368
1600
64
1
2368
1664
64
1
2368
1728
64
1
2368
1792
64
1
2368
1856
64
1
2368
1920
64
1
2368
1984
64
1
133504
0
64
0
137600
64
64
0
141696
128
64
0
145792
192
64
0
149888
256
64
0
153984
320
64
0
158080
384
64
0
162176
448
64
0
166272
512
64
0
170368
576
64
0
174464
640
64
0
178560
704
64
0
182656
768
64
0
186752
832
64
0
190848
896
64
0
194944
960
64
0
199040
1024
64
0
2432
1088
64
1
2432
1152
64
1
2432
1216
64
1
2432
1280
64
1
2432
1344
64
1
2432
1408
64
1
2432
1472
64
1
2432
1536
64
1
2432
1600
64
1
2432
1664
64
1
2432
1728
64
1
2432
1792
64
1
2432
1856
64
1
2432
1920
64
1
2432
1984
64
1
133568
0
64
0
137664
64
64
0
141760
128
64
0
145856
192
64
0
149952
256
64
0
154048
320
64
0
158144
384
64
0
162240
448
64
0
166336
512
64
0
170432
576
64
0
174528
640
64
0
178624
704
64
0
182720
768
64
0
186816
832
64
0
190912
896
64
0
195008
960
64
0
199104
1024
64
0
2496
1088
64
1
2496
1152
64
1
2496
1216
64
1
2496
1280
64
1
2496
1344
64
1
2496
1408
64
1
2496
1472
64
1
2496
1536
64
1
2496
1600
64
1
2496
1664
64
1
2496
1728
64
1
2496
1792
64
1
2496
1856
64
1
2496
1920
64
1
2496
1984
64
1
133632
0
64
0
137728
64
64
0
141824
128
64
0
145920
192
64
0
150016
256
64
0
154112
320
64
0
158208
384
64
0
162304
448
64
0
166400
512
64
0
170496
576
64
0
174592
640
64
0
178688
704
64
0
182784
768
64
0
186880
832
64
0
190976
896
64
0
195072
960
64
0
199168
1024
64
0
2560
1088
64
1
2560
1152
64
1
2560
1216
64
1
2560
1280
64
1
2560
1344
64
1
2560
1408
64
1
2560
1472
64
1
2560
1536
64
1
2560
1600
64
1
2560
1664
64
1
2560
1728
64
1
2560
1792
64
1
2560
1856
64
1
2560
1920
64
1
2560
1984
64
1
133696
0
64
0
137792
64
64
0
141888
128
64
0
145984
192
64
0
150080
256
64
0
154176
320
64
0
158272
384
64
0
162368
448
64
0
166464
512
64
0
170560
576
64
0
174656
640
64
0
178752
704
64
0
182848
768
64
0
186944
832
64
0
191040
896
64
0
195136
960
64
0
199232
1024
64
0
2624
1088
64
1
2624
1152
64
1
2624
1216
64
1
2624
1280
64
1
2624
1344
64
1
2624
1408
64
1
2624
1472
64
1
2624
1536
64
1
2624
1600
64
1
2624
1664
64
1
2624
1728
64
1
2624
1792
64
1
2624
1856
64
1
2624
1920
64
1
2624
1984
64
1
133760
0
64
0
137856
64
64
0
141952
128
64
0
146048
192
64
0
150144
256
64
0
154240
320
64
0
158336
384
64
0
162432
448
64
0
166528
512
64
0
170624
576
64
0
174720
640
64
0
178816
704
64
0
182912
768
64
0
187008
832
64
0
191104
896
64
0
195200
960
64
0
199296
1024
64
0
2688
1088
64
1
2688
1152
64
1
2688
1216
64
1
2688
1280
64
1
2688
1344
64
1
2688
1408
64
1
2688
1472
64
1
2688
1536
64
1
2688
1600
64
1
2688
1664
64
1
2688
1728
64
1
2688
1792
64
1
2688
1856
64
1
2688
1920
64
1
2688
1984
64
1
133824
0
64
0
137920
64
64
0
142016
128
64
0
146112
192
64
0
150208
256
64
0
154304
320
64
0
158400
384
64
0
162496
448
64
0
166592
512
64
0
170688
576
64
0
174784
640
64
0
178880
704
64
0
182976
768
64
0
187072
832
64
0
191168
896
64
0
195264
960
64
0
199360
1024
64
0
2752
1088
64
1
2752
1152
64
1
2752
1216
64
1
2752
1280
64
1
2752
1344
64
1
2752
1408
64
1
2752
1472
64
1
2752
1536
64
1
2752
1600
64
1
2752
1664
64
1
2752
1728
64
1
2752
1792
64
1
2752
1856
64
1
2752
1920
64
1
2752
1984
64
1
133888
0
64
0
137984
64
64
0
142080
128
64
0
146176
192
64
0
150272
256
64
0
154368
320
64
0
158464
384
64
0
162560
448
64
0
166656
512
64
0
170752
576
64
0
174848
640
64
0
178944
704
64
0
183040
768
64
0
187136
832
64
0
191232
896
64
0
195328
960
64
0
199424
1024
64
0
2816
1088
64
1
2816
1152
64
1
2816
1216
64
1
2816
1280
64
1
2816
1344
64
1
2816
1408
64
1
2816
1472
64
1
2816
1536
64
1
2816
1600
64
1
2816
1664
64
1
2816
1728
64
1
2816
1792
64
1
2816
1856
64
1
2816
1920
64
1
2816
1984
64
1
133952
0
64
0
138048
64
64
0
142144
128
64
0
146240
192
64
0
150336
256
64
0
154432
320
64
0
158528
384
64
0
162624
448
64
0
166720
512
64
0
170816
576
64
0
174912
640
64
0
179008
704
64
0
183104
768
64
0
187200
832
64
0
191296
896
64
0
195392
960
64
0
199488
1024
64
0
2880
1088
64
1
2880
1152
64
1
2880
1216
64
1
2880
1280
64
1
2880
1344
64
1
2880
1408
64
1
2880
1472
64
1
2880
1536
64
1
2880
1600
64
1
2880
1664
64
1
2880
1728
64
1
2880
1792
64
1
2880
1856
64
1
2880
1920
64
1
2880
1984
64
1
134016
0
64
0
138112
64
64
0
142208
128
64
0
146304
192
64
0
150400
256
64
0
154496
320
64
0
158592
384
64
0
162688
448
64
0
166784
512
64
0
170880
576
64
0
174976
640
64
0
179072
704
64
0
183168
768
64
0
187264
832
64
0
191360
896
64
0
195456
960
64
0
199552
1024
64
0
2944
1088
64
1
2944
1152
64
1
2944
1216
64
1
2944
1280
64
1
2944
1344
64
1
2944
1408
64
1
2944
1472
64
1
2944
1536
64
1
2944
1600
64
1
2944
1664
64
1
2944
1728
64
1
2944
1792
64
1
2944
1856
64
1
2944
1920
64
1
2944
1984
64
1
134080
0
64
0
138176
64
64
0
142272
128
64
0
146368
192
64
0
150464
256
64
0
154560
320
64
0
158656
384
64
0
162752
448
64
0
166848
512
64
0
170944
576
64
0
175040
640
64
0
179136
704
64
0
183232
768
64
0
187328
832
64
0
191424
896
64
0
195520
960
64
0
199616
1024
64
0
3008
1088
64
1
3008
1152
64
1
3008
1216
64
1
3008
1280
64
1
3008
1344
64
1
3008
1408
64
1
3008
1472
64
1
3008
1536
64
1
3008
1600
64
1
3008
1664
64
1
3008
1728
64
1
3008
1792
64
1
3008
1856
64
1
3008
1920
64
1
3008
1984
64
1
134144
0
64
0
138240
64
64
0
142336
128
64
0
146432
192
64
0
150528
256
64
0
154624
320
64
0
158720
384
64
0
162816
448
64
0
166912
512
64
0
171008
576
64
0
175104
640
64
0
179200
704
64
0
183296
768
64
0
187392
832
64
0
191488
896
64
0
195584
960
64
0
199680
1024
64
0
3072
1088
64
1
3072
1152
64
1
3072
1216
64
1
3072
1280
64
1
3072
1344
64
1
3072
1408
64
1
3072
1472
64
1
3072
1536
64
1
3072
1600
64
1
3072
1664
64
1
3072
1728
64
1
3072
1792
64
1
3072
1856
64
1
3072
1920
64
1
3072
1984
64
1
134208
0
64
0
138304
64
64
0
142400
128
64
0
146496
192
64
0
150592
256
64
0
154688
320
64
0
158784
384
64
0
162880
448
64
0
166976
512
64
0
171072
576
64
0
175168
640
64
0
179264
704
64
0
183360
768
64
0
187456
832
64
0
191552
896
64
0
195648
960
64
0
199744
1024
64
0
3136
1088
64
1
3136
1152
64
1
3136
1216
64
1
3136
1280
64
1
3136
1344
64
1
3136
1408
64
1
3136
1472
64
1
3136
1536
64
1
3136
1600
64
1
3136
1664
64
1
3136
1728
64
1
3136
1792
64
1
3136
1856
64
1
3136
1920
64
1
3136
1984
64
1
134272
0
64
0
138368
64
64
0
142464
128
64
0
146560
192
64
0
150656
256
64
0
154752
320
64
0
158848
384
64
0
162944
448
64
0
167040
512
64
0
171136
576
64
0
175232
640
64
0
179328
704
64
0
183424
768
64
0
187520
832
64
0
191616
896
64
0
195712
960
64
0
199808
1024
64
0
3200
1088
64
1
3200
1152
64
1
3200
1216
64
1
3200
1280
64
1
3200
1344
64
1
3200
1408
64
1
3200
1472
64
1
3200
1536
64
1
3200
1600
64
1
3200
1664
64
1
3200
1728
64
1
3200
1792
64
1
3200
1856
64
1
3200
1920
64
1
3200
1984
64
1
134336
0
64
0
138432
64
64
0
142528
128
64
0
146624
192
64
0
150720
256
64
0
154816
320
64
0
158912
384
64
0
163008
448
64
0
167104
512
64
0
171200
576
64
0
175296
640
64
0
179392
704
64
0
183488
768
64
0
187584
832
64
0
191680
896
64
0
195776
960
64
0
199872
1024
64
0
3264
1088
64
1
3264
1152
64
1
3264
1216
64
1
3264
1280
64
1
3264
1344
64
1
3264
1408
64
1
3264
1472
64
1
3264
1536
64
1
3264
1600
64
1
3264
1664
64
1
3264
1728
64
1
3264
1792
64
1
3264
1856
64
1
3264
1920
64
1
3264
1984
64
1
134400
0
64
0
138496
64
64
0
142592
128
64
0
146688
192
64
0
150784
256
64
0
154880
320
64
0
158976
384
64
0
163072
448
64
0
167168
512
64
0
171264
576
64
0
175360
640
64
0
179456
704
64
0
183552
768
64
0
187648
832
64
0
191744
896
64
0
195840
960
64
0
199936
1024
64
0
3328
1088
64
1
3328
1152
64
1
3328
1216
64
1
3328
1280
64
1
3328
1344
64
1
3328
1408
64
1
3328
1472
64
1
3328
1536
64
1
3328
1600
64
1
3328
1664
64
1
3328
1728
64
1
3328
1792
64
1
3328
1856
64
1
3328
1920
64
1
3328
1984
64
1
134464
0
64
0
138560
64
64
0
142656
128
64
0
146752
192
64
0
150848
256
64
0
154944
320
64
0
159040
384
64
0
163136
448
64
0
167232
512
64
0
171328
576
64
0
175424
640
64
0
179520
704
64
0
183616
768
64
0
187712
832
64
0
191808
896
64
0
195904
960
64
0
200000
1024
64
0
3392
1088
64
1
3392
1152
64
1
3392
1216
64
1
3392
1280
64
1
3392
1344
64
1
3392
1408
64
1
3392
1472
64
1
3392
1536
64
1
3392
1600
64
1
3392
1664
64
1
3392
1728
64
1
3392
1792
64
1
3392
1856
64
1
3392
1920
64
1
3392
1984
64
1
134528
0
64
0
138624
64
64
0
142720
128
64
0
146816
192
64
0
150912
256
64
0
155008
320
64
0
159104
384
64
0
163200
448
64
0
167296
512
64
0
171392
576
64
0
175488
640
64
0
179584
704
64
0
183680
768
64
0
187776
832
64
0
191872
896
64
0
195968
960
64
0
200064
1024
64
0
3456
1088
64
1
3456
1152
64
1
3456
1216
64
1
3456
1280
64
1
3456
1344
64
1
3456
1408
64
1
3456
1472
64
1
3456
1536
64
1
3456
1600
64
1
3456
1664
64
1
3456
1728
64
1
3456
1792
64
1
3456
1856
64
1
3456
1920
64
1
3456
1984
64
1
134592
0
64
0
138688
64
64
0
142784
128
64
0
146880
192
64
0
150976
256
64
0
155072
320
64
0
159168
384
64
0
163264
448
64
0
167360
512
64
0
171456
576
64
0
175552
640
64
0
179648
704
64
0
183744
768
64
0
187840
832
64
0
191936
896
64
0
196032
960
64
0
200128
1024
64
0
3520
1088
64
1
3520
1152
64
1
3520
1216
64
1
3520
1280
64
1
3520
1344
64
1
3520
1408
64
1
3520
1472
64
1
3520
1536
64
1
3520
1600
64
1
3520
1664
64
1
3520
1728
64
1
3520
1792
64
1
3520
1856
64
1
3520
1920
64
1
3520
1984
64
1
134656
0
64
0
138752
64
64
0
142848
128
64
0
146944
192
64
0
151040
256
64
0
155136
320
64
0
159232
384
64
0
163328
448
64
0
167424
512
64
0
171520
576
64
0
175616
640
64
0
179712
704
64
0
183808
768
64
0
187904
832
64
0
192000
896
64
0
196096
960
64
0
200192
1024
64
0
3584
1088
64
1
3584
1152
64
1
3584
1216
64
1
3584
1280
64
1
3584
1344
64
1
3584
1408
64
1
3584
1472
64
1
3584
1536
64
1
3584
1600
64
1
3584
1664
64
1
3584
1728
64
1
3584
1792
64
1
3584
1856
64
1
3584
1920
64
1
3584
1984
64
1
134720
0
64
0
138816
64
64
0
142912
128
64
0
147008
192
64
0
151104
256
64
0
155200
320
64
0
159296
384
64
0
163392
448
64
0
167488
512
64
0
171584
576
64
0
175680
640
64
0
179776
704
64
0
183872
768
64
0
187968
832
64
0
192064
896
64
0
196160
960
64
0
200256
1024
64
0
3648
1088
64
1
3648
1152
64
1
3648
1216
64
1
3648
1280
64
1
3648
1344
64
1
3648
1408
64
1
3648
1472
64
1
3648
1536
64
1
3648
1600
64
1
3648
1664
64
1
3648
1728
64
1
3648
1792
64
1
3648
1856
64
1
3648
1920
64
1
3648
1984
64
1
134784
0
64
0
138880
64
64
0
142976
128
64
0
147072
192
64
0
151168
256
64
0
155264
320
64
0
159360
384
64
0
163456
448
64
0
167552
512
64
0
171648
576
64
0
175744
640
64
0
179840
704
64
0
183936
768
64
0
188032
832
64
0
192128
896
64
0
196224
960
64
0
200320
1024
64
0
3712
1088
64
1
3712
1152
64
1
3712
1216
64
1
3712
1280
64
1
3712
1344
64
1
3712
1408
64
1
3712
1472
64
1
3712
1536
64
1
3712
1600
64
1
3712
1664
64
1
3712
1728
64
1
3712
1792
64
1
3712
1856
64
1
3712
1920
64
1
3712
1984
64
1
134848
0
64
0
138944
64
64
0
143040
128
64
0
147136
192
64
0
151232
256
64
0
155328
320
64
0
159424
384
64
0
163520
448
64
0
167616
512
64
0
171712
576
64
0
175808
640
64
0
179904
704
64
0
184000
768
64
0
188096
832
64
0
192192
896
64
0
196288
960
64
0
200384
1024
64
0
3776
1088
64
1
3776
1152
64
1
3776
1216
64
1
3776
1280
64
1
3776
1344
64
1
3776
1408
64
1
3776
1472
64
1
3776
1536
64
1
3776
1600
64
1
3776
1664
64
1
3776
1728
64
1
3776
1792
64
1
3776
1856
64
1
3776
1920
64
1
3776
1984
64
1
134912
0
64
0
139008
64
64
0
143104
128
64
0
147200
192
64
0
151296
256
64
0
155392
320
64
0
159488
384
64
0
163584
448
64
0
167680
512
64
0
171776
576
64
0
175872
640
64
0
179968
704
64
0
184064
768
64
0
188160
832
64
0
192256
896
64
0
196352
960
64
0
200448
1024
64
0
3840
1088
64
1
3840
1152
64
1
3840
1216
64
1
3840
1280
64
1
3840
1344
64
1
3840
1408
64
1
3840
1472
64
1
3840
1536
64
1
3840
1600
64
1
3840
1664
64
1
3840
1728
64
1
3840
1792
64
1
3840
1856
64
1
3840
1920
64
1
3840
1984
64
1
134976
0
64
0
139072
64
64
0
143168
128
64
0
147264
192
64
0
151360
256
64
0
155456
320
64
0
159552
384
64
0
163648
448
64
0
167744
512
64
0
171840
576
64
0
175936
640
64
0
180032
704
64
0
184128
768
64
0
188224
832
64
0
192320
896
64
0
196416
960
64
0
200512
1024
64
0
3904
1088
64
1
3904
1152
64
1
3904
1216
64
1
3904
1280
64
1
3904
1344
64
1
3904
1408
64
1
3904
1472
64
1
3904
1536
64
1
3904
1600
64
1
3904
1664
64
1
3904
1728
64
1
3904
1792
64
1
3904
1856
64
1
3904
1920
64
1
3904
1984
64
1
135040
0
64
0
139136
64
64
0
143232
128
64
0
147328
192
64
0
151424
256
64
0
155520
320
64
0
159616
384
64
0
163712
448
64
0
167808
512
64
0
171904
576
64
0
176000
640
64
0
180096
704
64
0
184192
768
64
0
188288
832
64
0
192384
896
64
0
196480
960
64
0
200576
1024
64
0
3968
1088
64
1
3968
1152
64
1
3968
1216
64
1
3968
1280
64
1
3968
1344
64
1
3968
1408
64
1
3968
1472
64
1
3968
1536
64
1
3968
1600
64
1
3968
1664
64
1
3968
1728
64
1
3968
1792
64
1
3968
1856
64
1
3968
1920
64
1
3968
1984
64
1
135104
0
64
0
139200
64
64
0
143296
128
64
0
147392
192
64
0
151488
256
64
0
155584
320
64
0
159680
384
64
0
163776
448
64
0
167872
512
64
0
171968
576
64
0
176064
640
64
0
180160
704
64
0
184256
768
64
0
188352
832
64
0
192448
896
64
0
196544
960
64
0
200640
1024
64
0
4032
1088
64
1
4032
1152
64
1
4032
1216
64
1
4032
1280
64
1
4032
1344
64
1
4032
1408
64
1
4032
1472
64
1
4032
1536
64
1
4032
1600
64
1
4032
1664
64
1
4032
1728
64
1
4032
1792
64
1
4032
1856
64
1
4032
1920
64
1
4032
1984
64
1
