0
0
64
1
0
64
64
1
0
128
64
1
0
192
64
1
0
256
64
1
0
320
64
1
0
384
64
1
0
448
64
1
0
512
64
1
0
576
64
1
0
640
64
1
0
704
64
1
0
768
64
1
0
832
64
1
0
896
64
1
0
960
64
1
0
1024
64
1
0
1088
64
1
1280
1152
64
0
1536
1216
64
0
1792
1280
64
0
2048
1344
64
0
0
1408
64
1
0
1472
64
1
0
1536
64
1
0
1600
64
1
3584
1664
64
0
3840
1728
64
0
4096
1792
64
0
4352
1856
64
0
0
1920
64
1
0
1984
64
1
64
0
64
1
64
64
64
1
64
128
64
1
64
192
64
1
64
256
64
1
64
320
64
1
64
384
64
1
64
448
64
1
64
512
64
1
64
576
64
1
64
640
64
1
64
704
64
1
64
768
64
1
64
832
64
1
64
896
64
1
64
960
64
1
64
1024
64
1
64
1088
64
1
1344
1152
64
0
1600
1216
64
0
1856
1280
64
0
2112
1344
64
0
64
1408
64
1
64
1472
64
1
64
1536
64
1
64
1600
64
1
3648
1664
64
0
3904
1728
64
0
4160
1792
64
0
4416
1856
64
0
64
1920
64
1
64
1984
64
1
0
0
64
1
0
64
64
1
5888
128
64
0
6144
192
64
0
6400
256
64
0
6656
320
64
0
0
384
64
1
0
448
64
1
0
512
64
1
0
576
64
1
8192
640
64
0
8448
704
64
0
8704
768
64
0
8960
832
64
0
0
896
64
1
0
960
64
1
0
1024
64
1
0
1088
64
1
0
1152
64
1
0
1216
64
1
0
1280
64
1
0
1344
64
1
0
1408
64
1
0
1472
64
1
0
1536
64
1
0
1600
64
1
0
1664
64
1
0
1728
64
1
0
1792
64
1
0
1856
64
1
0
1920
64
1
0
1984
64
1
64
0
64
1
64
64
64
1
5952
128
64
0
6208
192
64
0
6464
256
64
0
6720
320
64
0
64
384
64
1
64
448
64
1
64
512
64
1
64
576
64
1
8256
640
64
0
8512
704
64
0
8768
768
64
0
9024
832
64
0
64
896
64
1
64
960
64
1
64
1024
64
1
64
1088
64
1
64
1152
64
1
64
1216
64
1
64
1280
64
1
64
1344
64
1
64
1408
64
1
64
1472
64
1
64
1536
64
1
64
1600
64
1
64
1664
64
1
64
1728
64
1
64
1792
64
1
64
1856
64
1
64
1920
64
1
64
1984
64
1
