0
0
64
0
64
64
64
0
128
128
64
0
192
192
64
0
256
256
64
0
320
320
64
0
384
384
64
0
448
448
64
0
512
512
64
0
576
576
64
0
640
640
64
0
704
704
64
0
768
768
64
0
832
832
64
0
896
896
64
0
960
960
64
0
1024
1024
64
0
1088
1088
64
0
1152
1152
64
0
1216
1216
64
0
1280
1280
64
0
1344
1344
64
0
1408
1408
64
0
1472
1472
64
0
1536
1536
64
0
1600
1600
64
0
1664
1664
64
0
1728
1728
64
0
1792
1792
64
0
1856
1856
64
0
1920
1920
64
0
1984
1984
64
0
2048
2048
64
0
2112
2112
64
0
2176
2176
64
0
2240
2240
64
0
2304
2304
64
0
2368
2368
64
0
2432
2432
64
0
2496
2496
64
0
2560
2560
64
0
2624
2624
64
0
2688
2688
64
0
2752
2752
64
0
2816
2816
64
0
2880
2880
64
0
2944
2944
64
0
3008
3008
64
0
3072
3072
64
0
3136
3136
64
0
3200
3200
64
0
3264
3264
64
0
3328
3328
64
0
3392
3392
64
0
3456
3456
64
0
3520
3520
64
0
3584
3584
64
0
3648
3648
64
0
3712
3712
64
0
3776
3776
64
0
3840
3840
64
0
3904
3904
64
0
3968
3968
64
0
4032
4032
64
0
