0
0
64
0
128
64
64
0
256
128
64
0
384
192
64
0
512
256
64
0
640
320
64
0
768
384
64
0
896
448
64
0
1280
512
64
0
1408
576
64
0
1536
640
64
0
1664
704
64
0
1792
768
64
0
1920
832
64
0
2048
896
64
0
2176
960
64
0
2560
1024
64
0
2688
1088
64
0
2816
1152
64
0
2944
1216
64
0
3072
1280
64
0
3200
1344
64
0
3328
1408
64
0
3456
1472
64
0
3840
1536
64
0
3968
1600
64
0
4096
1664
64
0
4224
1728
64
0
4352
1792
64
0
4480
1856
64
0
4608
1920
64
0
4736
1984
64
0
64
0
64
0
192
64
64
0
320
128
64
0
448
192
64
0
576
256
64
0
704
320
64
0
832
384
64
0
960
448
64
0
1344
512
64
0
1472
576
64
0
1600
640
64
0
1728
704
64
0
1856
768
64
0
1984
832
64
0
2112
896
64
0
2240
960
64
0
2624
1024
64
0
2752
1088
64
0
2880
1152
64
0
3008
1216
64
0
3136
1280
64
0
3264
1344
64
0
3392
1408
64
0
3520
1472
64
0
3904
1536
64
0
4032
1600
64
0
4160
1664
64
0
4288
1728
64
0
4416
1792
64
0
4544
1856
64
0
4672
1920
64
0
4800
1984
64
0
128
0
64
0
256
64
64
0
384
128
64
0
512
192
64
0
640
256
64
0
768
320
64
0
896
384
64
0
1024
448
64
0
1408
512
64
0
1536
576
64
0
1664
640
64
0
1792
704
64
0
1920
768
64
0
2048
832
64
0
2176
896
64
0
2304
960
64
0
2688
1024
64
0
2816
1088
64
0
2944
1152
64
0
3072
1216
64
0
3200
1280
64
0
3328
1344
64
0
3456
1408
64
0
3584
1472
64
0
3968
1536
64
0
4096
1600
64
0
4224
1664
64
0
4352
1728
64
0
4480
1792
64
0
4608
1856
64
0
4736
1920
64
0
4864
1984
64
0
192
0
64
0
320
64
64
0
448
128
64
0
576
192
64
0
704
256
64
0
832
320
64
0
960
384
64
0
1088
448
64
0
1472
512
64
0
1600
576
64
0
1728
640
64
0
1856
704
64
0
1984
768
64
0
2112
832
64
0
2240
896
64
0
2368
960
64
0
2752
1024
64
0
2880
1088
64
0
3008
1152
64
0
3136
1216
64
0
3264
1280
64
0
3392
1344
64
0
3520
1408
64
0
3648
1472
64
0
4032
1536
64
0
4160
1600
64
0
4288
1664
64
0
4416
1728
64
0
4544
1792
64
0
4672
1856
64
0
4800
1920
64
0
4928
1984
64
0
256
0
64
0
384
64
64
0
512
128
64
0
640
192
64
0
768
256
64
0
896
320
64
0
1024
384
64
0
1152
448
64
0
1536
512
64
0
1664
576
64
0
1792
640
64
0
1920
704
64
0
2048
768
64
0
2176
832
64
0
2304
896
64
0
2432
960
64
0
2816
1024
64
0
2944
1088
64
0
3072
1152
64
0
3200
1216
64
0
3328
1280
64
0
3456
1344
64
0
3584
1408
64
0
3712
1472
64
0
4096
1536
64
0
4224
1600
64
0
4352
1664
64
0
4480
1728
64
0
4608
1792
64
0
4736
1856
64
0
4864
1920
64
0
4992
1984
64
0
320
0
64
0
448
64
64
0
576
128
64
0
704
192
64
0
832
256
64
0
960
320
64
0
1088
384
64
0
1216
448
64
0
1600
512
64
0
1728
576
64
0
1856
640
64
0
1984
704
64
0
2112
768
64
0
2240
832
64
0
2368
896
64
0
2496
960
64
0
2880
1024
64
0
3008
1088
64
0
3136
1152
64
0
3264
1216
64
0
3392
1280
64
0
3520
1344
64
0
3648
1408
64
0
3776
1472
64
0
4160
1536
64
0
4288
1600
64
0
4416
1664
64
0
4544
1728
64
0
4672
1792
64
0
4800
1856
64
0
4928
1920
64
0
5056
1984
64
0
1280
0
64
0
1408
64
64
0
1536
128
64
0
1664
192
64
0
1792
256
64
0
1920
320
64
0
2048
384
64
0
2176
448
64
0
2560
512
64
0
2688
576
64
0
2816
640
64
0
2944
704
64
0
3072
768
64
0
3200
832
64
0
3328
896
64
0
3456
960
64
0
3840
1024
64
0
3968
1088
64
0
4096
1152
64
0
4224
1216
64
0
4352
1280
64
0
4480
1344
64
0
4608
1408
64
0
4736
1472
64
0
5120
1536
64
0
5248
1600
64
0
5376
1664
64
0
5504
1728
64
0
5632
1792
64
0
5760
1856
64
0
5888
1920
64
0
6016
1984
64
0
1344
0
64
0
1472
64
64
0
1600
128
64
0
1728
192
64
0
1856
256
64
0
1984
320
64
0
2112
384
64
0
2240
448
64
0
2624
512
64
0
2752
576
64
0
2880
640
64
0
3008
704
64
0
3136
768
64
0
3264
832
64
0
3392
896
64
0
3520
960
64
0
3904
1024
64
0
4032
1088
64
0
4160
1152
64
0
4288
1216
64
0
4416
1280
64
0
4544
1344
64
0
4672
1408
64
0
4800
1472
64
0
5184
1536
64
0
5312
1600
64
0
5440
1664
64
0
5568
1728
64
0
5696
1792
64
0
5824
1856
64
0
5952
1920
64
0
6080
1984
64
0
1408
0
64
0
1536
64
64
0
1664
128
64
0
1792
192
64
0
1920
256
64
0
2048
320
64
0
2176
384
64
0
2304
448
64
0
2688
512
64
0
2816
576
64
0
2944
640
64
0
3072
704
64
0
3200
768
64
0
3328
832
64
0
3456
896
64
0
3584
960
64
0
3968
1024
64
0
4096
1088
64
0
4224
1152
64
0
4352
1216
64
0
4480
1280
64
0
4608
1344
64
0
4736
1408
64
0
4864
1472
64
0
5248
1536
64
0
5376
1600
64
0
5504
1664
64
0
5632
1728
64
0
5760
1792
64
0
5888
1856
64
0
6016
1920
64
0
6144
1984
64
0
1472
0
64
0
1600
64
64
0
1728
128
64
0
1856
192
64
0
1984
256
64
0
2112
320
64
0
2240
384
64
0
2368
448
64
0
2752
512
64
0
2880
576
64
0
3008
640
64
0
3136
704
64
0
3264
768
64
0
3392
832
64
0
3520
896
64
0
3648
960
64
0
4032
1024
64
0
4160
1088
64
0
4288
1152
64
0
4416
1216
64
0
4544
1280
64
0
4672
1344
64
0
4800
1408
64
0
4928
1472
64
0
5312
1536
64
0
5440
1600
64
0
5568
1664
64
0
5696
1728
64
0
5824
1792
64
0
5952
1856
64
0
6080
1920
64
0
6208
1984
64
0
1536
0
64
0
1664
64
64
0
1792
128
64
0
1920
192
64
0
2048
256
64
0
2176
320
64
0
2304
384
64
0
2432
448
64
0
2816
512
64
0
2944
576
64
0
3072
640
64
0
3200
704
64
0
3328
768
64
0
3456
832
64
0
3584
896
64
0
3712
960
64
0
4096
1024
64
0
4224
1088
64
0
4352
1152
64
0
4480
1216
64
0
4608
1280
64
0
4736
1344
64
0
4864
1408
64
0
4992
1472
64
0
5376
1536
64
0
5504
1600
64
0
5632
1664
64
0
5760
1728
64
0
5888
1792
64
0
6016
1856
64
0
6144
1920
64
0
6272
1984
64
0
1600
0
64
0
1728
64
64
0
1856
128
64
0
1984
192
64
0
2112
256
64
0
2240
320
64
0
2368
384
64
0
2496
448
64
0
2880
512
64
0
3008
576
64
0
3136
640
64
0
3264
704
64
0
3392
768
64
0
3520
832
64
0
3648
896
64
0
3776
960
64
0
4160
1024
64
0
4288
1088
64
0
4416
1152
64
0
4544
1216
64
0
4672
1280
64
0
4800
1344
64
0
4928
1408
64
0
5056
1472
64
0
5440
1536
64
0
5568
1600
64
0
5696
1664
64
0
5824
1728
64
0
5952
1792
64
0
6080
1856
64
0
6208
1920
64
0
6336
1984
64
0
2560
0
64
0
2688
64
64
0
2816
128
64
0
2944
192
64
0
3072
256
64
0
3200
320
64
0
3328
384
64
0
3456
448
64
0
3840
512
64
0
3968
576
64
0
4096
640
64
0
4224
704
64
0
4352
768
64
0
4480
832
64
0
4608
896
64
0
4736
960
64
0
5120
1024
64
0
5248
1088
64
0
5376
1152
64
0
5504
1216
64
0
5632
1280
64
0
5760
1344
64
0
5888
1408
64
0
6016
1472
64
0
6400
1536
64
0
6528
1600
64
0
6656
1664
64
0
6784
1728
64
0
6912
1792
64
0
7040
1856
64
0
7168
1920
64
0
7296
1984
64
0
2624
0
64
0
2752
64
64
0
2880
128
64
0
3008
192
64
0
3136
256
64
0
3264
320
64
0
3392
384
64
0
3520
448
64
0
3904
512
64
0
4032
576
64
0
4160
640
64
0
4288
704
64
0
4416
768
64
0
4544
832
64
0
4672
896
64
0
4800
960
64
0
5184
1024
64
0
5312
1088
64
0
5440
1152
64
0
5568
1216
64
0
5696
1280
64
0
5824
1344
64
0
5952
1408
64
0
6080
1472
64
0
6464
1536
64
0
6592
1600
64
0
6720
1664
64
0
6848
1728
64
0
6976
1792
64
0
7104
1856
64
0
7232
1920
64
0
7360
1984
64
0
2688
0
64
0
2816
64
64
0
2944
128
64
0
3072
192
64
0
3200
256
64
0
3328
320
64
0
3456
384
64
0
3584
448
64
0
3968
512
64
0
4096
576
64
0
4224
640
64
0
4352
704
64
0
4480
768
64
0
4608
832
64
0
4736
896
64
0
4864
960
64
0
5248
1024
64
0
5376
1088
64
0
5504
1152
64
0
5632
1216
64
0
5760
1280
64
0
5888
1344
64
0
6016
1408
64
0
6144
1472
64
0
6528
1536
64
0
6656
1600
64
0
6784
1664
64
0
6912
1728
64
0
7040
1792
64
0
7168
1856
64
0
7296
1920
64
0
7424
1984
64
0
2752
0
64
0
2880
64
64
0
3008
128
64
0
3136
192
64
0
3264
256
64
0
3392
320
64
0
3520
384
64
0
3648
448
64
0
4032
512
64
0
4160
576
64
0
4288
640
64
0
4416
704
64
0
4544
768
64
0
4672
832
64
0
4800
896
64
0
4928
960
64
0
5312
1024
64
0
5440
1088
64
0
5568
1152
64
0
5696
1216
64
0
5824
1280
64
0
5952
1344
64
0
6080
1408
64
0
6208
1472
64
0
6592
1536
64
0
6720
1600
64
0
6848
1664
64
0
6976
1728
64
0
7104
1792
64
0
7232
1856
64
0
7360
1920
64
0
7488
1984
64
0
2816
0
64
0
2944
64
64
0
3072
128
64
0
3200
192
64
0
3328
256
64
0
3456
320
64
0
3584
384
64
0
3712
448
64
0
4096
512
64
0
4224
576
64
0
4352
640
64
0
4480
704
64
0
4608
768
64
0
4736
832
64
0
4864
896
64
0
4992
960
64
0
5376
1024
64
0
5504
1088
64
0
5632
1152
64
0
5760
1216
64
0
5888
1280
64
0
6016
1344
64
0
6144
1408
64
0
6272
1472
64
0
6656
1536
64
0
6784
1600
64
0
6912
1664
64
0
7040
1728
64
0
7168
1792
64
0
7296
1856
64
0
7424
1920
64
0
7552
1984
64
0
2880
0
64
0
3008
64
64
0
3136
128
64
0
3264
192
64
0
3392
256
64
0
3520
320
64
0
3648
384
64
0
3776
448
64
0
4160
512
64
0
4288
576
64
0
4416
640
64
0
4544
704
64
0
4672
768
64
0
4800
832
64
0
4928
896
64
0
5056
960
64
0
5440
1024
64
0
5568
1088
64
0
5696
1152
64
0
5824
1216
64
0
5952
1280
64
0
6080
1344
64
0
6208
1408
64
0
6336
1472
64
0
6720
1536
64
0
6848
1600
64
0
6976
1664
64
0
7104
1728
64
0
7232
1792
64
0
7360
1856
64
0
7488
1920
64
0
7616
1984
64
0
5120
0
64
0
5248
64
64
0
5376
128
64
0
5504
192
64
0
5632
256
64
0
5760
320
64
0
5888
384
64
0
6016
448
64
0
6400
512
64
0
6528
576
64
0
6656
640
64
0
6784
704
64
0
6912
768
64
0
7040
832
64
0
7168
896
64
0
7296
960
64
0
7680
1024
64
0
7808
1088
64
0
7936
1152
64
0
8064
1216
64
0
8192
1280
64
0
8320
1344
64
0
8448
1408
64
0
8576
1472
64
0
8960
1536
64
0
9088
1600
64
0
9216
1664
64
0
9344
1728
64
0
9472
1792
64
0
9600
1856
64
0
9728
1920
64
0
9856
1984
64
0
5184
0
64
0
5312
64
64
0
5440
128
64
0
5568
192
64
0
5696
256
64
0
5824
320
64
0
5952
384
64
0
6080
448
64
0
6464
512
64
0
6592
576
64
0
6720
640
64
0
6848
704
64
0
6976
768
64
0
7104
832
64
0
7232
896
64
0
7360
960
64
0
7744
1024
64
0
7872
1088
64
0
8000
1152
64
0
8128
1216
64
0
8256
1280
64
0
8384
1344
64
0
8512
1408
64
0
8640
1472
64
0
9024
1536
64
0
9152
1600
64
0
9280
1664
64
0
9408
1728
64
0
9536
1792
64
0
9664
1856
64
0
9792
1920
64
0
9920
1984
64
0
5248
0
64
0
5376
64
64
0
5504
128
64
0
5632
192
64
0
5760
256
64
0
5888
320
64
0
6016
384
64
0
6144
448
64
0
6528
512
64
0
6656
576
64
0
6784
640
64
0
6912
704
64
0
7040
768
64
0
7168
832
64
0
7296
896
64
0
7424
960
64
0
7808
1024
64
0
7936
1088
64
0
8064
1152
64
0
8192
1216
64
0
8320
1280
64
0
8448
1344
64
0
8576
1408
64
0
8704
1472
64
0
9088
1536
64
0
9216
1600
64
0
9344
1664
64
0
9472
1728
64
0
9600
1792
64
0
9728
1856
64
0
9856
1920
64
0
9984
1984
64
0
5312
0
64
0
5440
64
64
0
5568
128
64
0
5696
192
64
0
5824
256
64
0
5952
320
64
0
6080
384
64
0
6208
448
64
0
6592
512
64
0
6720
576
64
0
6848
640
64
0
6976
704
64
0
7104
768
64
0
7232
832
64
0
7360
896
64
0
7488
960
64
0
7872
1024
64
0
8000
1088
64
0
8128
1152
64
0
8256
1216
64
0
8384
1280
64
0
8512
1344
64
0
8640
1408
64
0
8768
1472
64
0
9152
1536
64
0
9280
1600
64
0
9408
1664
64
0
9536
1728
64
0
9664
1792
64
0
9792
1856
64
0
9920
1920
64
0
10048
1984
64
0
5376
0
64
0
5504
64
64
0
5632
128
64
0
5760
192
64
0
5888
256
64
0
6016
320
64
0
6144
384
64
0
6272
448
64
0
6656
512
64
0
6784
576
64
0
6912
640
64
0
7040
704
64
0
7168
768
64
0
7296
832
64
0
7424
896
64
0
7552
960
64
0
7936
1024
64
0
8064
1088
64
0
8192
1152
64
0
8320
1216
64
0
8448
1280
64
0
8576
1344
64
0
8704
1408
64
0
8832
1472
64
0
9216
1536
64
0
9344
1600
64
0
9472
1664
64
0
9600
1728
64
0
9728
1792
64
0
9856
1856
64
0
9984
1920
64
0
10112
1984
64
0
5440
0
64
0
5568
64
64
0
5696
128
64
0
5824
192
64
0
5952
256
64
0
6080
320
64
0
6208
384
64
0
6336
448
64
0
6720
512
64
0
6848
576
64
0
6976
640
64
0
7104
704
64
0
7232
768
64
0
7360
832
64
0
7488
896
64
0
7616
960
64
0
8000
1024
64
0
8128
1088
64
0
8256
1152
64
0
8384
1216
64
0
8512
1280
64
0
8640
1344
64
0
8768
1408
64
0
8896
1472
64
0
9280
1536
64
0
9408
1600
64
0
9536
1664
64
0
9664
1728
64
0
9792
1792
64
0
9920
1856
64
0
10048
1920
64
0
10176
1984
64
0
6400
0
64
0
6528
64
64
0
6656
128
64
0
6784
192
64
0
6912
256
64
0
7040
320
64
0
7168
384
64
0
7296
448
64
0
7680
512
64
0
7808
576
64
0
7936
640
64
0
8064
704
64
0
8192
768
64
0
8320
832
64
0
8448
896
64
0
8576
960
64
0
8960
1024
64
0
9088
1088
64
0
9216
1152
64
0
9344
1216
64
0
9472
1280
64
0
9600
1344
64
0
9728
1408
64
0
9856
1472
64
0
10240
1536
64
0
10368
1600
64
0
10496
1664
64
0
10624
1728
64
0
10752
1792
64
0
10880
1856
64
0
11008
1920
64
0
11136
1984
64
0
6464
0
64
0
6592
64
64
0
6720
128
64
0
6848
192
64
0
6976
256
64
0
7104
320
64
0
7232
384
64
0
7360
448
64
0
7744
512
64
0
7872
576
64
0
8000
640
64
0
8128
704
64
0
8256
768
64
0
8384
832
64
0
8512
896
64
0
8640
960
64
0
9024
1024
64
0
9152
1088
64
0
9280
1152
64
0
9408
1216
64
0
9536
1280
64
0
9664
1344
64
0
9792
1408
64
0
9920
1472
64
0
10304
1536
64
0
10432
1600
64
0
10560
1664
64
0
10688
1728
64
0
10816
1792
64
0
10944
1856
64
0
11072
1920
64
0
11200
1984
64
0
6528
0
64
0
6656
64
64
0
6784
128
64
0
6912
192
64
0
7040
256
64
0
7168
320
64
0
7296
384
64
0
7424
448
64
0
7808
512
64
0
7936
576
64
0
8064
640
64
0
8192
704
64
0
8320
768
64
0
8448
832
64
0
8576
896
64
0
8704
960
64
0
9088
1024
64
0
9216
1088
64
0
9344
1152
64
0
9472
1216
64
0
9600
1280
64
0
9728
1344
64
0
9856
1408
64
0
9984
1472
64
0
10368
1536
64
0
10496
1600
64
0
10624
1664
64
0
10752
1728
64
0
10880
1792
64
0
11008
1856
64
0
11136
1920
64
0
11264
1984
64
0
6592
0
64
0
6720
64
64
0
6848
128
64
0
6976
192
64
0
7104
256
64
0
7232
320
64
0
7360
384
64
0
7488
448
64
0
7872
512
64
0
8000
576
64
0
8128
640
64
0
8256
704
64
0
8384
768
64
0
8512
832
64
0
8640
896
64
0
8768
960
64
0
9152
1024
64
0
9280
1088
64
0
9408
1152
64
0
9536
1216
64
0
9664
1280
64
0
9792
1344
64
0
9920
1408
64
0
10048
1472
64
0
10432
1536
64
0
10560
1600
64
0
10688
1664
64
0
10816
1728
64
0
10944
1792
64
0
11072
1856
64
0
11200
1920
64
0
11328
1984
64
0
6656
0
64
0
6784
64
64
0
6912
128
64
0
7040
192
64
0
7168
256
64
0
7296
320
64
0
7424
384
64
0
7552
448
64
0
7936
512
64
0
8064
576
64
0
8192
640
64
0
8320
704
64
0
8448
768
64
0
8576
832
64
0
8704
896
64
0
8832
960
64
0
9216
1024
64
0
9344
1088
64
0
9472
1152
64
0
9600
1216
64
0
9728
1280
64
0
9856
1344
64
0
9984
1408
64
0
10112
1472
64
0
10496
1536
64
0
10624
1600
64
0
10752
1664
64
0
10880
1728
64
0
11008
1792
64
0
11136
1856
64
0
11264
1920
64
0
11392
1984
64
0
6720
0
64
0
6848
64
64
0
6976
128
64
0
7104
192
64
0
7232
256
64
0
7360
320
64
0
7488
384
64
0
7616
448
64
0
8000
512
64
0
8128
576
64
0
8256
640
64
0
8384
704
64
0
8512
768
64
0
8640
832
64
0
8768
896
64
0
8896
960
64
0
9280
1024
64
0
9408
1088
64
0
9536
1152
64
0
9664
1216
64
0
9792
1280
64
0
9920
1344
64
0
10048
1408
64
0
10176
1472
64
0
10560
1536
64
0
10688
1600
64
0
10816
1664
64
0
10944
1728
64
0
11072
1792
64
0
11200
1856
64
0
11328
1920
64
0
11456
1984
64
0
7680
0
64
0
7808
64
64
0
7936
128
64
0
8064
192
64
0
8192
256
64
0
8320
320
64
0
8448
384
64
0
8576
448
64
0
8960
512
64
0
9088
576
64
0
9216
640
64
0
9344
704
64
0
9472
768
64
0
9600
832
64
0
9728
896
64
0
9856
960
64
0
10240
1024
64
0
10368
1088
64
0
10496
1152
64
0
10624
1216
64
0
10752
1280
64
0
10880
1344
64
0
11008
1408
64
0
11136
1472
64
0
11520
1536
64
0
11648
1600
64
0
11776
1664
64
0
11904
1728
64
0
12032
1792
64
0
12160
1856
64
0
12288
1920
64
0
12416
1984
64
0
7744
0
64
0
7872
64
64
0
8000
128
64
0
8128
192
64
0
8256
256
64
0
8384
320
64
0
8512
384
64
0
8640
448
64
0
9024
512
64
0
9152
576
64
0
9280
640
64
0
9408
704
64
0
9536
768
64
0
9664
832
64
0
9792
896
64
0
9920
960
64
0
10304
1024
64
0
10432
1088
64
0
10560
1152
64
0
10688
1216
64
0
10816
1280
64
0
10944
1344
64
0
11072
1408
64
0
11200
1472
64
0
11584
1536
64
0
11712
1600
64
0
11840
1664
64
0
11968
1728
64
0
12096
1792
64
0
12224
1856
64
0
12352
1920
64
0
12480
1984
64
0
7808
0
64
0
7936
64
64
0
8064
128
64
0
8192
192
64
0
8320
256
64
0
8448
320
64
0
8576
384
64
0
8704
448
64
0
9088
512
64
0
9216
576
64
0
9344
640
64
0
9472
704
64
0
9600
768
64
0
9728
832
64
0
9856
896
64
0
9984
960
64
0
10368
1024
64
0
10496
1088
64
0
10624
1152
64
0
10752
1216
64
0
10880
1280
64
0
11008
1344
64
0
11136
1408
64
0
11264
1472
64
0
11648
1536
64
0
11776
1600
64
0
11904
1664
64
0
12032
1728
64
0
12160
1792
64
0
12288
1856
64
0
12416
1920
64
0
12544
1984
64
0
7872
0
64
0
8000
64
64
0
8128
128
64
0
8256
192
64
0
8384
256
64
0
8512
320
64
0
8640
384
64
0
8768
448
64
0
9152
512
64
0
9280
576
64
0
9408
640
64
0
9536
704
64
0
9664
768
64
0
9792
832
64
0
9920
896
64
0
10048
960
64
0
10432
1024
64
0
10560
1088
64
0
10688
1152
64
0
10816
1216
64
0
10944
1280
64
0
11072
1344
64
0
11200
1408
64
0
11328
1472
64
0
11712
1536
64
0
11840
1600
64
0
11968
1664
64
0
12096
1728
64
0
12224
1792
64
0
12352
1856
64
0
12480
1920
64
0
12608
1984
64
0
7936
0
64
0
8064
64
64
0
8192
128
64
0
8320
192
64
0
8448
256
64
0
8576
320
64
0
8704
384
64
0
8832
448
64
0
9216
512
64
0
9344
576
64
0
9472
640
64
0
9600
704
64
0
9728
768
64
0
9856
832
64
0
9984
896
64
0
10112
960
64
0
10496
1024
64
0
10624
1088
64
0
10752
1152
64
0
10880
1216
64
0
11008
1280
64
0
11136
1344
64
0
11264
1408
64
0
11392
1472
64
0
11776
1536
64
0
11904
1600
64
0
12032
1664
64
0
12160
1728
64
0
12288
1792
64
0
12416
1856
64
0
12544
1920
64
0
12672
1984
64
0
8000
0
64
0
8128
64
64
0
8256
128
64
0
8384
192
64
0
8512
256
64
0
8640
320
64
0
8768
384
64
0
8896
448
64
0
9280
512
64
0
9408
576
64
0
9536
640
64
0
9664
704
64
0
9792
768
64
0
9920
832
64
0
10048
896
64
0
10176
960
64
0
10560
1024
64
0
10688
1088
64
0
10816
1152
64
0
10944
1216
64
0
11072
1280
64
0
11200
1344
64
0
11328
1408
64
0
11456
1472
64
0
11840
1536
64
0
11968
1600
64
0
12096
1664
64
0
12224
1728
64
0
12352
1792
64
0
12480
1856
64
0
12608
1920
64
0
12736
1984
64
0
