0
0
32
1
0
32
32
1
0
64
32
1
0
96
32
1
0
128
32
1
0
160
32
1
0
192
32
1
0
224
32
1
0
256
32
1
0
288
32
1
0
320
32
1
0
352
32
1
0
384
32
1
0
416
32
1
0
448
32
1
0
480
32
1
0
512
32
1
0
544
32
1
0
576
32
1
0
608
32
1
0
640
32
1
0
672
32
1
0
704
32
1
0
736
32
1
0
768
32
1
0
800
32
1
0
832
32
1
0
864
32
1
0
896
32
1
0
928
32
1
0
960
32
1
0
992
32
1
0
0
32
1
0
32
32
1
0
64
32
1
0
96
32
1
0
128
32
0
32
160
32
0
64
192
32
0
96
224
32
0
128
256
32
0
0
288
32
1
0
320
32
1
0
352
32
1
0
384
32
1
0
416
32
1
0
448
32
1
160
480
32
0
192
512
32
0
224
544
32
0
256
576
32
0
288
608
32
0
0
640
32
1
0
672
32
1
0
704
32
1
0
736
32
1
0
768
32
1
0
800
32
1
320
832
32
0
352
864
32
0
384
896
32
0
416
928
32
0
448
960
32
0
0
992
32
1
0
0
32
1
0
32
32
1
0
64
32
1
0
96
32
1
0
128
32
1
480
160
32
0
512
192
32
0
544
224
32
0
576
256
32
0
608
288
32
0
0
320
32
1
0
352
32
1
0
384
32
1
0
416
32
1
0
448
32
1
0
480
32
1
640
512
32
0
672
544
32
0
704
576
32
0
736
608
32
0
768
640
32
0
0
672
32
1
0
704
32
1
0
736
32
1
0
768
32
1
0
800
32
1
0
832
32
1
0
864
32
1
0
896
32
1
0
928
32
1
0
960
32
1
0
992
32
1
0
0
32
1
0
32
32
1
0
64
32
1
0
96
32
1
0
128
32
1
0
160
32
1
0
192
32
1
0
224
32
1
0
256
32
1
0
288
32
1
0
320
32
1
0
352
32
1
0
384
32
1
0
416
32
1
0
448
32
1
0
480
32
1
0
512
32
1
0
544
32
1
0
576
32
1
0
608
32
1
0
640
32
1
0
672
32
1
0
704
32
1
0
736
32
1
0
768
32
1
0
800
32
1
0
832
32
1
0
864
32
1
0
896
32
1
0
928
32
1
0
960
32
1
0
992
32
1
