0
0
64
0
128
64
64
0
256
128
64
0
384
192
64
0
768
256
64
0
896
320
64
0
1024
384
64
0
1152
448
64
0
1536
512
64
0
1664
576
64
0
1792
640
64
0
1920
704
64
0
2304
768
64
0
2432
832
64
0
2560
896
64
0
2688
960
64
0
0
1024
64
1
0
1088
64
1
0
1152
64
1
0
1216
64
1
0
1280
64
1
0
1344
64
1
0
1408
64
1
0
1472
64
1
0
1536
64
1
0
1600
64
1
0
1664
64
1
0
1728
64
1
0
1792
64
1
0
1856
64
1
0
1920
64
1
0
1984
64
1
64
0
64
0
192
64
64
0
320
128
64
0
448
192
64
0
832
256
64
0
960
320
64
0
1088
384
64
0
1216
448
64
0
1600
512
64
0
1728
576
64
0
1856
640
64
0
1984
704
64
0
2368
768
64
0
2496
832
64
0
2624
896
64
0
2752
960
64
0
64
1024
64
1
64
1088
64
1
64
1152
64
1
64
1216
64
1
64
1280
64
1
64
1344
64
1
64
1408
64
1
64
1472
64
1
64
1536
64
1
64
1600
64
1
64
1664
64
1
64
1728
64
1
64
1792
64
1
64
1856
64
1
64
1920
64
1
64
1984
64
1
128
0
64
0
256
64
64
0
384
128
64
0
512
192
64
0
896
256
64
0
1024
320
64
0
1152
384
64
0
1280
448
64
0
1664
512
64
0
1792
576
64
0
1920
640
64
0
2048
704
64
0
2432
768
64
0
2560
832
64
0
2688
896
64
0
2816
960
64
0
128
1024
64
1
128
1088
64
1
128
1152
64
1
128
1216
64
1
128
1280
64
1
128
1344
64
1
128
1408
64
1
128
1472
64
1
128
1536
64
1
128
1600
64
1
128
1664
64
1
128
1728
64
1
128
1792
64
1
128
1856
64
1
128
1920
64
1
128
1984
64
1
192
0
64
0
320
64
64
0
448
128
64
0
576
192
64
0
960
256
64
0
1088
320
64
0
1216
384
64
0
1344
448
64
0
1728
512
64
0
1856
576
64
0
1984
640
64
0
2112
704
64
0
2496
768
64
0
2624
832
64
0
2752
896
64
0
2880
960
64
0
192
1024
64
1
192
1088
64
1
192
1152
64
1
192
1216
64
1
192
1280
64
1
192
1344
64
1
192
1408
64
1
192
1472
64
1
192
1536
64
1
192
1600
64
1
192
1664
64
1
192
1728
64
1
192
1792
64
1
192
1856
64
1
192
1920
64
1
192
1984
64
1
256
0
64
0
384
64
64
0
512
128
64
0
640
192
64
0
1024
256
64
0
1152
320
64
0
1280
384
64
0
1408
448
64
0
1792
512
64
0
1920
576
64
0
2048
640
64
0
2176
704
64
0
2560
768
64
0
2688
832
64
0
2816
896
64
0
2944
960
64
0
256
1024
64
1
256
1088
64
1
256
1152
64
1
256
1216
64
1
256
1280
64
1
256
1344
64
1
256
1408
64
1
256
1472
64
1
256
1536
64
1
256
1600
64
1
256
1664
64
1
256
1728
64
1
256
1792
64
1
256
1856
64
1
256
1920
64
1
256
1984
64
1
320
0
64
0
448
64
64
0
576
128
64
0
704
192
64
0
1088
256
64
0
1216
320
64
0
1344
384
64
0
1472
448
64
0
1856
512
64
0
1984
576
64
0
2112
640
64
0
2240
704
64
0
2624
768
64
0
2752
832
64
0
2880
896
64
0
3008
960
64
0
320
1024
64
1
320
1088
64
1
320
1152
64
1
320
1216
64
1
320
1280
64
1
320
1344
64
1
320
1408
64
1
320
1472
64
1
320
1536
64
1
320
1600
64
1
320
1664
64
1
320
1728
64
1
320
1792
64
1
320
1856
64
1
320
1920
64
1
320
1984
64
1
768
0
64
0
896
64
64
0
1024
128
64
0
1152
192
64
0
1536
256
64
0
1664
320
64
0
1792
384
64
0
1920
448
64
0
2304
512
64
0
2432
576
64
0
2560
640
64
0
2688
704
64
0
3072
768
64
0
3200
832
64
0
3328
896
64
0
3456
960
64
0
384
1024
64
1
384
1088
64
1
384
1152
64
1
384
1216
64
1
384
1280
64
1
384
1344
64
1
384
1408
64
1
384
1472
64
1
384
1536
64
1
384
1600
64
1
384
1664
64
1
384
1728
64
1
384
1792
64
1
384
1856
64
1
384
1920
64
1
384
1984
64
1
832
0
64
0
960
64
64
0
1088
128
64
0
1216
192
64
0
1600
256
64
0
1728
320
64
0
1856
384
64
0
1984
448
64
0
2368
512
64
0
2496
576
64
0
2624
640
64
0
2752
704
64
0
3136
768
64
0
3264
832
64
0
3392
896
64
0
3520
960
64
0
448
1024
64
1
448
1088
64
1
448
1152
64
1
448
1216
64
1
448
1280
64
1
448
1344
64
1
448
1408
64
1
448
1472
64
1
448
1536
64
1
448
1600
64
1
448
1664
64
1
448
1728
64
1
448
1792
64
1
448
1856
64
1
448
1920
64
1
448
1984
64
1
896
0
64
0
1024
64
64
0
1152
128
64
0
1280
192
64
0
1664
256
64
0
1792
320
64
0
1920
384
64
0
2048
448
64
0
2432
512
64
0
2560
576
64
0
2688
640
64
0
2816
704
64
0
3200
768
64
0
3328
832
64
0
3456
896
64
0
3584
960
64
0
512
1024
64
1
512
1088
64
1
512
1152
64
1
512
1216
64
1
512
1280
64
1
512
1344
64
1
512
1408
64
1
512
1472
64
1
512
1536
64
1
512
1600
64
1
512
1664
64
1
512
1728
64
1
512
1792
64
1
512
1856
64
1
512
1920
64
1
512
1984
64
1
960
0
64
0
1088
64
64
0
1216
128
64
0
1344
192
64
0
1728
256
64
0
1856
320
64
0
1984
384
64
0
2112
448
64
0
2496
512
64
0
2624
576
64
0
2752
640
64
0
2880
704
64
0
3264
768
64
0
3392
832
64
0
3520
896
64
0
3648
960
64
0
576
1024
64
1
576
1088
64
1
576
1152
64
1
576
1216
64
1
576
1280
64
1
576
1344
64
1
576
1408
64
1
576
1472
64
1
576
1536
64
1
576
1600
64
1
576
1664
64
1
576
1728
64
1
576
1792
64
1
576
1856
64
1
576
1920
64
1
576
1984
64
1
1024
0
64
0
1152
64
64
0
1280
128
64
0
1408
192
64
0
1792
256
64
0
1920
320
64
0
2048
384
64
0
2176
448
64
0
2560
512
64
0
2688
576
64
0
2816
640
64
0
2944
704
64
0
3328
768
64
0
3456
832
64
0
3584
896
64
0
3712
960
64
0
640
1024
64
1
640
1088
64
1
640
1152
64
1
640
1216
64
1
640
1280
64
1
640
1344
64
1
640
1408
64
1
640
1472
64
1
640
1536
64
1
640
1600
64
1
640
1664
64
1
640
1728
64
1
640
1792
64
1
640
1856
64
1
640
1920
64
1
640
1984
64
1
1088
0
64
0
1216
64
64
0
1344
128
64
0
1472
192
64
0
1856
256
64
0
1984
320
64
0
2112
384
64
0
2240
448
64
0
2624
512
64
0
2752
576
64
0
2880
640
64
0
3008
704
64
0
3392
768
64
0
3520
832
64
0
3648
896
64
0
3776
960
64
0
704
1024
64
1
704
1088
64
1
704
1152
64
1
704
1216
64
1
704
1280
64
1
704
1344
64
1
704
1408
64
1
704
1472
64
1
704
1536
64
1
704
1600
64
1
704
1664
64
1
704
1728
64
1
704
1792
64
1
704
1856
64
1
704
1920
64
1
704
1984
64
1
1536
0
64
0
1664
64
64
0
1792
128
64
0
1920
192
64
0
2304
256
64
0
2432
320
64
0
2560
384
64
0
2688
448
64
0
3072
512
64
0
3200
576
64
0
3328
640
64
0
3456
704
64
0
3840
768
64
0
3968
832
64
0
4096
896
64
0
4224
960
64
0
768
1024
64
1
768
1088
64
1
768
1152
64
1
768
1216
64
1
768
1280
64
1
768
1344
64
1
768
1408
64
1
768
1472
64
1
768
1536
64
1
768
1600
64
1
768
1664
64
1
768
1728
64
1
768
1792
64
1
768
1856
64
1
768
1920
64
1
768
1984
64
1
1600
0
64
0
1728
64
64
0
1856
128
64
0
1984
192
64
0
2368
256
64
0
2496
320
64
0
2624
384
64
0
2752
448
64
0
3136
512
64
0
3264
576
64
0
3392
640
64
0
3520
704
64
0
3904
768
64
0
4032
832
64
0
4160
896
64
0
4288
960
64
0
832
1024
64
1
832
1088
64
1
832
1152
64
1
832
1216
64
1
832
1280
64
1
832
1344
64
1
832
1408
64
1
832
1472
64
1
832
1536
64
1
832
1600
64
1
832
1664
64
1
832
1728
64
1
832
1792
64
1
832
1856
64
1
832
1920
64
1
832
1984
64
1
1664
0
64
0
1792
64
64
0
1920
128
64
0
2048
192
64
0
2432
256
64
0
2560
320
64
0
2688
384
64
0
2816
448
64
0
3200
512
64
0
3328
576
64
0
3456
640
64
0
3584
704
64
0
3968
768
64
0
4096
832
64
0
4224
896
64
0
4352
960
64
0
896
1024
64
1
896
1088
64
1
896
1152
64
1
896
1216
64
1
896
1280
64
1
896
1344
64
1
896
1408
64
1
896
1472
64
1
896
1536
64
1
896
1600
64
1
896
1664
64
1
896
1728
64
1
896
1792
64
1
896
1856
64
1
896
1920
64
1
896
1984
64
1
1728
0
64
0
1856
64
64
0
1984
128
64
0
2112
192
64
0
2496
256
64
0
2624
320
64
0
2752
384
64
0
2880
448
64
0
3264
512
64
0
3392
576
64
0
3520
640
64
0
3648
704
64
0
4032
768
64
0
4160
832
64
0
4288
896
64
0
4416
960
64
0
960
1024
64
1
960
1088
64
1
960
1152
64
1
960
1216
64
1
960
1280
64
1
960
1344
64
1
960
1408
64
1
960
1472
64
1
960
1536
64
1
960
1600
64
1
960
1664
64
1
960
1728
64
1
960
1792
64
1
960
1856
64
1
960
1920
64
1
960
1984
64
1
1792
0
64
0
1920
64
64
0
2048
128
64
0
2176
192
64
0
2560
256
64
0
2688
320
64
0
2816
384
64
0
2944
448
64
0
3328
512
64
0
3456
576
64
0
3584
640
64
0
3712
704
64
0
4096
768
64
0
4224
832
64
0
4352
896
64
0
4480
960
64
0
1024
1024
64
1
1024
1088
64
1
1024
1152
64
1
1024
1216
64
1
1024
1280
64
1
1024
1344
64
1
1024
1408
64
1
1024
1472
64
1
1024
1536
64
1
1024
1600
64
1
1024
1664
64
1
1024
1728
64
1
1024
1792
64
1
1024
1856
64
1
1024
1920
64
1
1024
1984
64
1
1856
0
64
0
1984
64
64
0
2112
128
64
0
2240
192
64
0
2624
256
64
0
2752
320
64
0
2880
384
64
0
3008
448
64
0
3392
512
64
0
3520
576
64
0
3648
640
64
0
3776
704
64
0
4160
768
64
0
4288
832
64
0
4416
896
64
0
4544
960
64
0
1088
1024
64
1
1088
1088
64
1
1088
1152
64
1
1088
1216
64
1
1088
1280
64
1
1088
1344
64
1
1088
1408
64
1
1088
1472
64
1
1088
1536
64
1
1088
1600
64
1
1088
1664
64
1
1088
1728
64
1
1088
1792
64
1
1088
1856
64
1
1088
1920
64
1
1088
1984
64
1
