0
0
64
1
0
64
64
1
0
128
64
1
0
192
64
1
0
256
64
1
0
320
64
1
0
384
64
1
0
448
64
1
7680
512
64
0
8704
576
64
0
9728
640
64
0
10752
704
64
0
11776
768
64
0
12800
832
64
0
0
896
64
1
22016
960
64
0
23040
1024
64
0
24064
1088
64
0
25088
1152
64
0
26112
1216
64
0
27136
1280
64
0
0
1344
64
1
36352
1408
64
0
37376
1472
64
0
38400
1536
64
0
39424
1600
64
0
40448
1664
64
0
41472
1728
64
0
0
1792
64
1
50688
1856
64
0
51712
1920
64
0
52736
1984
64
0
64
0
64
1
64
64
64
1
64
128
64
1
64
192
64
1
64
256
64
1
64
320
64
1
64
384
64
1
64
448
64
1
7744
512
64
0
8768
576
64
0
9792
640
64
0
10816
704
64
0
11840
768
64
0
12864
832
64
0
64
896
64
1
22080
960
64
0
23104
1024
64
0
24128
1088
64
0
25152
1152
64
0
26176
1216
64
0
27200
1280
64
0
64
1344
64
1
36416
1408
64
0
37440
1472
64
0
38464
1536
64
0
39488
1600
64
0
40512
1664
64
0
41536
1728
64
0
64
1792
64
1
50752
1856
64
0
51776
1920
64
0
52800
1984
64
0
128
0
64
1
128
64
64
1
128
128
64
1
128
192
64
1
128
256
64
1
128
320
64
1
128
384
64
1
128
448
64
1
7808
512
64
0
8832
576
64
0
9856
640
64
0
10880
704
64
0
11904
768
64
0
12928
832
64
0
128
896
64
1
22144
960
64
0
23168
1024
64
0
24192
1088
64
0
25216
1152
64
0
26240
1216
64
0
27264
1280
64
0
128
1344
64
1
36480
1408
64
0
37504
1472
64
0
38528
1536
64
0
39552
1600
64
0
40576
1664
64
0
41600
1728
64
0
128
1792
64
1
50816
1856
64
0
51840
1920
64
0
52864
1984
64
0
192
0
64
1
192
64
64
1
192
128
64
1
192
192
64
1
192
256
64
1
192
320
64
1
192
384
64
1
192
448
64
1
7872
512
64
0
8896
576
64
0
9920
640
64
0
10944
704
64
0
11968
768
64
0
12992
832
64
0
192
896
64
1
22208
960
64
0
23232
1024
64
0
24256
1088
64
0
25280
1152
64
0
26304
1216
64
0
27328
1280
64
0
192
1344
64
1
36544
1408
64
0
37568
1472
64
0
38592
1536
64
0
39616
1600
64
0
40640
1664
64
0
41664
1728
64
0
192
1792
64
1
50880
1856
64
0
51904
1920
64
0
52928
1984
64
0
256
0
64
1
256
64
64
1
256
128
64
1
256
192
64
1
256
256
64
1
256
320
64
1
256
384
64
1
256
448
64
1
7936
512
64
0
8960
576
64
0
9984
640
64
0
11008
704
64
0
12032
768
64
0
13056
832
64
0
256
896
64
1
22272
960
64
0
23296
1024
64
0
24320
1088
64
0
25344
1152
64
0
26368
1216
64
0
27392
1280
64
0
256
1344
64
1
36608
1408
64
0
37632
1472
64
0
38656
1536
64
0
39680
1600
64
0
40704
1664
64
0
41728
1728
64
0
256
1792
64
1
50944
1856
64
0
51968
1920
64
0
52992
1984
64
0
320
0
64
1
320
64
64
1
320
128
64
1
320
192
64
1
320
256
64
1
320
320
64
1
320
384
64
1
320
448
64
1
8000
512
64
0
9024
576
64
0
10048
640
64
0
11072
704
64
0
12096
768
64
0
13120
832
64
0
320
896
64
1
22336
960
64
0
23360
1024
64
0
24384
1088
64
0
25408
1152
64
0
26432
1216
64
0
27456
1280
64
0
320
1344
64
1
36672
1408
64
0
37696
1472
64
0
38720
1536
64
0
39744
1600
64
0
40768
1664
64
0
41792
1728
64
0
320
1792
64
1
51008
1856
64
0
52032
1920
64
0
53056
1984
64
0
384
0
64
1
384
64
64
1
384
128
64
1
384
192
64
1
384
256
64
1
384
320
64
1
384
384
64
1
384
448
64
1
8064
512
64
0
9088
576
64
0
10112
640
64
0
11136
704
64
0
12160
768
64
0
13184
832
64
0
384
896
64
1
22400
960
64
0
23424
1024
64
0
24448
1088
64
0
25472
1152
64
0
26496
1216
64
0
27520
1280
64
0
384
1344
64
1
36736
1408
64
0
37760
1472
64
0
38784
1536
64
0
39808
1600
64
0
40832
1664
64
0
41856
1728
64
0
384
1792
64
1
51072
1856
64
0
52096
1920
64
0
53120
1984
64
0
448
0
64
1
448
64
64
1
448
128
64
1
448
192
64
1
448
256
64
1
448
320
64
1
448
384
64
1
448
448
64
1
8128
512
64
0
9152
576
64
0
10176
640
64
0
11200
704
64
0
12224
768
64
0
13248
832
64
0
448
896
64
1
22464
960
64
0
23488
1024
64
0
24512
1088
64
0
25536
1152
64
0
26560
1216
64
0
27584
1280
64
0
448
1344
64
1
36800
1408
64
0
37824
1472
64
0
38848
1536
64
0
39872
1600
64
0
40896
1664
64
0
41920
1728
64
0
448
1792
64
1
51136
1856
64
0
52160
1920
64
0
53184
1984
64
0
0
0
64
1
0
64
64
1
0
128
64
1
0
192
64
1
0
256
64
1
0
320
64
1
0
384
64
1
7168
448
64
0
8192
512
64
0
9216
576
64
0
10240
640
64
0
11264
704
64
0
12288
768
64
0
13312
832
64
0
21504
896
64
0
22528
960
64
0
23552
1024
64
0
24576
1088
64
0
25600
1152
64
0
26624
1216
64
0
27648
1280
64
0
35840
1344
64
0
36864
1408
64
0
37888
1472
64
0
38912
1536
64
0
39936
1600
64
0
40960
1664
64
0
41984
1728
64
0
50176
1792
64
0
51200
1856
64
0
52224
1920
64
0
53248
1984
64
0
64
0
64
1
64
64
64
1
64
128
64
1
64
192
64
1
64
256
64
1
64
320
64
1
64
384
64
1
7232
448
64
0
8256
512
64
0
9280
576
64
0
10304
640
64
0
11328
704
64
0
12352
768
64
0
13376
832
64
0
21568
896
64
0
22592
960
64
0
23616
1024
64
0
24640
1088
64
0
25664
1152
64
0
26688
1216
64
0
27712
1280
64
0
35904
1344
64
0
36928
1408
64
0
37952
1472
64
0
38976
1536
64
0
40000
1600
64
0
41024
1664
64
0
42048
1728
64
0
50240
1792
64
0
51264
1856
64
0
52288
1920
64
0
53312
1984
64
0
128
0
64
1
128
64
64
1
128
128
64
1
128
192
64
1
128
256
64
1
128
320
64
1
128
384
64
1
7296
448
64
0
8320
512
64
0
9344
576
64
0
10368
640
64
0
11392
704
64
0
12416
768
64
0
13440
832
64
0
21632
896
64
0
22656
960
64
0
23680
1024
64
0
24704
1088
64
0
25728
1152
64
0
26752
1216
64
0
27776
1280
64
0
35968
1344
64
0
36992
1408
64
0
38016
1472
64
0
39040
1536
64
0
40064
1600
64
0
41088
1664
64
0
42112
1728
64
0
50304
1792
64
0
51328
1856
64
0
52352
1920
64
0
53376
1984
64
0
192
0
64
1
192
64
64
1
192
128
64
1
192
192
64
1
192
256
64
1
192
320
64
1
192
384
64
1
7360
448
64
0
8384
512
64
0
9408
576
64
0
10432
640
64
0
11456
704
64
0
12480
768
64
0
13504
832
64
0
21696
896
64
0
22720
960
64
0
23744
1024
64
0
24768
1088
64
0
25792
1152
64
0
26816
1216
64
0
27840
1280
64
0
36032
1344
64
0
37056
1408
64
0
38080
1472
64
0
39104
1536
64
0
40128
1600
64
0
41152
1664
64
0
42176
1728
64
0
50368
1792
64
0
51392
1856
64
0
52416
1920
64
0
53440
1984
64
0
256
0
64
1
256
64
64
1
256
128
64
1
256
192
64
1
256
256
64
1
256
320
64
1
256
384
64
1
7424
448
64
0
8448
512
64
0
9472
576
64
0
10496
640
64
0
11520
704
64
0
12544
768
64
0
13568
832
64
0
21760
896
64
0
22784
960
64
0
23808
1024
64
0
24832
1088
64
0
25856
1152
64
0
26880
1216
64
0
27904
1280
64
0
36096
1344
64
0
37120
1408
64
0
38144
1472
64
0
39168
1536
64
0
40192
1600
64
0
41216
1664
64
0
42240
1728
64
0
50432
1792
64
0
51456
1856
64
0
52480
1920
64
0
53504
1984
64
0
320
0
64
1
320
64
64
1
320
128
64
1
320
192
64
1
320
256
64
1
320
320
64
1
320
384
64
1
7488
448
64
0
8512
512
64
0
9536
576
64
0
10560
640
64
0
11584
704
64
0
12608
768
64
0
13632
832
64
0
21824
896
64
0
22848
960
64
0
23872
1024
64
0
24896
1088
64
0
25920
1152
64
0
26944
1216
64
0
27968
1280
64
0
36160
1344
64
0
37184
1408
64
0
38208
1472
64
0
39232
1536
64
0
40256
1600
64
0
41280
1664
64
0
42304
1728
64
0
50496
1792
64
0
51520
1856
64
0
52544
1920
64
0
53568
1984
64
0
384
0
64
1
384
64
64
1
384
128
64
1
384
192
64
1
384
256
64
1
384
320
64
1
384
384
64
1
7552
448
64
0
8576
512
64
0
9600
576
64
0
10624
640
64
0
11648
704
64
0
12672
768
64
0
13696
832
64
0
21888
896
64
0
22912
960
64
0
23936
1024
64
0
24960
1088
64
0
25984
1152
64
0
27008
1216
64
0
28032
1280
64
0
36224
1344
64
0
37248
1408
64
0
38272
1472
64
0
39296
1536
64
0
40320
1600
64
0
41344
1664
64
0
42368
1728
64
0
50560
1792
64
0
51584
1856
64
0
52608
1920
64
0
53632
1984
64
0
448
0
64
1
448
64
64
1
448
128
64
1
448
192
64
1
448
256
64
1
448
320
64
1
448
384
64
1
7616
448
64
0
8640
512
64
0
9664
576
64
0
10688
640
64
0
11712
704
64
0
12736
768
64
0
13760
832
64
0
21952
896
64
0
22976
960
64
0
24000
1024
64
0
25024
1088
64
0
26048
1152
64
0
27072
1216
64
0
28096
1280
64
0
36288
1344
64
0
37312
1408
64
0
38336
1472
64
0
39360
1536
64
0
40384
1600
64
0
41408
1664
64
0
42432
1728
64
0
50624
1792
64
0
51648
1856
64
0
52672
1920
64
0
53696
1984
64
0
0
0
64
1
0
64
64
1
0
128
64
1
0
192
64
1
0
256
64
1
0
320
64
1
0
384
64
1
7680
448
64
0
8704
512
64
0
9728
576
64
0
10752
640
64
0
11776
704
64
0
12800
768
64
0
13824
832
64
0
22016
896
64
0
23040
960
64
0
24064
1024
64
0
25088
1088
64
0
26112
1152
64
0
27136
1216
64
0
28160
1280
64
0
36352
1344
64
0
37376
1408
64
0
38400
1472
64
0
39424
1536
64
0
40448
1600
64
0
41472
1664
64
0
42496
1728
64
0
50688
1792
64
0
51712
1856
64
0
52736
1920
64
0
53760
1984
64
0
64
0
64
1
64
64
64
1
64
128
64
1
64
192
64
1
64
256
64
1
64
320
64
1
64
384
64
1
7744
448
64
0
8768
512
64
0
9792
576
64
0
10816
640
64
0
11840
704
64
0
12864
768
64
0
13888
832
64
0
22080
896
64
0
23104
960
64
0
24128
1024
64
0
25152
1088
64
0
26176
1152
64
0
27200
1216
64
0
28224
1280
64
0
36416
1344
64
0
37440
1408
64
0
38464
1472
64
0
39488
1536
64
0
40512
1600
64
0
41536
1664
64
0
42560
1728
64
0
50752
1792
64
0
51776
1856
64
0
52800
1920
64
0
53824
1984
64
0
128
0
64
1
128
64
64
1
128
128
64
1
128
192
64
1
128
256
64
1
128
320
64
1
128
384
64
1
7808
448
64
0
8832
512
64
0
9856
576
64
0
10880
640
64
0
11904
704
64
0
12928
768
64
0
13952
832
64
0
22144
896
64
0
23168
960
64
0
24192
1024
64
0
25216
1088
64
0
26240
1152
64
0
27264
1216
64
0
28288
1280
64
0
36480
1344
64
0
37504
1408
64
0
38528
1472
64
0
39552
1536
64
0
40576
1600
64
0
41600
1664
64
0
42624
1728
64
0
50816
1792
64
0
51840
1856
64
0
52864
1920
64
0
53888
1984
64
0
192
0
64
1
192
64
64
1
192
128
64
1
192
192
64
1
192
256
64
1
192
320
64
1
192
384
64
1
7872
448
64
0
8896
512
64
0
9920
576
64
0
10944
640
64
0
11968
704
64
0
12992
768
64
0
14016
832
64
0
22208
896
64
0
23232
960
64
0
24256
1024
64
0
25280
1088
64
0
26304
1152
64
0
27328
1216
64
0
28352
1280
64
0
36544
1344
64
0
37568
1408
64
0
38592
1472
64
0
39616
1536
64
0
40640
1600
64
0
41664
1664
64
0
42688
1728
64
0
50880
1792
64
0
51904
1856
64
0
52928
1920
64
0
53952
1984
64
0
256
0
64
1
256
64
64
1
256
128
64
1
256
192
64
1
256
256
64
1
256
320
64
1
256
384
64
1
7936
448
64
0
8960
512
64
0
9984
576
64
0
11008
640
64
0
12032
704
64
0
13056
768
64
0
14080
832
64
0
22272
896
64
0
23296
960
64
0
24320
1024
64
0
25344
1088
64
0
26368
1152
64
0
27392
1216
64
0
28416
1280
64
0
36608
1344
64
0
37632
1408
64
0
38656
1472
64
0
39680
1536
64
0
40704
1600
64
0
41728
1664
64
0
42752
1728
64
0
50944
1792
64
0
51968
1856
64
0
52992
1920
64
0
54016
1984
64
0
320
0
64
1
320
64
64
1
320
128
64
1
320
192
64
1
320
256
64
1
320
320
64
1
320
384
64
1
8000
448
64
0
9024
512
64
0
10048
576
64
0
11072
640
64
0
12096
704
64
0
13120
768
64
0
14144
832
64
0
22336
896
64
0
23360
960
64
0
24384
1024
64
0
25408
1088
64
0
26432
1152
64
0
27456
1216
64
0
28480
1280
64
0
36672
1344
64
0
37696
1408
64
0
38720
1472
64
0
39744
1536
64
0
40768
1600
64
0
41792
1664
64
0
42816
1728
64
0
51008
1792
64
0
52032
1856
64
0
53056
1920
64
0
54080
1984
64
0
384
0
64
1
384
64
64
1
384
128
64
1
384
192
64
1
384
256
64
1
384
320
64
1
384
384
64
1
8064
448
64
0
9088
512
64
0
10112
576
64
0
11136
640
64
0
12160
704
64
0
13184
768
64
0
14208
832
64
0
22400
896
64
0
23424
960
64
0
24448
1024
64
0
25472
1088
64
0
26496
1152
64
0
27520
1216
64
0
28544
1280
64
0
36736
1344
64
0
37760
1408
64
0
38784
1472
64
0
39808
1536
64
0
40832
1600
64
0
41856
1664
64
0
42880
1728
64
0
51072
1792
64
0
52096
1856
64
0
53120
1920
64
0
54144
1984
64
0
448
0
64
1
448
64
64
1
448
128
64
1
448
192
64
1
448
256
64
1
448
320
64
1
448
384
64
1
8128
448
64
0
9152
512
64
0
10176
576
64
0
11200
640
64
0
12224
704
64
0
13248
768
64
0
14272
832
64
0
22464
896
64
0
23488
960
64
0
24512
1024
64
0
25536
1088
64
0
26560
1152
64
0
27584
1216
64
0
28608
1280
64
0
36800
1344
64
0
37824
1408
64
0
38848
1472
64
0
39872
1536
64
0
40896
1600
64
0
41920
1664
64
0
42944
1728
64
0
51136
1792
64
0
52160
1856
64
0
53184
1920
64
0
54208
1984
64
0
0
0
64
1
512
64
64
0
1536
128
64
0
2560
192
64
0
3584
256
64
0
4608
320
64
0
5632
384
64
0
0
448
64
1
14848
512
64
0
15872
576
64
0
16896
640
64
0
17920
704
64
0
18944
768
64
0
19968
832
64
0
0
896
64
1
29184
960
64
0
30208
1024
64
0
31232
1088
64
0
32256
1152
64
0
33280
1216
64
0
34304
1280
64
0
0
1344
64
1
43520
1408
64
0
44544
1472
64
0
45568
1536
64
0
46592
1600
64
0
47616
1664
64
0
48640
1728
64
0
0
1792
64
1
57856
1856
64
0
58880
1920
64
0
59904
1984
64
0
64
0
64
1
576
64
64
0
1600
128
64
0
2624
192
64
0
3648
256
64
0
4672
320
64
0
5696
384
64
0
64
448
64
1
14912
512
64
0
15936
576
64
0
16960
640
64
0
17984
704
64
0
19008
768
64
0
20032
832
64
0
64
896
64
1
29248
960
64
0
30272
1024
64
0
31296
1088
64
0
32320
1152
64
0
33344
1216
64
0
34368
1280
64
0
64
1344
64
1
43584
1408
64
0
44608
1472
64
0
45632
1536
64
0
46656
1600
64
0
47680
1664
64
0
48704
1728
64
0
64
1792
64
1
57920
1856
64
0
58944
1920
64
0
59968
1984
64
0
128
0
64
1
640
64
64
0
1664
128
64
0
2688
192
64
0
3712
256
64
0
4736
320
64
0
5760
384
64
0
128
448
64
1
14976
512
64
0
16000
576
64
0
17024
640
64
0
18048
704
64
0
19072
768
64
0
20096
832
64
0
128
896
64
1
29312
960
64
0
30336
1024
64
0
31360
1088
64
0
32384
1152
64
0
33408
1216
64
0
34432
1280
64
0
128
1344
64
1
43648
1408
64
0
44672
1472
64
0
45696
1536
64
0
46720
1600
64
0
47744
1664
64
0
48768
1728
64
0
128
1792
64
1
57984
1856
64
0
59008
1920
64
0
60032
1984
64
0
192
0
64
1
704
64
64
0
1728
128
64
0
2752
192
64
0
3776
256
64
0
4800
320
64
0
5824
384
64
0
192
448
64
1
15040
512
64
0
16064
576
64
0
17088
640
64
0
18112
704
64
0
19136
768
64
0
20160
832
64
0
192
896
64
1
29376
960
64
0
30400
1024
64
0
31424
1088
64
0
32448
1152
64
0
33472
1216
64
0
34496
1280
64
0
192
1344
64
1
43712
1408
64
0
44736
1472
64
0
45760
1536
64
0
46784
1600
64
0
47808
1664
64
0
48832
1728
64
0
192
1792
64
1
58048
1856
64
0
59072
1920
64
0
60096
1984
64
0
256
0
64
1
768
64
64
0
1792
128
64
0
2816
192
64
0
3840
256
64
0
4864
320
64
0
5888
384
64
0
256
448
64
1
15104
512
64
0
16128
576
64
0
17152
640
64
0
18176
704
64
0
19200
768
64
0
20224
832
64
0
256
896
64
1
29440
960
64
0
30464
1024
64
0
31488
1088
64
0
32512
1152
64
0
33536
1216
64
0
34560
1280
64
0
256
1344
64
1
43776
1408
64
0
44800
1472
64
0
45824
1536
64
0
46848
1600
64
0
47872
1664
64
0
48896
1728
64
0
256
1792
64
1
58112
1856
64
0
59136
1920
64
0
60160
1984
64
0
320
0
64
1
832
64
64
0
1856
128
64
0
2880
192
64
0
3904
256
64
0
4928
320
64
0
5952
384
64
0
320
448
64
1
15168
512
64
0
16192
576
64
0
17216
640
64
0
18240
704
64
0
19264
768
64
0
20288
832
64
0
320
896
64
1
29504
960
64
0
30528
1024
64
0
31552
1088
64
0
32576
1152
64
0
33600
1216
64
0
34624
1280
64
0
320
1344
64
1
43840
1408
64
0
44864
1472
64
0
45888
1536
64
0
46912
1600
64
0
47936
1664
64
0
48960
1728
64
0
320
1792
64
1
58176
1856
64
0
59200
1920
64
0
60224
1984
64
0
384
0
64
1
896
64
64
0
1920
128
64
0
2944
192
64
0
3968
256
64
0
4992
320
64
0
6016
384
64
0
384
448
64
1
15232
512
64
0
16256
576
64
0
17280
640
64
0
18304
704
64
0
19328
768
64
0
20352
832
64
0
384
896
64
1
29568
960
64
0
30592
1024
64
0
31616
1088
64
0
32640
1152
64
0
33664
1216
64
0
34688
1280
64
0
384
1344
64
1
43904
1408
64
0
44928
1472
64
0
45952
1536
64
0
46976
1600
64
0
48000
1664
64
0
49024
1728
64
0
384
1792
64
1
58240
1856
64
0
59264
1920
64
0
60288
1984
64
0
448
0
64
1
960
64
64
0
1984
128
64
0
3008
192
64
0
4032
256
64
0
5056
320
64
0
6080
384
64
0
448
448
64
1
15296
512
64
0
16320
576
64
0
17344
640
64
0
18368
704
64
0
19392
768
64
0
20416
832
64
0
448
896
64
1
29632
960
64
0
30656
1024
64
0
31680
1088
64
0
32704
1152
64
0
33728
1216
64
0
34752
1280
64
0
448
1344
64
1
43968
1408
64
0
44992
1472
64
0
46016
1536
64
0
47040
1600
64
0
48064
1664
64
0
49088
1728
64
0
448
1792
64
1
58304
1856
64
0
59328
1920
64
0
60352
1984
64
0
0
0
64
0
1024
64
64
0
2048
128
64
0
3072
192
64
0
4096
256
64
0
5120
320
64
0
6144
384
64
0
14336
448
64
0
15360
512
64
0
16384
576
64
0
17408
640
64
0
18432
704
64
0
19456
768
64
0
20480
832
64
0
28672
896
64
0
29696
960
64
0
30720
1024
64
0
31744
1088
64
0
32768
1152
64
0
33792
1216
64
0
34816
1280
64
0
43008
1344
64
0
44032
1408
64
0
45056
1472
64
0
46080
1536
64
0
47104
1600
64
0
48128
1664
64
0
49152
1728
64
0
57344
1792
64
0
58368
1856
64
0
59392
1920
64
0
60416
1984
64
0
64
0
64
0
1088
64
64
0
2112
128
64
0
3136
192
64
0
4160
256
64
0
5184
320
64
0
6208
384
64
0
14400
448
64
0
15424
512
64
0
16448
576
64
0
17472
640
64
0
18496
704
64
0
19520
768
64
0
20544
832
64
0
28736
896
64
0
29760
960
64
0
30784
1024
64
0
31808
1088
64
0
32832
1152
64
0
33856
1216
64
0
34880
1280
64
0
43072
1344
64
0
44096
1408
64
0
45120
1472
64
0
46144
1536
64
0
47168
1600
64
0
48192
1664
64
0
49216
1728
64
0
57408
1792
64
0
58432
1856
64
0
59456
1920
64
0
60480
1984
64
0
128
0
64
0
1152
64
64
0
2176
128
64
0
3200
192
64
0
4224
256
64
0
5248
320
64
0
6272
384
64
0
14464
448
64
0
15488
512
64
0
16512
576
64
0
17536
640
64
0
18560
704
64
0
19584
768
64
0
20608
832
64
0
28800
896
64
0
29824
960
64
0
30848
1024
64
0
31872
1088
64
0
32896
1152
64
0
33920
1216
64
0
34944
1280
64
0
43136
1344
64
0
44160
1408
64
0
45184
1472
64
0
46208
1536
64
0
47232
1600
64
0
48256
1664
64
0
49280
1728
64
0
57472
1792
64
0
58496
1856
64
0
59520
1920
64
0
60544
1984
64
0
192
0
64
0
1216
64
64
0
2240
128
64
0
3264
192
64
0
4288
256
64
0
5312
320
64
0
6336
384
64
0
14528
448
64
0
15552
512
64
0
16576
576
64
0
17600
640
64
0
18624
704
64
0
19648
768
64
0
20672
832
64
0
28864
896
64
0
29888
960
64
0
30912
1024
64
0
31936
1088
64
0
32960
1152
64
0
33984
1216
64
0
35008
1280
64
0
43200
1344
64
0
44224
1408
64
0
45248
1472
64
0
46272
1536
64
0
47296
1600
64
0
48320
1664
64
0
49344
1728
64
0
57536
1792
64
0
58560
1856
64
0
59584
1920
64
0
60608
1984
64
0
256
0
64
0
1280
64
64
0
2304
128
64
0
3328
192
64
0
4352
256
64
0
5376
320
64
0
6400
384
64
0
14592
448
64
0
15616
512
64
0
16640
576
64
0
17664
640
64
0
18688
704
64
0
19712
768
64
0
20736
832
64
0
28928
896
64
0
29952
960
64
0
30976
1024
64
0
32000
1088
64
0
33024
1152
64
0
34048
1216
64
0
35072
1280
64
0
43264
1344
64
0
44288
1408
64
0
45312
1472
64
0
46336
1536
64
0
47360
1600
64
0
48384
1664
64
0
49408
1728
64
0
57600
1792
64
0
58624
1856
64
0
59648
1920
64
0
60672
1984
64
0
320
0
64
0
1344
64
64
0
2368
128
64
0
3392
192
64
0
4416
256
64
0
5440
320
64
0
6464
384
64
0
14656
448
64
0
15680
512
64
0
16704
576
64
0
17728
640
64
0
18752
704
64
0
19776
768
64
0
20800
832
64
0
28992
896
64
0
30016
960
64
0
31040
1024
64
0
32064
1088
64
0
33088
1152
64
0
34112
1216
64
0
35136
1280
64
0
43328
1344
64
0
44352
1408
64
0
45376
1472
64
0
46400
1536
64
0
47424
1600
64
0
48448
1664
64
0
49472
1728
64
0
57664
1792
64
0
58688
1856
64
0
59712
1920
64
0
60736
1984
64
0
384
0
64
0
1408
64
64
0
2432
128
64
0
3456
192
64
0
4480
256
64
0
5504
320
64
0
6528
384
64
0
14720
448
64
0
15744
512
64
0
16768
576
64
0
17792
640
64
0
18816
704
64
0
19840
768
64
0
20864
832
64
0
29056
896
64
0
30080
960
64
0
31104
1024
64
0
32128
1088
64
0
33152
1152
64
0
34176
1216
64
0
35200
1280
64
0
43392
1344
64
0
44416
1408
64
0
45440
1472
64
0
46464
1536
64
0
47488
1600
64
0
48512
1664
64
0
49536
1728
64
0
57728
1792
64
0
58752
1856
64
0
59776
1920
64
0
60800
1984
64
0
448
0
64
0
1472
64
64
0
2496
128
64
0
3520
192
64
0
4544
256
64
0
5568
320
64
0
6592
384
64
0
14784
448
64
0
15808
512
64
0
16832
576
64
0
17856
640
64
0
18880
704
64
0
19904
768
64
0
20928
832
64
0
29120
896
64
0
30144
960
64
0
31168
1024
64
0
32192
1088
64
0
33216
1152
64
0
34240
1216
64
0
35264
1280
64
0
43456
1344
64
0
44480
1408
64
0
45504
1472
64
0
46528
1536
64
0
47552
1600
64
0
48576
1664
64
0
49600
1728
64
0
57792
1792
64
0
58816
1856
64
0
59840
1920
64
0
60864
1984
64
0
512
0
64
0
1536
64
64
0
2560
128
64
0
3584
192
64
0
4608
256
64
0
5632
320
64
0
6656
384
64
0
14848
448
64
0
15872
512
64
0
16896
576
64
0
17920
640
64
0
18944
704
64
0
19968
768
64
0
20992
832
64
0
29184
896
64
0
30208
960
64
0
31232
1024
64
0
32256
1088
64
0
33280
1152
64
0
34304
1216
64
0
35328
1280
64
0
43520
1344
64
0
44544
1408
64
0
45568
1472
64
0
46592
1536
64
0
47616
1600
64
0
48640
1664
64
0
49664
1728
64
0
57856
1792
64
0
58880
1856
64
0
59904
1920
64
0
60928
1984
64
0
576
0
64
0
1600
64
64
0
2624
128
64
0
3648
192
64
0
4672
256
64
0
5696
320
64
0
6720
384
64
0
14912
448
64
0
15936
512
64
0
16960
576
64
0
17984
640
64
0
19008
704
64
0
20032
768
64
0
21056
832
64
0
29248
896
64
0
30272
960
64
0
31296
1024
64
0
32320
1088
64
0
33344
1152
64
0
34368
1216
64
0
35392
1280
64
0
43584
1344
64
0
44608
1408
64
0
45632
1472
64
0
46656
1536
64
0
47680
1600
64
0
48704
1664
64
0
49728
1728
64
0
57920
1792
64
0
58944
1856
64
0
59968
1920
64
0
60992
1984
64
0
640
0
64
0
1664
64
64
0
2688
128
64
0
3712
192
64
0
4736
256
64
0
5760
320
64
0
6784
384
64
0
14976
448
64
0
16000
512
64
0
17024
576
64
0
18048
640
64
0
19072
704
64
0
20096
768
64
0
21120
832
64
0
29312
896
64
0
30336
960
64
0
31360
1024
64
0
32384
1088
64
0
33408
1152
64
0
34432
1216
64
0
35456
1280
64
0
43648
1344
64
0
44672
1408
64
0
45696
1472
64
0
46720
1536
64
0
47744
1600
64
0
48768
1664
64
0
49792
1728
64
0
57984
1792
64
0
59008
1856
64
0
60032
1920
64
0
61056
1984
64
0
704
0
64
0
1728
64
64
0
2752
128
64
0
3776
192
64
0
4800
256
64
0
5824
320
64
0
6848
384
64
0
15040
448
64
0
16064
512
64
0
17088
576
64
0
18112
640
64
0
19136
704
64
0
20160
768
64
0
21184
832
64
0
29376
896
64
0
30400
960
64
0
31424
1024
64
0
32448
1088
64
0
33472
1152
64
0
34496
1216
64
0
35520
1280
64
0
43712
1344
64
0
44736
1408
64
0
45760
1472
64
0
46784
1536
64
0
47808
1600
64
0
48832
1664
64
0
49856
1728
64
0
58048
1792
64
0
59072
1856
64
0
60096
1920
64
0
61120
1984
64
0
768
0
64
0
1792
64
64
0
2816
128
64
0
3840
192
64
0
4864
256
64
0
5888
320
64
0
6912
384
64
0
15104
448
64
0
16128
512
64
0
17152
576
64
0
18176
640
64
0
19200
704
64
0
20224
768
64
0
21248
832
64
0
29440
896
64
0
30464
960
64
0
31488
1024
64
0
32512
1088
64
0
33536
1152
64
0
34560
1216
64
0
35584
1280
64
0
43776
1344
64
0
44800
1408
64
0
45824
1472
64
0
46848
1536
64
0
47872
1600
64
0
48896
1664
64
0
49920
1728
64
0
58112
1792
64
0
59136
1856
64
0
60160
1920
64
0
61184
1984
64
0
832
0
64
0
1856
64
64
0
2880
128
64
0
3904
192
64
0
4928
256
64
0
5952
320
64
0
6976
384
64
0
15168
448
64
0
16192
512
64
0
17216
576
64
0
18240
640
64
0
19264
704
64
0
20288
768
64
0
21312
832
64
0
29504
896
64
0
30528
960
64
0
31552
1024
64
0
32576
1088
64
0
33600
1152
64
0
34624
1216
64
0
35648
1280
64
0
43840
1344
64
0
44864
1408
64
0
45888
1472
64
0
46912
1536
64
0
47936
1600
64
0
48960
1664
64
0
49984
1728
64
0
58176
1792
64
0
59200
1856
64
0
60224
1920
64
0
61248
1984
64
0
896
0
64
0
1920
64
64
0
2944
128
64
0
3968
192
64
0
4992
256
64
0
6016
320
64
0
7040
384
64
0
15232
448
64
0
16256
512
64
0
17280
576
64
0
18304
640
64
0
19328
704
64
0
20352
768
64
0
21376
832
64
0
29568
896
64
0
30592
960
64
0
31616
1024
64
0
32640
1088
64
0
33664
1152
64
0
34688
1216
64
0
35712
1280
64
0
43904
1344
64
0
44928
1408
64
0
45952
1472
64
0
46976
1536
64
0
48000
1600
64
0
49024
1664
64
0
50048
1728
64
0
58240
1792
64
0
59264
1856
64
0
60288
1920
64
0
61312
1984
64
0
960
0
64
0
1984
64
64
0
3008
128
64
0
4032
192
64
0
5056
256
64
0
6080
320
64
0
7104
384
64
0
15296
448
64
0
16320
512
64
0
17344
576
64
0
18368
640
64
0
19392
704
64
0
20416
768
64
0
21440
832
64
0
29632
896
64
0
30656
960
64
0
31680
1024
64
0
32704
1088
64
0
33728
1152
64
0
34752
1216
64
0
35776
1280
64
0
43968
1344
64
0
44992
1408
64
0
46016
1472
64
0
47040
1536
64
0
48064
1600
64
0
49088
1664
64
0
50112
1728
64
0
58304
1792
64
0
59328
1856
64
0
60352
1920
64
0
61376
1984
64
0
0
0
64
1
7680
64
64
0
8704
128
64
0
9728
192
64
0
10752
256
64
0
11776
320
64
0
12800
384
64
0
0
448
64
1
22016
512
64
0
23040
576
64
0
24064
640
64
0
25088
704
64
0
26112
768
64
0
27136
832
64
0
0
896
64
1
36352
960
64
0
37376
1024
64
0
38400
1088
64
0
39424
1152
64
0
40448
1216
64
0
41472
1280
64
0
0
1344
64
1
50688
1408
64
0
51712
1472
64
0
52736
1536
64
0
53760
1600
64
0
54784
1664
64
0
55808
1728
64
0
0
1792
64
1
65024
1856
64
0
66048
1920
64
0
67072
1984
64
0
64
0
64
1
7744
64
64
0
8768
128
64
0
9792
192
64
0
10816
256
64
0
11840
320
64
0
12864
384
64
0
64
448
64
1
22080
512
64
0
23104
576
64
0
24128
640
64
0
25152
704
64
0
26176
768
64
0
27200
832
64
0
64
896
64
1
36416
960
64
0
37440
1024
64
0
38464
1088
64
0
39488
1152
64
0
40512
1216
64
0
41536
1280
64
0
64
1344
64
1
50752
1408
64
0
51776
1472
64
0
52800
1536
64
0
53824
1600
64
0
54848
1664
64
0
55872
1728
64
0
64
1792
64
1
65088
1856
64
0
66112
1920
64
0
67136
1984
64
0
128
0
64
1
7808
64
64
0
8832
128
64
0
9856
192
64
0
10880
256
64
0
11904
320
64
0
12928
384
64
0
128
448
64
1
22144
512
64
0
23168
576
64
0
24192
640
64
0
25216
704
64
0
26240
768
64
0
27264
832
64
0
128
896
64
1
36480
960
64
0
37504
1024
64
0
38528
1088
64
0
39552
1152
64
0
40576
1216
64
0
41600
1280
64
0
128
1344
64
1
50816
1408
64
0
51840
1472
64
0
52864
1536
64
0
53888
1600
64
0
54912
1664
64
0
55936
1728
64
0
128
1792
64
1
65152
1856
64
0
66176
1920
64
0
67200
1984
64
0
192
0
64
1
7872
64
64
0
8896
128
64
0
9920
192
64
0
10944
256
64
0
11968
320
64
0
12992
384
64
0
192
448
64
1
22208
512
64
0
23232
576
64
0
24256
640
64
0
25280
704
64
0
26304
768
64
0
27328
832
64
0
192
896
64
1
36544
960
64
0
37568
1024
64
0
38592
1088
64
0
39616
1152
64
0
40640
1216
64
0
41664
1280
64
0
192
1344
64
1
50880
1408
64
0
51904
1472
64
0
52928
1536
64
0
53952
1600
64
0
54976
1664
64
0
56000
1728
64
0
192
1792
64
1
65216
1856
64
0
66240
1920
64
0
67264
1984
64
0
256
0
64
1
7936
64
64
0
8960
128
64
0
9984
192
64
0
11008
256
64
0
12032
320
64
0
13056
384
64
0
256
448
64
1
22272
512
64
0
23296
576
64
0
24320
640
64
0
25344
704
64
0
26368
768
64
0
27392
832
64
0
256
896
64
1
36608
960
64
0
37632
1024
64
0
38656
1088
64
0
39680
1152
64
0
40704
1216
64
0
41728
1280
64
0
256
1344
64
1
50944
1408
64
0
51968
1472
64
0
52992
1536
64
0
54016
1600
64
0
55040
1664
64
0
56064
1728
64
0
256
1792
64
1
65280
1856
64
0
66304
1920
64
0
67328
1984
64
0
320
0
64
1
8000
64
64
0
9024
128
64
0
10048
192
64
0
11072
256
64
0
12096
320
64
0
13120
384
64
0
320
448
64
1
22336
512
64
0
23360
576
64
0
24384
640
64
0
25408
704
64
0
26432
768
64
0
27456
832
64
0
320
896
64
1
36672
960
64
0
37696
1024
64
0
38720
1088
64
0
39744
1152
64
0
40768
1216
64
0
41792
1280
64
0
320
1344
64
1
51008
1408
64
0
52032
1472
64
0
53056
1536
64
0
54080
1600
64
0
55104
1664
64
0
56128
1728
64
0
320
1792
64
1
65344
1856
64
0
66368
1920
64
0
67392
1984
64
0
384
0
64
1
8064
64
64
0
9088
128
64
0
10112
192
64
0
11136
256
64
0
12160
320
64
0
13184
384
64
0
384
448
64
1
22400
512
64
0
23424
576
64
0
24448
640
64
0
25472
704
64
0
26496
768
64
0
27520
832
64
0
384
896
64
1
36736
960
64
0
37760
1024
64
0
38784
1088
64
0
39808
1152
64
0
40832
1216
64
0
41856
1280
64
0
384
1344
64
1
51072
1408
64
0
52096
1472
64
0
53120
1536
64
0
54144
1600
64
0
55168
1664
64
0
56192
1728
64
0
384
1792
64
1
65408
1856
64
0
66432
1920
64
0
67456
1984
64
0
448
0
64
1
8128
64
64
0
9152
128
64
0
10176
192
64
0
11200
256
64
0
12224
320
64
0
13248
384
64
0
448
448
64
1
22464
512
64
0
23488
576
64
0
24512
640
64
0
25536
704
64
0
26560
768
64
0
27584
832
64
0
448
896
64
1
36800
960
64
0
37824
1024
64
0
38848
1088
64
0
39872
1152
64
0
40896
1216
64
0
41920
1280
64
0
448
1344
64
1
51136
1408
64
0
52160
1472
64
0
53184
1536
64
0
54208
1600
64
0
55232
1664
64
0
56256
1728
64
0
448
1792
64
1
65472
1856
64
0
66496
1920
64
0
67520
1984
64
0
7168
0
64
0
8192
64
64
0
9216
128
64
0
10240
192
64
0
11264
256
64
0
12288
320
64
0
13312
384
64
0
21504
448
64
0
22528
512
64
0
23552
576
64
0
24576
640
64
0
25600
704
64
0
26624
768
64
0
27648
832
64
0
35840
896
64
0
36864
960
64
0
37888
1024
64
0
38912
1088
64
0
39936
1152
64
0
40960
1216
64
0
41984
1280
64
0
50176
1344
64
0
51200
1408
64
0
52224
1472
64
0
53248
1536
64
0
54272
1600
64
0
55296
1664
64
0
56320
1728
64
0
64512
1792
64
0
65536
1856
64
0
66560
1920
64
0
67584
1984
64
0
7232
0
64
0
8256
64
64
0
9280
128
64
0
10304
192
64
0
11328
256
64
0
12352
320
64
0
13376
384
64
0
21568
448
64
0
22592
512
64
0
23616
576
64
0
24640
640
64
0
25664
704
64
0
26688
768
64
0
27712
832
64
0
35904
896
64
0
36928
960
64
0
37952
1024
64
0
38976
1088
64
0
40000
1152
64
0
41024
1216
64
0
42048
1280
64
0
50240
1344
64
0
51264
1408
64
0
52288
1472
64
0
53312
1536
64
0
54336
1600
64
0
55360
1664
64
0
56384
1728
64
0
64576
1792
64
0
65600
1856
64
0
66624
1920
64
0
67648
1984
64
0
7296
0
64
0
8320
64
64
0
9344
128
64
0
10368
192
64
0
11392
256
64
0
12416
320
64
0
13440
384
64
0
21632
448
64
0
22656
512
64
0
23680
576
64
0
24704
640
64
0
25728
704
64
0
26752
768
64
0
27776
832
64
0
35968
896
64
0
36992
960
64
0
38016
1024
64
0
39040
1088
64
0
40064
1152
64
0
41088
1216
64
0
42112
1280
64
0
50304
1344
64
0
51328
1408
64
0
52352
1472
64
0
53376
1536
64
0
54400
1600
64
0
55424
1664
64
0
56448
1728
64
0
64640
1792
64
0
65664
1856
64
0
66688
1920
64
0
67712
1984
64
0
7360
0
64
0
8384
64
64
0
9408
128
64
0
10432
192
64
0
11456
256
64
0
12480
320
64
0
13504
384
64
0
21696
448
64
0
22720
512
64
0
23744
576
64
0
24768
640
64
0
25792
704
64
0
26816
768
64
0
27840
832
64
0
36032
896
64
0
37056
960
64
0
38080
1024
64
0
39104
1088
64
0
40128
1152
64
0
41152
1216
64
0
42176
1280
64
0
50368
1344
64
0
51392
1408
64
0
52416
1472
64
0
53440
1536
64
0
54464
1600
64
0
55488
1664
64
0
56512
1728
64
0
64704
1792
64
0
65728
1856
64
0
66752
1920
64
0
67776
1984
64
0
7424
0
64
0
8448
64
64
0
9472
128
64
0
10496
192
64
0
11520
256
64
0
12544
320
64
0
13568
384
64
0
21760
448
64
0
22784
512
64
0
23808
576
64
0
24832
640
64
0
25856
704
64
0
26880
768
64
0
27904
832
64
0
36096
896
64
0
37120
960
64
0
38144
1024
64
0
39168
1088
64
0
40192
1152
64
0
41216
1216
64
0
42240
1280
64
0
50432
1344
64
0
51456
1408
64
0
52480
1472
64
0
53504
1536
64
0
54528
1600
64
0
55552
1664
64
0
56576
1728
64
0
64768
1792
64
0
65792
1856
64
0
66816
1920
64
0
67840
1984
64
0
7488
0
64
0
8512
64
64
0
9536
128
64
0
10560
192
64
0
11584
256
64
0
12608
320
64
0
13632
384
64
0
21824
448
64
0
22848
512
64
0
23872
576
64
0
24896
640
64
0
25920
704
64
0
26944
768
64
0
27968
832
64
0
36160
896
64
0
37184
960
64
0
38208
1024
64
0
39232
1088
64
0
40256
1152
64
0
41280
1216
64
0
42304
1280
64
0
50496
1344
64
0
51520
1408
64
0
52544
1472
64
0
53568
1536
64
0
54592
1600
64
0
55616
1664
64
0
56640
1728
64
0
64832
1792
64
0
65856
1856
64
0
66880
1920
64
0
67904
1984
64
0
7552
0
64
0
8576
64
64
0
9600
128
64
0
10624
192
64
0
11648
256
64
0
12672
320
64
0
13696
384
64
0
21888
448
64
0
22912
512
64
0
23936
576
64
0
24960
640
64
0
25984
704
64
0
27008
768
64
0
28032
832
64
0
36224
896
64
0
37248
960
64
0
38272
1024
64
0
39296
1088
64
0
40320
1152
64
0
41344
1216
64
0
42368
1280
64
0
50560
1344
64
0
51584
1408
64
0
52608
1472
64
0
53632
1536
64
0
54656
1600
64
0
55680
1664
64
0
56704
1728
64
0
64896
1792
64
0
65920
1856
64
0
66944
1920
64
0
67968
1984
64
0
7616
0
64
0
8640
64
64
0
9664
128
64
0
10688
192
64
0
11712
256
64
0
12736
320
64
0
13760
384
64
0
21952
448
64
0
22976
512
64
0
24000
576
64
0
25024
640
64
0
26048
704
64
0
27072
768
64
0
28096
832
64
0
36288
896
64
0
37312
960
64
0
38336
1024
64
0
39360
1088
64
0
40384
1152
64
0
41408
1216
64
0
42432
1280
64
0
50624
1344
64
0
51648
1408
64
0
52672
1472
64
0
53696
1536
64
0
54720
1600
64
0
55744
1664
64
0
56768
1728
64
0
64960
1792
64
0
65984
1856
64
0
67008
1920
64
0
68032
1984
64
0
7680
0
64
0
8704
64
64
0
9728
128
64
0
10752
192
64
0
11776
256
64
0
12800
320
64
0
13824
384
64
0
22016
448
64
0
23040
512
64
0
24064
576
64
0
25088
640
64
0
26112
704
64
0
27136
768
64
0
28160
832
64
0
36352
896
64
0
37376
960
64
0
38400
1024
64
0
39424
1088
64
0
40448
1152
64
0
41472
1216
64
0
42496
1280
64
0
50688
1344
64
0
51712
1408
64
0
52736
1472
64
0
53760
1536
64
0
54784
1600
64
0
55808
1664
64
0
56832
1728
64
0
65024
1792
64
0
66048
1856
64
0
67072
1920
64
0
68096
1984
64
0
7744
0
64
0
8768
64
64
0
9792
128
64
0
10816
192
64
0
11840
256
64
0
12864
320
64
0
13888
384
64
0
22080
448
64
0
23104
512
64
0
24128
576
64
0
25152
640
64
0
26176
704
64
0
27200
768
64
0
28224
832
64
0
36416
896
64
0
37440
960
64
0
38464
1024
64
0
39488
1088
64
0
40512
1152
64
0
41536
1216
64
0
42560
1280
64
0
50752
1344
64
0
51776
1408
64
0
52800
1472
64
0
53824
1536
64
0
54848
1600
64
0
55872
1664
64
0
56896
1728
64
0
65088
1792
64
0
66112
1856
64
0
67136
1920
64
0
68160
1984
64
0
7808
0
64
0
8832
64
64
0
9856
128
64
0
10880
192
64
0
11904
256
64
0
12928
320
64
0
13952
384
64
0
22144
448
64
0
23168
512
64
0
24192
576
64
0
25216
640
64
0
26240
704
64
0
27264
768
64
0
28288
832
64
0
36480
896
64
0
37504
960
64
0
38528
1024
64
0
39552
1088
64
0
40576
1152
64
0
41600
1216
64
0
42624
1280
64
0
50816
1344
64
0
51840
1408
64
0
52864
1472
64
0
53888
1536
64
0
54912
1600
64
0
55936
1664
64
0
56960
1728
64
0
65152
1792
64
0
66176
1856
64
0
67200
1920
64
0
68224
1984
64
0
7872
0
64
0
8896
64
64
0
9920
128
64
0
10944
192
64
0
11968
256
64
0
12992
320
64
0
14016
384
64
0
22208
448
64
0
23232
512
64
0
24256
576
64
0
25280
640
64
0
26304
704
64
0
27328
768
64
0
28352
832
64
0
36544
896
64
0
37568
960
64
0
38592
1024
64
0
39616
1088
64
0
40640
1152
64
0
41664
1216
64
0
42688
1280
64
0
50880
1344
64
0
51904
1408
64
0
52928
1472
64
0
53952
1536
64
0
54976
1600
64
0
56000
1664
64
0
57024
1728
64
0
65216
1792
64
0
66240
1856
64
0
67264
1920
64
0
68288
1984
64
0
7936
0
64
0
8960
64
64
0
9984
128
64
0
11008
192
64
0
12032
256
64
0
13056
320
64
0
14080
384
64
0
22272
448
64
0
23296
512
64
0
24320
576
64
0
25344
640
64
0
26368
704
64
0
27392
768
64
0
28416
832
64
0
36608
896
64
0
37632
960
64
0
38656
1024
64
0
39680
1088
64
0
40704
1152
64
0
41728
1216
64
0
42752
1280
64
0
50944
1344
64
0
51968
1408
64
0
52992
1472
64
0
54016
1536
64
0
55040
1600
64
0
56064
1664
64
0
57088
1728
64
0
65280
1792
64
0
66304
1856
64
0
67328
1920
64
0
68352
1984
64
0
8000
0
64
0
9024
64
64
0
10048
128
64
0
11072
192
64
0
12096
256
64
0
13120
320
64
0
14144
384
64
0
22336
448
64
0
23360
512
64
0
24384
576
64
0
25408
640
64
0
26432
704
64
0
27456
768
64
0
28480
832
64
0
36672
896
64
0
37696
960
64
0
38720
1024
64
0
39744
1088
64
0
40768
1152
64
0
41792
1216
64
0
42816
1280
64
0
51008
1344
64
0
52032
1408
64
0
53056
1472
64
0
54080
1536
64
0
55104
1600
64
0
56128
1664
64
0
57152
1728
64
0
65344
1792
64
0
66368
1856
64
0
67392
1920
64
0
68416
1984
64
0
8064
0
64
0
9088
64
64
0
10112
128
64
0
11136
192
64
0
12160
256
64
0
13184
320
64
0
14208
384
64
0
22400
448
64
0
23424
512
64
0
24448
576
64
0
25472
640
64
0
26496
704
64
0
27520
768
64
0
28544
832
64
0
36736
896
64
0
37760
960
64
0
38784
1024
64
0
39808
1088
64
0
40832
1152
64
0
41856
1216
64
0
42880
1280
64
0
51072
1344
64
0
52096
1408
64
0
53120
1472
64
0
54144
1536
64
0
55168
1600
64
0
56192
1664
64
0
57216
1728
64
0
65408
1792
64
0
66432
1856
64
0
67456
1920
64
0
68480
1984
64
0
8128
0
64
0
9152
64
64
0
10176
128
64
0
11200
192
64
0
12224
256
64
0
13248
320
64
0
14272
384
64
0
22464
448
64
0
23488
512
64
0
24512
576
64
0
25536
640
64
0
26560
704
64
0
27584
768
64
0
28608
832
64
0
36800
896
64
0
37824
960
64
0
38848
1024
64
0
39872
1088
64
0
40896
1152
64
0
41920
1216
64
0
42944
1280
64
0
51136
1344
64
0
52160
1408
64
0
53184
1472
64
0
54208
1536
64
0
55232
1600
64
0
56256
1664
64
0
57280
1728
64
0
65472
1792
64
0
66496
1856
64
0
67520
1920
64
0
68544
1984
64
0
53760
0
64
0
54784
64
64
0
55808
128
64
0
0
192
64
1
65024
256
64
0
66048
320
64
0
67072
384
64
0
68096
448
64
0
69120
512
64
0
70144
576
64
0
0
640
64
1
79360
704
64
0
80384
768
64
0
81408
832
64
0
82432
896
64
0
83456
960
64
0
84480
1024
64
0
0
1088
64
1
0
1152
64
1
0
1216
64
1
0
1280
64
1
0
1344
64
1
0
1408
64
1
0
1472
64
1
0
1536
64
1
0
1600
64
1
0
1664
64
1
0
1728
64
1
0
1792
64
1
0
1856
64
1
0
1920
64
1
0
1984
64
1
53824
0
64
0
54848
64
64
0
55872
128
64
0
64
192
64
1
65088
256
64
0
66112
320
64
0
67136
384
64
0
68160
448
64
0
69184
512
64
0
70208
576
64
0
64
640
64
1
79424
704
64
0
80448
768
64
0
81472
832
64
0
82496
896
64
0
83520
960
64
0
84544
1024
64
0
64
1088
64
1
64
1152
64
1
64
1216
64
1
64
1280
64
1
64
1344
64
1
64
1408
64
1
64
1472
64
1
64
1536
64
1
64
1600
64
1
64
1664
64
1
64
1728
64
1
64
1792
64
1
64
1856
64
1
64
1920
64
1
64
1984
64
1
53888
0
64
0
54912
64
64
0
55936
128
64
0
128
192
64
1
65152
256
64
0
66176
320
64
0
67200
384
64
0
68224
448
64
0
69248
512
64
0
70272
576
64
0
128
640
64
1
79488
704
64
0
80512
768
64
0
81536
832
64
0
82560
896
64
0
83584
960
64
0
84608
1024
64
0
128
1088
64
1
128
1152
64
1
128
1216
64
1
128
1280
64
1
128
1344
64
1
128
1408
64
1
128
1472
64
1
128
1536
64
1
128
1600
64
1
128
1664
64
1
128
1728
64
1
128
1792
64
1
128
1856
64
1
128
1920
64
1
128
1984
64
1
53952
0
64
0
54976
64
64
0
56000
128
64
0
192
192
64
1
65216
256
64
0
66240
320
64
0
67264
384
64
0
68288
448
64
0
69312
512
64
0
70336
576
64
0
192
640
64
1
79552
704
64
0
80576
768
64
0
81600
832
64
0
82624
896
64
0
83648
960
64
0
84672
1024
64
0
192
1088
64
1
192
1152
64
1
192
1216
64
1
192
1280
64
1
192
1344
64
1
192
1408
64
1
192
1472
64
1
192
1536
64
1
192
1600
64
1
192
1664
64
1
192
1728
64
1
192
1792
64
1
192
1856
64
1
192
1920
64
1
192
1984
64
1
54016
0
64
0
55040
64
64
0
56064
128
64
0
256
192
64
1
65280
256
64
0
66304
320
64
0
67328
384
64
0
68352
448
64
0
69376
512
64
0
70400
576
64
0
256
640
64
1
79616
704
64
0
80640
768
64
0
81664
832
64
0
82688
896
64
0
83712
960
64
0
84736
1024
64
0
256
1088
64
1
256
1152
64
1
256
1216
64
1
256
1280
64
1
256
1344
64
1
256
1408
64
1
256
1472
64
1
256
1536
64
1
256
1600
64
1
256
1664
64
1
256
1728
64
1
256
1792
64
1
256
1856
64
1
256
1920
64
1
256
1984
64
1
54080
0
64
0
55104
64
64
0
56128
128
64
0
320
192
64
1
65344
256
64
0
66368
320
64
0
67392
384
64
0
68416
448
64
0
69440
512
64
0
70464
576
64
0
320
640
64
1
79680
704
64
0
80704
768
64
0
81728
832
64
0
82752
896
64
0
83776
960
64
0
84800
1024
64
0
320
1088
64
1
320
1152
64
1
320
1216
64
1
320
1280
64
1
320
1344
64
1
320
1408
64
1
320
1472
64
1
320
1536
64
1
320
1600
64
1
320
1664
64
1
320
1728
64
1
320
1792
64
1
320
1856
64
1
320
1920
64
1
320
1984
64
1
54144
0
64
0
55168
64
64
0
56192
128
64
0
384
192
64
1
65408
256
64
0
66432
320
64
0
67456
384
64
0
68480
448
64
0
69504
512
64
0
70528
576
64
0
384
640
64
1
79744
704
64
0
80768
768
64
0
81792
832
64
0
82816
896
64
0
83840
960
64
0
84864
1024
64
0
384
1088
64
1
384
1152
64
1
384
1216
64
1
384
1280
64
1
384
1344
64
1
384
1408
64
1
384
1472
64
1
384
1536
64
1
384
1600
64
1
384
1664
64
1
384
1728
64
1
384
1792
64
1
384
1856
64
1
384
1920
64
1
384
1984
64
1
54208
0
64
0
55232
64
64
0
56256
128
64
0
448
192
64
1
65472
256
64
0
66496
320
64
0
67520
384
64
0
68544
448
64
0
69568
512
64
0
70592
576
64
0
448
640
64
1
79808
704
64
0
80832
768
64
0
81856
832
64
0
82880
896
64
0
83904
960
64
0
84928
1024
64
0
448
1088
64
1
448
1152
64
1
448
1216
64
1
448
1280
64
1
448
1344
64
1
448
1408
64
1
448
1472
64
1
448
1536
64
1
448
1600
64
1
448
1664
64
1
448
1728
64
1
448
1792
64
1
448
1856
64
1
448
1920
64
1
448
1984
64
1
54272
0
64
0
55296
64
64
0
56320
128
64
0
64512
192
64
0
65536
256
64
0
66560
320
64
0
67584
384
64
0
68608
448
64
0
69632
512
64
0
70656
576
64
0
78848
640
64
0
79872
704
64
0
80896
768
64
0
81920
832
64
0
82944
896
64
0
83968
960
64
0
84992
1024
64
0
512
1088
64
1
512
1152
64
1
512
1216
64
1
512
1280
64
1
512
1344
64
1
512
1408
64
1
512
1472
64
1
512
1536
64
1
512
1600
64
1
512
1664
64
1
512
1728
64
1
512
1792
64
1
512
1856
64
1
512
1920
64
1
512
1984
64
1
54336
0
64
0
55360
64
64
0
56384
128
64
0
64576
192
64
0
65600
256
64
0
66624
320
64
0
67648
384
64
0
68672
448
64
0
69696
512
64
0
70720
576
64
0
78912
640
64
0
79936
704
64
0
80960
768
64
0
81984
832
64
0
83008
896
64
0
84032
960
64
0
85056
1024
64
0
576
1088
64
1
576
1152
64
1
576
1216
64
1
576
1280
64
1
576
1344
64
1
576
1408
64
1
576
1472
64
1
576
1536
64
1
576
1600
64
1
576
1664
64
1
576
1728
64
1
576
1792
64
1
576
1856
64
1
576
1920
64
1
576
1984
64
1
54400
0
64
0
55424
64
64
0
56448
128
64
0
64640
192
64
0
65664
256
64
0
66688
320
64
0
67712
384
64
0
68736
448
64
0
69760
512
64
0
70784
576
64
0
78976
640
64
0
80000
704
64
0
81024
768
64
0
82048
832
64
0
83072
896
64
0
84096
960
64
0
85120
1024
64
0
640
1088
64
1
640
1152
64
1
640
1216
64
1
640
1280
64
1
640
1344
64
1
640
1408
64
1
640
1472
64
1
640
1536
64
1
640
1600
64
1
640
1664
64
1
640
1728
64
1
640
1792
64
1
640
1856
64
1
640
1920
64
1
640
1984
64
1
54464
0
64
0
55488
64
64
0
56512
128
64
0
64704
192
64
0
65728
256
64
0
66752
320
64
0
67776
384
64
0
68800
448
64
0
69824
512
64
0
70848
576
64
0
79040
640
64
0
80064
704
64
0
81088
768
64
0
82112
832
64
0
83136
896
64
0
84160
960
64
0
85184
1024
64
0
704
1088
64
1
704
1152
64
1
704
1216
64
1
704
1280
64
1
704
1344
64
1
704
1408
64
1
704
1472
64
1
704
1536
64
1
704
1600
64
1
704
1664
64
1
704
1728
64
1
704
1792
64
1
704
1856
64
1
704
1920
64
1
704
1984
64
1
54528
0
64
0
55552
64
64
0
56576
128
64
0
64768
192
64
0
65792
256
64
0
66816
320
64
0
67840
384
64
0
68864
448
64
0
69888
512
64
0
70912
576
64
0
79104
640
64
0
80128
704
64
0
81152
768
64
0
82176
832
64
0
83200
896
64
0
84224
960
64
0
85248
1024
64
0
768
1088
64
1
768
1152
64
1
768
1216
64
1
768
1280
64
1
768
1344
64
1
768
1408
64
1
768
1472
64
1
768
1536
64
1
768
1600
64
1
768
1664
64
1
768
1728
64
1
768
1792
64
1
768
1856
64
1
768
1920
64
1
768
1984
64
1
54592
0
64
0
55616
64
64
0
56640
128
64
0
64832
192
64
0
65856
256
64
0
66880
320
64
0
67904
384
64
0
68928
448
64
0
69952
512
64
0
70976
576
64
0
79168
640
64
0
80192
704
64
0
81216
768
64
0
82240
832
64
0
83264
896
64
0
84288
960
64
0
85312
1024
64
0
832
1088
64
1
832
1152
64
1
832
1216
64
1
832
1280
64
1
832
1344
64
1
832
1408
64
1
832
1472
64
1
832
1536
64
1
832
1600
64
1
832
1664
64
1
832
1728
64
1
832
1792
64
1
832
1856
64
1
832
1920
64
1
832
1984
64
1
54656
0
64
0
55680
64
64
0
56704
128
64
0
64896
192
64
0
65920
256
64
0
66944
320
64
0
67968
384
64
0
68992
448
64
0
70016
512
64
0
71040
576
64
0
79232
640
64
0
80256
704
64
0
81280
768
64
0
82304
832
64
0
83328
896
64
0
84352
960
64
0
85376
1024
64
0
896
1088
64
1
896
1152
64
1
896
1216
64
1
896
1280
64
1
896
1344
64
1
896
1408
64
1
896
1472
64
1
896
1536
64
1
896
1600
64
1
896
1664
64
1
896
1728
64
1
896
1792
64
1
896
1856
64
1
896
1920
64
1
896
1984
64
1
54720
0
64
0
55744
64
64
0
56768
128
64
0
64960
192
64
0
65984
256
64
0
67008
320
64
0
68032
384
64
0
69056
448
64
0
70080
512
64
0
71104
576
64
0
79296
640
64
0
80320
704
64
0
81344
768
64
0
82368
832
64
0
83392
896
64
0
84416
960
64
0
85440
1024
64
0
960
1088
64
1
960
1152
64
1
960
1216
64
1
960
1280
64
1
960
1344
64
1
960
1408
64
1
960
1472
64
1
960
1536
64
1
960
1600
64
1
960
1664
64
1
960
1728
64
1
960
1792
64
1
960
1856
64
1
960
1920
64
1
960
1984
64
1
54784
0
64
0
55808
64
64
0
56832
128
64
0
65024
192
64
0
66048
256
64
0
67072
320
64
0
68096
384
64
0
69120
448
64
0
70144
512
64
0
71168
576
64
0
79360
640
64
0
80384
704
64
0
81408
768
64
0
82432
832
64
0
83456
896
64
0
84480
960
64
0
85504
1024
64
0
1024
1088
64
1
1024
1152
64
1
1024
1216
64
1
1024
1280
64
1
1024
1344
64
1
1024
1408
64
1
1024
1472
64
1
1024
1536
64
1
1024
1600
64
1
1024
1664
64
1
1024
1728
64
1
1024
1792
64
1
1024
1856
64
1
1024
1920
64
1
1024
1984
64
1
54848
0
64
0
55872
64
64
0
56896
128
64
0
65088
192
64
0
66112
256
64
0
67136
320
64
0
68160
384
64
0
69184
448
64
0
70208
512
64
0
71232
576
64
0
79424
640
64
0
80448
704
64
0
81472
768
64
0
82496
832
64
0
83520
896
64
0
84544
960
64
0
85568
1024
64
0
1088
1088
64
1
1088
1152
64
1
1088
1216
64
1
1088
1280
64
1
1088
1344
64
1
1088
1408
64
1
1088
1472
64
1
1088
1536
64
1
1088
1600
64
1
1088
1664
64
1
1088
1728
64
1
1088
1792
64
1
1088
1856
64
1
1088
1920
64
1
1088
1984
64
1
54912
0
64
0
55936
64
64
0
56960
128
64
0
65152
192
64
0
66176
256
64
0
67200
320
64
0
68224
384
64
0
69248
448
64
0
70272
512
64
0
71296
576
64
0
79488
640
64
0
80512
704
64
0
81536
768
64
0
82560
832
64
0
83584
896
64
0
84608
960
64
0
85632
1024
64
0
1152
1088
64
1
1152
1152
64
1
1152
1216
64
1
1152
1280
64
1
1152
1344
64
1
1152
1408
64
1
1152
1472
64
1
1152
1536
64
1
1152
1600
64
1
1152
1664
64
1
1152
1728
64
1
1152
1792
64
1
1152
1856
64
1
1152
1920
64
1
1152
1984
64
1
54976
0
64
0
56000
64
64
0
57024
128
64
0
65216
192
64
0
66240
256
64
0
67264
320
64
0
68288
384
64
0
69312
448
64
0
70336
512
64
0
71360
576
64
0
79552
640
64
0
80576
704
64
0
81600
768
64
0
82624
832
64
0
83648
896
64
0
84672
960
64
0
85696
1024
64
0
1216
1088
64
1
1216
1152
64
1
1216
1216
64
1
1216
1280
64
1
1216
1344
64
1
1216
1408
64
1
1216
1472
64
1
1216
1536
64
1
1216
1600
64
1
1216
1664
64
1
1216
1728
64
1
1216
1792
64
1
1216
1856
64
1
1216
1920
64
1
1216
1984
64
1
55040
0
64
0
56064
64
64
0
57088
128
64
0
65280
192
64
0
66304
256
64
0
67328
320
64
0
68352
384
64
0
69376
448
64
0
70400
512
64
0
71424
576
64
0
79616
640
64
0
80640
704
64
0
81664
768
64
0
82688
832
64
0
83712
896
64
0
84736
960
64
0
85760
1024
64
0
1280
1088
64
1
1280
1152
64
1
1280
1216
64
1
1280
1280
64
1
1280
1344
64
1
1280
1408
64
1
1280
1472
64
1
1280
1536
64
1
1280
1600
64
1
1280
1664
64
1
1280
1728
64
1
1280
1792
64
1
1280
1856
64
1
1280
1920
64
1
1280
1984
64
1
55104
0
64
0
56128
64
64
0
57152
128
64
0
65344
192
64
0
66368
256
64
0
67392
320
64
0
68416
384
64
0
69440
448
64
0
70464
512
64
0
71488
576
64
0
79680
640
64
0
80704
704
64
0
81728
768
64
0
82752
832
64
0
83776
896
64
0
84800
960
64
0
85824
1024
64
0
1344
1088
64
1
1344
1152
64
1
1344
1216
64
1
1344
1280
64
1
1344
1344
64
1
1344
1408
64
1
1344
1472
64
1
1344
1536
64
1
1344
1600
64
1
1344
1664
64
1
1344
1728
64
1
1344
1792
64
1
1344
1856
64
1
1344
1920
64
1
1344
1984
64
1
55168
0
64
0
56192
64
64
0
57216
128
64
0
65408
192
64
0
66432
256
64
0
67456
320
64
0
68480
384
64
0
69504
448
64
0
70528
512
64
0
71552
576
64
0
79744
640
64
0
80768
704
64
0
81792
768
64
0
82816
832
64
0
83840
896
64
0
84864
960
64
0
85888
1024
64
0
1408
1088
64
1
1408
1152
64
1
1408
1216
64
1
1408
1280
64
1
1408
1344
64
1
1408
1408
64
1
1408
1472
64
1
1408
1536
64
1
1408
1600
64
1
1408
1664
64
1
1408
1728
64
1
1408
1792
64
1
1408
1856
64
1
1408
1920
64
1
1408
1984
64
1
55232
0
64
0
56256
64
64
0
57280
128
64
0
65472
192
64
0
66496
256
64
0
67520
320
64
0
68544
384
64
0
69568
448
64
0
70592
512
64
0
71616
576
64
0
79808
640
64
0
80832
704
64
0
81856
768
64
0
82880
832
64
0
83904
896
64
0
84928
960
64
0
85952
1024
64
0
1472
1088
64
1
1472
1152
64
1
1472
1216
64
1
1472
1280
64
1
1472
1344
64
1
1472
1408
64
1
1472
1472
64
1
1472
1536
64
1
1472
1600
64
1
1472
1664
64
1
1472
1728
64
1
1472
1792
64
1
1472
1856
64
1
1472
1920
64
1
1472
1984
64
1
60928
0
64
0
61952
64
64
0
62976
128
64
0
0
192
64
1
72192
256
64
0
73216
320
64
0
74240
384
64
0
75264
448
64
0
76288
512
64
0
77312
576
64
0
0
640
64
1
86528
704
64
0
87552
768
64
0
88576
832
64
0
89600
896
64
0
90624
960
64
0
91648
1024
64
0
1536
1088
64
1
1536
1152
64
1
1536
1216
64
1
1536
1280
64
1
1536
1344
64
1
1536
1408
64
1
1536
1472
64
1
1536
1536
64
1
1536
1600
64
1
1536
1664
64
1
1536
1728
64
1
1536
1792
64
1
1536
1856
64
1
1536
1920
64
1
1536
1984
64
1
60992
0
64
0
62016
64
64
0
63040
128
64
0
64
192
64
1
72256
256
64
0
73280
320
64
0
74304
384
64
0
75328
448
64
0
76352
512
64
0
77376
576
64
0
64
640
64
1
86592
704
64
0
87616
768
64
0
88640
832
64
0
89664
896
64
0
90688
960
64
0
91712
1024
64
0
1600
1088
64
1
1600
1152
64
1
1600
1216
64
1
1600
1280
64
1
1600
1344
64
1
1600
1408
64
1
1600
1472
64
1
1600
1536
64
1
1600
1600
64
1
1600
1664
64
1
1600
1728
64
1
1600
1792
64
1
1600
1856
64
1
1600
1920
64
1
1600
1984
64
1
61056
0
64
0
62080
64
64
0
63104
128
64
0
128
192
64
1
72320
256
64
0
73344
320
64
0
74368
384
64
0
75392
448
64
0
76416
512
64
0
77440
576
64
0
128
640
64
1
86656
704
64
0
87680
768
64
0
88704
832
64
0
89728
896
64
0
90752
960
64
0
91776
1024
64
0
1664
1088
64
1
1664
1152
64
1
1664
1216
64
1
1664
1280
64
1
1664
1344
64
1
1664
1408
64
1
1664
1472
64
1
1664
1536
64
1
1664
1600
64
1
1664
1664
64
1
1664
1728
64
1
1664
1792
64
1
1664
1856
64
1
1664
1920
64
1
1664
1984
64
1
61120
0
64
0
62144
64
64
0
63168
128
64
0
192
192
64
1
72384
256
64
0
73408
320
64
0
74432
384
64
0
75456
448
64
0
76480
512
64
0
77504
576
64
0
192
640
64
1
86720
704
64
0
87744
768
64
0
88768
832
64
0
89792
896
64
0
90816
960
64
0
91840
1024
64
0
1728
1088
64
1
1728
1152
64
1
1728
1216
64
1
1728
1280
64
1
1728
1344
64
1
1728
1408
64
1
1728
1472
64
1
1728
1536
64
1
1728
1600
64
1
1728
1664
64
1
1728
1728
64
1
1728
1792
64
1
1728
1856
64
1
1728
1920
64
1
1728
1984
64
1
61184
0
64
0
62208
64
64
0
63232
128
64
0
256
192
64
1
72448
256
64
0
73472
320
64
0
74496
384
64
0
75520
448
64
0
76544
512
64
0
77568
576
64
0
256
640
64
1
86784
704
64
0
87808
768
64
0
88832
832
64
0
89856
896
64
0
90880
960
64
0
91904
1024
64
0
1792
1088
64
1
1792
1152
64
1
1792
1216
64
1
1792
1280
64
1
1792
1344
64
1
1792
1408
64
1
1792
1472
64
1
1792
1536
64
1
1792
1600
64
1
1792
1664
64
1
1792
1728
64
1
1792
1792
64
1
1792
1856
64
1
1792
1920
64
1
1792
1984
64
1
61248
0
64
0
62272
64
64
0
63296
128
64
0
320
192
64
1
72512
256
64
0
73536
320
64
0
74560
384
64
0
75584
448
64
0
76608
512
64
0
77632
576
64
0
320
640
64
1
86848
704
64
0
87872
768
64
0
88896
832
64
0
89920
896
64
0
90944
960
64
0
91968
1024
64
0
1856
1088
64
1
1856
1152
64
1
1856
1216
64
1
1856
1280
64
1
1856
1344
64
1
1856
1408
64
1
1856
1472
64
1
1856
1536
64
1
1856
1600
64
1
1856
1664
64
1
1856
1728
64
1
1856
1792
64
1
1856
1856
64
1
1856
1920
64
1
1856
1984
64
1
61312
0
64
0
62336
64
64
0
63360
128
64
0
384
192
64
1
72576
256
64
0
73600
320
64
0
74624
384
64
0
75648
448
64
0
76672
512
64
0
77696
576
64
0
384
640
64
1
86912
704
64
0
87936
768
64
0
88960
832
64
0
89984
896
64
0
91008
960
64
0
92032
1024
64
0
1920
1088
64
1
1920
1152
64
1
1920
1216
64
1
1920
1280
64
1
1920
1344
64
1
1920
1408
64
1
1920
1472
64
1
1920
1536
64
1
1920
1600
64
1
1920
1664
64
1
1920
1728
64
1
1920
1792
64
1
1920
1856
64
1
1920
1920
64
1
1920
1984
64
1
61376
0
64
0
62400
64
64
0
63424
128
64
0
448
192
64
1
72640
256
64
0
73664
320
64
0
74688
384
64
0
75712
448
64
0
76736
512
64
0
77760
576
64
0
448
640
64
1
86976
704
64
0
88000
768
64
0
89024
832
64
0
90048
896
64
0
91072
960
64
0
92096
1024
64
0
1984
1088
64
1
1984
1152
64
1
1984
1216
64
1
1984
1280
64
1
1984
1344
64
1
1984
1408
64
1
1984
1472
64
1
1984
1536
64
1
1984
1600
64
1
1984
1664
64
1
1984
1728
64
1
1984
1792
64
1
1984
1856
64
1
1984
1920
64
1
1984
1984
64
1
61440
0
64
0
62464
64
64
0
63488
128
64
0
71680
192
64
0
72704
256
64
0
73728
320
64
0
74752
384
64
0
75776
448
64
0
76800
512
64
0
77824
576
64
0
86016
640
64
0
87040
704
64
0
88064
768
64
0
89088
832
64
0
90112
896
64
0
91136
960
64
0
92160
1024
64
0
2048
1088
64
1
2048
1152
64
1
2048
1216
64
1
2048
1280
64
1
2048
1344
64
1
2048
1408
64
1
2048
1472
64
1
2048
1536
64
1
2048
1600
64
1
2048
1664
64
1
2048
1728
64
1
2048
1792
64
1
2048
1856
64
1
2048
1920
64
1
2048
1984
64
1
61504
0
64
0
62528
64
64
0
63552
128
64
0
71744
192
64
0
72768
256
64
0
73792
320
64
0
74816
384
64
0
75840
448
64
0
76864
512
64
0
77888
576
64
0
86080
640
64
0
87104
704
64
0
88128
768
64
0
89152
832
64
0
90176
896
64
0
91200
960
64
0
92224
1024
64
0
2112
1088
64
1
2112
1152
64
1
2112
1216
64
1
2112
1280
64
1
2112
1344
64
1
2112
1408
64
1
2112
1472
64
1
2112
1536
64
1
2112
1600
64
1
2112
1664
64
1
2112
1728
64
1
2112
1792
64
1
2112
1856
64
1
2112
1920
64
1
2112
1984
64
1
61568
0
64
0
62592
64
64
0
63616
128
64
0
71808
192
64
0
72832
256
64
0
73856
320
64
0
74880
384
64
0
75904
448
64
0
76928
512
64
0
77952
576
64
0
86144
640
64
0
87168
704
64
0
88192
768
64
0
89216
832
64
0
90240
896
64
0
91264
960
64
0
92288
1024
64
0
2176
1088
64
1
2176
1152
64
1
2176
1216
64
1
2176
1280
64
1
2176
1344
64
1
2176
1408
64
1
2176
1472
64
1
2176
1536
64
1
2176
1600
64
1
2176
1664
64
1
2176
1728
64
1
2176
1792
64
1
2176
1856
64
1
2176
1920
64
1
2176
1984
64
1
61632
0
64
0
62656
64
64
0
63680
128
64
0
71872
192
64
0
72896
256
64
0
73920
320
64
0
74944
384
64
0
75968
448
64
0
76992
512
64
0
78016
576
64
0
86208
640
64
0
87232
704
64
0
88256
768
64
0
89280
832
64
0
90304
896
64
0
91328
960
64
0
92352
1024
64
0
2240
1088
64
1
2240
1152
64
1
2240
1216
64
1
2240
1280
64
1
2240
1344
64
1
2240
1408
64
1
2240
1472
64
1
2240
1536
64
1
2240
1600
64
1
2240
1664
64
1
2240
1728
64
1
2240
1792
64
1
2240
1856
64
1
2240
1920
64
1
2240
1984
64
1
61696
0
64
0
62720
64
64
0
63744
128
64
0
71936
192
64
0
72960
256
64
0
73984
320
64
0
75008
384
64
0
76032
448
64
0
77056
512
64
0
78080
576
64
0
86272
640
64
0
87296
704
64
0
88320
768
64
0
89344
832
64
0
90368
896
64
0
91392
960
64
0
92416
1024
64
0
2304
1088
64
1
2304
1152
64
1
2304
1216
64
1
2304
1280
64
1
2304
1344
64
1
2304
1408
64
1
2304
1472
64
1
2304
1536
64
1
2304
1600
64
1
2304
1664
64
1
2304
1728
64
1
2304
1792
64
1
2304
1856
64
1
2304
1920
64
1
2304
1984
64
1
61760
0
64
0
62784
64
64
0
63808
128
64
0
72000
192
64
0
73024
256
64
0
74048
320
64
0
75072
384
64
0
76096
448
64
0
77120
512
64
0
78144
576
64
0
86336
640
64
0
87360
704
64
0
88384
768
64
0
89408
832
64
0
90432
896
64
0
91456
960
64
0
92480
1024
64
0
2368
1088
64
1
2368
1152
64
1
2368
1216
64
1
2368
1280
64
1
2368
1344
64
1
2368
1408
64
1
2368
1472
64
1
2368
1536
64
1
2368
1600
64
1
2368
1664
64
1
2368
1728
64
1
2368
1792
64
1
2368
1856
64
1
2368
1920
64
1
2368
1984
64
1
61824
0
64
0
62848
64
64
0
63872
128
64
0
72064
192
64
0
73088
256
64
0
74112
320
64
0
75136
384
64
0
76160
448
64
0
77184
512
64
0
78208
576
64
0
86400
640
64
0
87424
704
64
0
88448
768
64
0
89472
832
64
0
90496
896
64
0
91520
960
64
0
92544
1024
64
0
2432
1088
64
1
2432
1152
64
1
2432
1216
64
1
2432
1280
64
1
2432
1344
64
1
2432
1408
64
1
2432
1472
64
1
2432
1536
64
1
2432
1600
64
1
2432
1664
64
1
2432
1728
64
1
2432
1792
64
1
2432
1856
64
1
2432
1920
64
1
2432
1984
64
1
61888
0
64
0
62912
64
64
0
63936
128
64
0
72128
192
64
0
73152
256
64
0
74176
320
64
0
75200
384
64
0
76224
448
64
0
77248
512
64
0
78272
576
64
0
86464
640
64
0
87488
704
64
0
88512
768
64
0
89536
832
64
0
90560
896
64
0
91584
960
64
0
92608
1024
64
0
2496
1088
64
1
2496
1152
64
1
2496
1216
64
1
2496
1280
64
1
2496
1344
64
1
2496
1408
64
1
2496
1472
64
1
2496
1536
64
1
2496
1600
64
1
2496
1664
64
1
2496
1728
64
1
2496
1792
64
1
2496
1856
64
1
2496
1920
64
1
2496
1984
64
1
61952
0
64
0
62976
64
64
0
64000
128
64
0
72192
192
64
0
73216
256
64
0
74240
320
64
0
75264
384
64
0
76288
448
64
0
77312
512
64
0
78336
576
64
0
86528
640
64
0
87552
704
64
0
88576
768
64
0
89600
832
64
0
90624
896
64
0
91648
960
64
0
92672
1024
64
0
2560
1088
64
1
2560
1152
64
1
2560
1216
64
1
2560
1280
64
1
2560
1344
64
1
2560
1408
64
1
2560
1472
64
1
2560
1536
64
1
2560
1600
64
1
2560
1664
64
1
2560
1728
64
1
2560
1792
64
1
2560
1856
64
1
2560
1920
64
1
2560
1984
64
1
62016
0
64
0
63040
64
64
0
64064
128
64
0
72256
192
64
0
73280
256
64
0
74304
320
64
0
75328
384
64
0
76352
448
64
0
77376
512
64
0
78400
576
64
0
86592
640
64
0
87616
704
64
0
88640
768
64
0
89664
832
64
0
90688
896
64
0
91712
960
64
0
92736
1024
64
0
2624
1088
64
1
2624
1152
64
1
2624
1216
64
1
2624
1280
64
1
2624
1344
64
1
2624
1408
64
1
2624
1472
64
1
2624
1536
64
1
2624
1600
64
1
2624
1664
64
1
2624
1728
64
1
2624
1792
64
1
2624
1856
64
1
2624
1920
64
1
2624
1984
64
1
62080
0
64
0
63104
64
64
0
64128
128
64
0
72320
192
64
0
73344
256
64
0
74368
320
64
0
75392
384
64
0
76416
448
64
0
77440
512
64
0
78464
576
64
0
86656
640
64
0
87680
704
64
0
88704
768
64
0
89728
832
64
0
90752
896
64
0
91776
960
64
0
92800
1024
64
0
2688
1088
64
1
2688
1152
64
1
2688
1216
64
1
2688
1280
64
1
2688
1344
64
1
2688
1408
64
1
2688
1472
64
1
2688
1536
64
1
2688
1600
64
1
2688
1664
64
1
2688
1728
64
1
2688
1792
64
1
2688
1856
64
1
2688
1920
64
1
2688
1984
64
1
62144
0
64
0
63168
64
64
0
64192
128
64
0
72384
192
64
0
73408
256
64
0
74432
320
64
0
75456
384
64
0
76480
448
64
0
77504
512
64
0
78528
576
64
0
86720
640
64
0
87744
704
64
0
88768
768
64
0
89792
832
64
0
90816
896
64
0
91840
960
64
0
92864
1024
64
0
2752
1088
64
1
2752
1152
64
1
2752
1216
64
1
2752
1280
64
1
2752
1344
64
1
2752
1408
64
1
2752
1472
64
1
2752
1536
64
1
2752
1600
64
1
2752
1664
64
1
2752
1728
64
1
2752
1792
64
1
2752
1856
64
1
2752
1920
64
1
2752
1984
64
1
62208
0
64
0
63232
64
64
0
64256
128
64
0
72448
192
64
0
73472
256
64
0
74496
320
64
0
75520
384
64
0
76544
448
64
0
77568
512
64
0
78592
576
64
0
86784
640
64
0
87808
704
64
0
88832
768
64
0
89856
832
64
0
90880
896
64
0
91904
960
64
0
92928
1024
64
0
2816
1088
64
1
2816
1152
64
1
2816
1216
64
1
2816
1280
64
1
2816
1344
64
1
2816
1408
64
1
2816
1472
64
1
2816
1536
64
1
2816
1600
64
1
2816
1664
64
1
2816
1728
64
1
2816
1792
64
1
2816
1856
64
1
2816
1920
64
1
2816
1984
64
1
62272
0
64
0
63296
64
64
0
64320
128
64
0
72512
192
64
0
73536
256
64
0
74560
320
64
0
75584
384
64
0
76608
448
64
0
77632
512
64
0
78656
576
64
0
86848
640
64
0
87872
704
64
0
88896
768
64
0
89920
832
64
0
90944
896
64
0
91968
960
64
0
92992
1024
64
0
2880
1088
64
1
2880
1152
64
1
2880
1216
64
1
2880
1280
64
1
2880
1344
64
1
2880
1408
64
1
2880
1472
64
1
2880
1536
64
1
2880
1600
64
1
2880
1664
64
1
2880
1728
64
1
2880
1792
64
1
2880
1856
64
1
2880
1920
64
1
2880
1984
64
1
62336
0
64
0
63360
64
64
0
64384
128
64
0
72576
192
64
0
73600
256
64
0
74624
320
64
0
75648
384
64
0
76672
448
64
0
77696
512
64
0
78720
576
64
0
86912
640
64
0
87936
704
64
0
88960
768
64
0
89984
832
64
0
91008
896
64
0
92032
960
64
0
93056
1024
64
0
2944
1088
64
1
2944
1152
64
1
2944
1216
64
1
2944
1280
64
1
2944
1344
64
1
2944
1408
64
1
2944
1472
64
1
2944
1536
64
1
2944
1600
64
1
2944
1664
64
1
2944
1728
64
1
2944
1792
64
1
2944
1856
64
1
2944
1920
64
1
2944
1984
64
1
62400
0
64
0
63424
64
64
0
64448
128
64
0
72640
192
64
0
73664
256
64
0
74688
320
64
0
75712
384
64
0
76736
448
64
0
77760
512
64
0
78784
576
64
0
86976
640
64
0
88000
704
64
0
89024
768
64
0
90048
832
64
0
91072
896
64
0
92096
960
64
0
93120
1024
64
0
3008
1088
64
1
3008
1152
64
1
3008
1216
64
1
3008
1280
64
1
3008
1344
64
1
3008
1408
64
1
3008
1472
64
1
3008
1536
64
1
3008
1600
64
1
3008
1664
64
1
3008
1728
64
1
3008
1792
64
1
3008
1856
64
1
3008
1920
64
1
3008
1984
64
1
68096
0
64
0
69120
64
64
0
70144
128
64
0
0
192
64
1
79360
256
64
0
80384
320
64
0
81408
384
64
0
82432
448
64
0
83456
512
64
0
84480
576
64
0
0
640
64
1
93696
704
64
0
94720
768
64
0
95744
832
64
0
96768
896
64
0
97792
960
64
0
98816
1024
64
0
3072
1088
64
1
3072
1152
64
1
3072
1216
64
1
3072
1280
64
1
3072
1344
64
1
3072
1408
64
1
3072
1472
64
1
3072
1536
64
1
3072
1600
64
1
3072
1664
64
1
3072
1728
64
1
3072
1792
64
1
3072
1856
64
1
3072
1920
64
1
3072
1984
64
1
68160
0
64
0
69184
64
64
0
70208
128
64
0
64
192
64
1
79424
256
64
0
80448
320
64
0
81472
384
64
0
82496
448
64
0
83520
512
64
0
84544
576
64
0
64
640
64
1
93760
704
64
0
94784
768
64
0
95808
832
64
0
96832
896
64
0
97856
960
64
0
98880
1024
64
0
3136
1088
64
1
3136
1152
64
1
3136
1216
64
1
3136
1280
64
1
3136
1344
64
1
3136
1408
64
1
3136
1472
64
1
3136
1536
64
1
3136
1600
64
1
3136
1664
64
1
3136
1728
64
1
3136
1792
64
1
3136
1856
64
1
3136
1920
64
1
3136
1984
64
1
68224
0
64
0
69248
64
64
0
70272
128
64
0
128
192
64
1
79488
256
64
0
80512
320
64
0
81536
384
64
0
82560
448
64
0
83584
512
64
0
84608
576
64
0
128
640
64
1
93824
704
64
0
94848
768
64
0
95872
832
64
0
96896
896
64
0
97920
960
64
0
98944
1024
64
0
3200
1088
64
1
3200
1152
64
1
3200
1216
64
1
3200
1280
64
1
3200
1344
64
1
3200
1408
64
1
3200
1472
64
1
3200
1536
64
1
3200
1600
64
1
3200
1664
64
1
3200
1728
64
1
3200
1792
64
1
3200
1856
64
1
3200
1920
64
1
3200
1984
64
1
68288
0
64
0
69312
64
64
0
70336
128
64
0
192
192
64
1
79552
256
64
0
80576
320
64
0
81600
384
64
0
82624
448
64
0
83648
512
64
0
84672
576
64
0
192
640
64
1
93888
704
64
0
94912
768
64
0
95936
832
64
0
96960
896
64
0
97984
960
64
0
99008
1024
64
0
3264
1088
64
1
3264
1152
64
1
3264
1216
64
1
3264
1280
64
1
3264
1344
64
1
3264
1408
64
1
3264
1472
64
1
3264
1536
64
1
3264
1600
64
1
3264
1664
64
1
3264
1728
64
1
3264
1792
64
1
3264
1856
64
1
3264
1920
64
1
3264
1984
64
1
68352
0
64
0
69376
64
64
0
70400
128
64
0
256
192
64
1
79616
256
64
0
80640
320
64
0
81664
384
64
0
82688
448
64
0
83712
512
64
0
84736
576
64
0
256
640
64
1
93952
704
64
0
94976
768
64
0
96000
832
64
0
97024
896
64
0
98048
960
64
0
99072
1024
64
0
3328
1088
64
1
3328
1152
64
1
3328
1216
64
1
3328
1280
64
1
3328
1344
64
1
3328
1408
64
1
3328
1472
64
1
3328
1536
64
1
3328
1600
64
1
3328
1664
64
1
3328
1728
64
1
3328
1792
64
1
3328
1856
64
1
3328
1920
64
1
3328
1984
64
1
68416
0
64
0
69440
64
64
0
70464
128
64
0
320
192
64
1
79680
256
64
0
80704
320
64
0
81728
384
64
0
82752
448
64
0
83776
512
64
0
84800
576
64
0
320
640
64
1
94016
704
64
0
95040
768
64
0
96064
832
64
0
97088
896
64
0
98112
960
64
0
99136
1024
64
0
3392
1088
64
1
3392
1152
64
1
3392
1216
64
1
3392
1280
64
1
3392
1344
64
1
3392
1408
64
1
3392
1472
64
1
3392
1536
64
1
3392
1600
64
1
3392
1664
64
1
3392
1728
64
1
3392
1792
64
1
3392
1856
64
1
3392
1920
64
1
3392
1984
64
1
68480
0
64
0
69504
64
64
0
70528
128
64
0
384
192
64
1
79744
256
64
0
80768
320
64
0
81792
384
64
0
82816
448
64
0
83840
512
64
0
84864
576
64
0
384
640
64
1
94080
704
64
0
95104
768
64
0
96128
832
64
0
97152
896
64
0
98176
960
64
0
99200
1024
64
0
3456
1088
64
1
3456
1152
64
1
3456
1216
64
1
3456
1280
64
1
3456
1344
64
1
3456
1408
64
1
3456
1472
64
1
3456
1536
64
1
3456
1600
64
1
3456
1664
64
1
3456
1728
64
1
3456
1792
64
1
3456
1856
64
1
3456
1920
64
1
3456
1984
64
1
68544
0
64
0
69568
64
64
0
70592
128
64
0
448
192
64
1
79808
256
64
0
80832
320
64
0
81856
384
64
0
82880
448
64
0
83904
512
64
0
84928
576
64
0
448
640
64
1
94144
704
64
0
95168
768
64
0
96192
832
64
0
97216
896
64
0
98240
960
64
0
99264
1024
64
0
3520
1088
64
1
3520
1152
64
1
3520
1216
64
1
3520
1280
64
1
3520
1344
64
1
3520
1408
64
1
3520
1472
64
1
3520
1536
64
1
3520
1600
64
1
3520
1664
64
1
3520
1728
64
1
3520
1792
64
1
3520
1856
64
1
3520
1920
64
1
3520
1984
64
1
68608
0
64
0
69632
64
64
0
70656
128
64
0
78848
192
64
0
79872
256
64
0
80896
320
64
0
81920
384
64
0
82944
448
64
0
83968
512
64
0
84992
576
64
0
93184
640
64
0
94208
704
64
0
95232
768
64
0
96256
832
64
0
97280
896
64
0
98304
960
64
0
99328
1024
64
0
3584
1088
64
1
3584
1152
64
1
3584
1216
64
1
3584
1280
64
1
3584
1344
64
1
3584
1408
64
1
3584
1472
64
1
3584
1536
64
1
3584
1600
64
1
3584
1664
64
1
3584
1728
64
1
3584
1792
64
1
3584
1856
64
1
3584
1920
64
1
3584
1984
64
1
68672
0
64
0
69696
64
64
0
70720
128
64
0
78912
192
64
0
79936
256
64
0
80960
320
64
0
81984
384
64
0
83008
448
64
0
84032
512
64
0
85056
576
64
0
93248
640
64
0
94272
704
64
0
95296
768
64
0
96320
832
64
0
97344
896
64
0
98368
960
64
0
99392
1024
64
0
3648
1088
64
1
3648
1152
64
1
3648
1216
64
1
3648
1280
64
1
3648
1344
64
1
3648
1408
64
1
3648
1472
64
1
3648
1536
64
1
3648
1600
64
1
3648
1664
64
1
3648
1728
64
1
3648
1792
64
1
3648
1856
64
1
3648
1920
64
1
3648
1984
64
1
68736
0
64
0
69760
64
64
0
70784
128
64
0
78976
192
64
0
80000
256
64
0
81024
320
64
0
82048
384
64
0
83072
448
64
0
84096
512
64
0
85120
576
64
0
93312
640
64
0
94336
704
64
0
95360
768
64
0
96384
832
64
0
97408
896
64
0
98432
960
64
0
99456
1024
64
0
3712
1088
64
1
3712
1152
64
1
3712
1216
64
1
3712
1280
64
1
3712
1344
64
1
3712
1408
64
1
3712
1472
64
1
3712
1536
64
1
3712
1600
64
1
3712
1664
64
1
3712
1728
64
1
3712
1792
64
1
3712
1856
64
1
3712
1920
64
1
3712
1984
64
1
68800
0
64
0
69824
64
64
0
70848
128
64
0
79040
192
64
0
80064
256
64
0
81088
320
64
0
82112
384
64
0
83136
448
64
0
84160
512
64
0
85184
576
64
0
93376
640
64
0
94400
704
64
0
95424
768
64
0
96448
832
64
0
97472
896
64
0
98496
960
64
0
99520
1024
64
0
3776
1088
64
1
3776
1152
64
1
3776
1216
64
1
3776
1280
64
1
3776
1344
64
1
3776
1408
64
1
3776
1472
64
1
3776
1536
64
1
3776
1600
64
1
3776
1664
64
1
3776
1728
64
1
3776
1792
64
1
3776
1856
64
1
3776
1920
64
1
3776
1984
64
1
68864
0
64
0
69888
64
64
0
70912
128
64
0
79104
192
64
0
80128
256
64
0
81152
320
64
0
82176
384
64
0
83200
448
64
0
84224
512
64
0
85248
576
64
0
93440
640
64
0
94464
704
64
0
95488
768
64
0
96512
832
64
0
97536
896
64
0
98560
960
64
0
99584
1024
64
0
3840
1088
64
1
3840
1152
64
1
3840
1216
64
1
3840
1280
64
1
3840
1344
64
1
3840
1408
64
1
3840
1472
64
1
3840
1536
64
1
3840
1600
64
1
3840
1664
64
1
3840
1728
64
1
3840
1792
64
1
3840
1856
64
1
3840
1920
64
1
3840
1984
64
1
68928
0
64
0
69952
64
64
0
70976
128
64
0
79168
192
64
0
80192
256
64
0
81216
320
64
0
82240
384
64
0
83264
448
64
0
84288
512
64
0
85312
576
64
0
93504
640
64
0
94528
704
64
0
95552
768
64
0
96576
832
64
0
97600
896
64
0
98624
960
64
0
99648
1024
64
0
3904
1088
64
1
3904
1152
64
1
3904
1216
64
1
3904
1280
64
1
3904
1344
64
1
3904
1408
64
1
3904
1472
64
1
3904
1536
64
1
3904
1600
64
1
3904
1664
64
1
3904
1728
64
1
3904
1792
64
1
3904
1856
64
1
3904
1920
64
1
3904
1984
64
1
68992
0
64
0
70016
64
64
0
71040
128
64
0
79232
192
64
0
80256
256
64
0
81280
320
64
0
82304
384
64
0
83328
448
64
0
84352
512
64
0
85376
576
64
0
93568
640
64
0
94592
704
64
0
95616
768
64
0
96640
832
64
0
97664
896
64
0
98688
960
64
0
99712
1024
64
0
3968
1088
64
1
3968
1152
64
1
3968
1216
64
1
3968
1280
64
1
3968
1344
64
1
3968
1408
64
1
3968
1472
64
1
3968
1536
64
1
3968
1600
64
1
3968
1664
64
1
3968
1728
64
1
3968
1792
64
1
3968
1856
64
1
3968
1920
64
1
3968
1984
64
1
69056
0
64
0
70080
64
64
0
71104
128
64
0
79296
192
64
0
80320
256
64
0
81344
320
64
0
82368
384
64
0
83392
448
64
0
84416
512
64
0
85440
576
64
0
93632
640
64
0
94656
704
64
0
95680
768
64
0
96704
832
64
0
97728
896
64
0
98752
960
64
0
99776
1024
64
0
4032
1088
64
1
4032
1152
64
1
4032
1216
64
1
4032
1280
64
1
4032
1344
64
1
4032
1408
64
1
4032
1472
64
1
4032
1536
64
1
4032
1600
64
1
4032
1664
64
1
4032
1728
64
1
4032
1792
64
1
4032
1856
64
1
4032
1920
64
1
4032
1984
64
1
69120
0
64
0
70144
64
64
0
71168
128
64
0
79360
192
64
0
80384
256
64
0
81408
320
64
0
82432
384
64
0
83456
448
64
0
84480
512
64
0
85504
576
64
0
93696
640
64
0
94720
704
64
0
95744
768
64
0
96768
832
64
0
97792
896
64
0
98816
960
64
0
99840
1024
64
0
4096
1088
64
1
4096
1152
64
1
4096
1216
64
1
4096
1280
64
1
4096
1344
64
1
4096
1408
64
1
4096
1472
64
1
4096
1536
64
1
4096
1600
64
1
4096
1664
64
1
4096
1728
64
1
4096
1792
64
1
4096
1856
64
1
4096
1920
64
1
4096
1984
64
1
69184
0
64
0
70208
64
64
0
71232
128
64
0
79424
192
64
0
80448
256
64
0
81472
320
64
0
82496
384
64
0
83520
448
64
0
84544
512
64
0
85568
576
64
0
93760
640
64
0
94784
704
64
0
95808
768
64
0
96832
832
64
0
97856
896
64
0
98880
960
64
0
99904
1024
64
0
4160
1088
64
1
4160
1152
64
1
4160
1216
64
1
4160
1280
64
1
4160
1344
64
1
4160
1408
64
1
4160
1472
64
1
4160
1536
64
1
4160
1600
64
1
4160
1664
64
1
4160
1728
64
1
4160
1792
64
1
4160
1856
64
1
4160
1920
64
1
4160
1984
64
1
69248
0
64
0
70272
64
64
0
71296
128
64
0
79488
192
64
0
80512
256
64
0
81536
320
64
0
82560
384
64
0
83584
448
64
0
84608
512
64
0
85632
576
64
0
93824
640
64
0
94848
704
64
0
95872
768
64
0
96896
832
64
0
97920
896
64
0
98944
960
64
0
99968
1024
64
0
4224
1088
64
1
4224
1152
64
1
4224
1216
64
1
4224
1280
64
1
4224
1344
64
1
4224
1408
64
1
4224
1472
64
1
4224
1536
64
1
4224
1600
64
1
4224
1664
64
1
4224
1728
64
1
4224
1792
64
1
4224
1856
64
1
4224
1920
64
1
4224
1984
64
1
69312
0
64
0
70336
64
64
0
71360
128
64
0
79552
192
64
0
80576
256
64
0
81600
320
64
0
82624
384
64
0
83648
448
64
0
84672
512
64
0
85696
576
64
0
93888
640
64
0
94912
704
64
0
95936
768
64
0
96960
832
64
0
97984
896
64
0
99008
960
64
0
100032
1024
64
0
4288
1088
64
1
4288
1152
64
1
4288
1216
64
1
4288
1280
64
1
4288
1344
64
1
4288
1408
64
1
4288
1472
64
1
4288
1536
64
1
4288
1600
64
1
4288
1664
64
1
4288
1728
64
1
4288
1792
64
1
4288
1856
64
1
4288
1920
64
1
4288
1984
64
1
69376
0
64
0
70400
64
64
0
71424
128
64
0
79616
192
64
0
80640
256
64
0
81664
320
64
0
82688
384
64
0
83712
448
64
0
84736
512
64
0
85760
576
64
0
93952
640
64
0
94976
704
64
0
96000
768
64
0
97024
832
64
0
98048
896
64
0
99072
960
64
0
100096
1024
64
0
4352
1088
64
1
4352
1152
64
1
4352
1216
64
1
4352
1280
64
1
4352
1344
64
1
4352
1408
64
1
4352
1472
64
1
4352
1536
64
1
4352
1600
64
1
4352
1664
64
1
4352
1728
64
1
4352
1792
64
1
4352
1856
64
1
4352
1920
64
1
4352
1984
64
1
69440
0
64
0
70464
64
64
0
71488
128
64
0
79680
192
64
0
80704
256
64
0
81728
320
64
0
82752
384
64
0
83776
448
64
0
84800
512
64
0
85824
576
64
0
94016
640
64
0
95040
704
64
0
96064
768
64
0
97088
832
64
0
98112
896
64
0
99136
960
64
0
100160
1024
64
0
4416
1088
64
1
4416
1152
64
1
4416
1216
64
1
4416
1280
64
1
4416
1344
64
1
4416
1408
64
1
4416
1472
64
1
4416
1536
64
1
4416
1600
64
1
4416
1664
64
1
4416
1728
64
1
4416
1792
64
1
4416
1856
64
1
4416
1920
64
1
4416
1984
64
1
69504
0
64
0
70528
64
64
0
71552
128
64
0
79744
192
64
0
80768
256
64
0
81792
320
64
0
82816
384
64
0
83840
448
64
0
84864
512
64
0
85888
576
64
0
94080
640
64
0
95104
704
64
0
96128
768
64
0
97152
832
64
0
98176
896
64
0
99200
960
64
0
100224
1024
64
0
4480
1088
64
1
4480
1152
64
1
4480
1216
64
1
4480
1280
64
1
4480
1344
64
1
4480
1408
64
1
4480
1472
64
1
4480
1536
64
1
4480
1600
64
1
4480
1664
64
1
4480
1728
64
1
4480
1792
64
1
4480
1856
64
1
4480
1920
64
1
4480
1984
64
1
69568
0
64
0
70592
64
64
0
71616
128
64
0
79808
192
64
0
80832
256
64
0
81856
320
64
0
82880
384
64
0
83904
448
64
0
84928
512
64
0
85952
576
64
0
94144
640
64
0
95168
704
64
0
96192
768
64
0
97216
832
64
0
98240
896
64
0
99264
960
64
0
100288
1024
64
0
4544
1088
64
1
4544
1152
64
1
4544
1216
64
1
4544
1280
64
1
4544
1344
64
1
4544
1408
64
1
4544
1472
64
1
4544
1536
64
1
4544
1600
64
1
4544
1664
64
1
4544
1728
64
1
4544
1792
64
1
4544
1856
64
1
4544
1920
64
1
4544
1984
64
1
