0
0
64
0
256
64
64
0
512
128
64
0
1792
192
64
0
2048
256
64
0
2304
320
64
0
3584
384
64
0
3840
448
64
0
4096
512
64
0
0
576
64
1
0
640
64
1
0
704
64
1
0
768
64
1
0
832
64
1
0
896
64
1
0
960
64
1
0
1024
64
1
0
1088
64
1
0
1152
64
1
0
1216
64
1
0
1280
64
1
0
1344
64
1
0
1408
64
1
0
1472
64
1
0
1536
64
1
0
1600
64
1
0
1664
64
1
0
1728
64
1
0
1792
64
1
0
1856
64
1
0
1920
64
1
0
1984
64
1
64
0
64
0
320
64
64
0
576
128
64
0
1856
192
64
0
2112
256
64
0
2368
320
64
0
3648
384
64
0
3904
448
64
0
4160
512
64
0
64
576
64
1
64
640
64
1
64
704
64
1
64
768
64
1
64
832
64
1
64
896
64
1
64
960
64
1
64
1024
64
1
64
1088
64
1
64
1152
64
1
64
1216
64
1
64
1280
64
1
64
1344
64
1
64
1408
64
1
64
1472
64
1
64
1536
64
1
64
1600
64
1
64
1664
64
1
64
1728
64
1
64
1792
64
1
64
1856
64
1
64
1920
64
1
64
1984
64
1
128
0
64
0
384
64
64
0
640
128
64
0
1920
192
64
0
2176
256
64
0
2432
320
64
0
3712
384
64
0
3968
448
64
0
4224
512
64
0
128
576
64
1
128
640
64
1
128
704
64
1
128
768
64
1
128
832
64
1
128
896
64
1
128
960
64
1
128
1024
64
1
128
1088
64
1
128
1152
64
1
128
1216
64
1
128
1280
64
1
128
1344
64
1
128
1408
64
1
128
1472
64
1
128
1536
64
1
128
1600
64
1
128
1664
64
1
128
1728
64
1
128
1792
64
1
128
1856
64
1
128
1920
64
1
128
1984
64
1
192
0
64
0
448
64
64
0
704
128
64
0
1984
192
64
0
2240
256
64
0
2496
320
64
0
3776
384
64
0
4032
448
64
0
4288
512
64
0
192
576
64
1
192
640
64
1
192
704
64
1
192
768
64
1
192
832
64
1
192
896
64
1
192
960
64
1
192
1024
64
1
192
1088
64
1
192
1152
64
1
192
1216
64
1
192
1280
64
1
192
1344
64
1
192
1408
64
1
192
1472
64
1
192
1536
64
1
192
1600
64
1
192
1664
64
1
192
1728
64
1
192
1792
64
1
192
1856
64
1
192
1920
64
1
192
1984
64
1
256
0
64
0
512
64
64
0
768
128
64
0
2048
192
64
0
2304
256
64
0
2560
320
64
0
3840
384
64
0
4096
448
64
0
4352
512
64
0
256
576
64
1
256
640
64
1
256
704
64
1
256
768
64
1
256
832
64
1
256
896
64
1
256
960
64
1
256
1024
64
1
256
1088
64
1
256
1152
64
1
256
1216
64
1
256
1280
64
1
256
1344
64
1
256
1408
64
1
256
1472
64
1
256
1536
64
1
256
1600
64
1
256
1664
64
1
256
1728
64
1
256
1792
64
1
256
1856
64
1
256
1920
64
1
256
1984
64
1
320
0
64
0
576
64
64
0
832
128
64
0
2112
192
64
0
2368
256
64
0
2624
320
64
0
3904
384
64
0
4160
448
64
0
4416
512
64
0
320
576
64
1
320
640
64
1
320
704
64
1
320
768
64
1
320
832
64
1
320
896
64
1
320
960
64
1
320
1024
64
1
320
1088
64
1
320
1152
64
1
320
1216
64
1
320
1280
64
1
320
1344
64
1
320
1408
64
1
320
1472
64
1
320
1536
64
1
320
1600
64
1
320
1664
64
1
320
1728
64
1
320
1792
64
1
320
1856
64
1
320
1920
64
1
320
1984
64
1
896
0
64
0
1152
64
64
0
1408
128
64
0
2688
192
64
0
2944
256
64
0
3200
320
64
0
4480
384
64
0
4736
448
64
0
4992
512
64
0
384
576
64
1
384
640
64
1
384
704
64
1
384
768
64
1
384
832
64
1
384
896
64
1
384
960
64
1
384
1024
64
1
384
1088
64
1
384
1152
64
1
384
1216
64
1
384
1280
64
1
384
1344
64
1
384
1408
64
1
384
1472
64
1
384
1536
64
1
384
1600
64
1
384
1664
64
1
384
1728
64
1
384
1792
64
1
384
1856
64
1
384
1920
64
1
384
1984
64
1
960
0
64
0
1216
64
64
0
1472
128
64
0
2752
192
64
0
3008
256
64
0
3264
320
64
0
4544
384
64
0
4800
448
64
0
5056
512
64
0
448
576
64
1
448
640
64
1
448
704
64
1
448
768
64
1
448
832
64
1
448
896
64
1
448
960
64
1
448
1024
64
1
448
1088
64
1
448
1152
64
1
448
1216
64
1
448
1280
64
1
448
1344
64
1
448
1408
64
1
448
1472
64
1
448
1536
64
1
448
1600
64
1
448
1664
64
1
448
1728
64
1
448
1792
64
1
448
1856
64
1
448
1920
64
1
448
1984
64
1
1024
0
64
0
1280
64
64
0
1536
128
64
0
2816
192
64
0
3072
256
64
0
3328
320
64
0
4608
384
64
0
4864
448
64
0
5120
512
64
0
512
576
64
1
512
640
64
1
512
704
64
1
512
768
64
1
512
832
64
1
512
896
64
1
512
960
64
1
512
1024
64
1
512
1088
64
1
512
1152
64
1
512
1216
64
1
512
1280
64
1
512
1344
64
1
512
1408
64
1
512
1472
64
1
512
1536
64
1
512
1600
64
1
512
1664
64
1
512
1728
64
1
512
1792
64
1
512
1856
64
1
512
1920
64
1
512
1984
64
1
1088
0
64
0
1344
64
64
0
1600
128
64
0
2880
192
64
0
3136
256
64
0
3392
320
64
0
4672
384
64
0
4928
448
64
0
5184
512
64
0
576
576
64
1
576
640
64
1
576
704
64
1
576
768
64
1
576
832
64
1
576
896
64
1
576
960
64
1
576
1024
64
1
576
1088
64
1
576
1152
64
1
576
1216
64
1
576
1280
64
1
576
1344
64
1
576
1408
64
1
576
1472
64
1
576
1536
64
1
576
1600
64
1
576
1664
64
1
576
1728
64
1
576
1792
64
1
576
1856
64
1
576
1920
64
1
576
1984
64
1
1152
0
64
0
1408
64
64
0
1664
128
64
0
2944
192
64
0
3200
256
64
0
3456
320
64
0
4736
384
64
0
4992
448
64
0
5248
512
64
0
640
576
64
1
640
640
64
1
640
704
64
1
640
768
64
1
640
832
64
1
640
896
64
1
640
960
64
1
640
1024
64
1
640
1088
64
1
640
1152
64
1
640
1216
64
1
640
1280
64
1
640
1344
64
1
640
1408
64
1
640
1472
64
1
640
1536
64
1
640
1600
64
1
640
1664
64
1
640
1728
64
1
640
1792
64
1
640
1856
64
1
640
1920
64
1
640
1984
64
1
1216
0
64
0
1472
64
64
0
1728
128
64
0
3008
192
64
0
3264
256
64
0
3520
320
64
0
4800
384
64
0
5056
448
64
0
5312
512
64
0
704
576
64
1
704
640
64
1
704
704
64
1
704
768
64
1
704
832
64
1
704
896
64
1
704
960
64
1
704
1024
64
1
704
1088
64
1
704
1152
64
1
704
1216
64
1
704
1280
64
1
704
1344
64
1
704
1408
64
1
704
1472
64
1
704
1536
64
1
704
1600
64
1
704
1664
64
1
704
1728
64
1
704
1792
64
1
704
1856
64
1
704
1920
64
1
704
1984
64
1
1792
0
64
0
2048
64
64
0
2304
128
64
0
3584
192
64
0
3840
256
64
0
4096
320
64
0
5376
384
64
0
5632
448
64
0
5888
512
64
0
768
576
64
1
768
640
64
1
768
704
64
1
768
768
64
1
768
832
64
1
768
896
64
1
768
960
64
1
768
1024
64
1
768
1088
64
1
768
1152
64
1
768
1216
64
1
768
1280
64
1
768
1344
64
1
768
1408
64
1
768
1472
64
1
768
1536
64
1
768
1600
64
1
768
1664
64
1
768
1728
64
1
768
1792
64
1
768
1856
64
1
768
1920
64
1
768
1984
64
1
1856
0
64
0
2112
64
64
0
2368
128
64
0
3648
192
64
0
3904
256
64
0
4160
320
64
0
5440
384
64
0
5696
448
64
0
5952
512
64
0
832
576
64
1
832
640
64
1
832
704
64
1
832
768
64
1
832
832
64
1
832
896
64
1
832
960
64
1
832
1024
64
1
832
1088
64
1
832
1152
64
1
832
1216
64
1
832
1280
64
1
832
1344
64
1
832
1408
64
1
832
1472
64
1
832
1536
64
1
832
1600
64
1
832
1664
64
1
832
1728
64
1
832
1792
64
1
832
1856
64
1
832
1920
64
1
832
1984
64
1
1920
0
64
0
2176
64
64
0
2432
128
64
0
3712
192
64
0
3968
256
64
0
4224
320
64
0
5504
384
64
0
5760
448
64
0
6016
512
64
0
896
576
64
1
896
640
64
1
896
704
64
1
896
768
64
1
896
832
64
1
896
896
64
1
896
960
64
1
896
1024
64
1
896
1088
64
1
896
1152
64
1
896
1216
64
1
896
1280
64
1
896
1344
64
1
896
1408
64
1
896
1472
64
1
896
1536
64
1
896
1600
64
1
896
1664
64
1
896
1728
64
1
896
1792
64
1
896
1856
64
1
896
1920
64
1
896
1984
64
1
1984
0
64
0
2240
64
64
0
2496
128
64
0
3776
192
64
0
4032
256
64
0
4288
320
64
0
5568
384
64
0
5824
448
64
0
6080
512
64
0
960
576
64
1
960
640
64
1
960
704
64
1
960
768
64
1
960
832
64
1
960
896
64
1
960
960
64
1
960
1024
64
1
960
1088
64
1
960
1152
64
1
960
1216
64
1
960
1280
64
1
960
1344
64
1
960
1408
64
1
960
1472
64
1
960
1536
64
1
960
1600
64
1
960
1664
64
1
960
1728
64
1
960
1792
64
1
960
1856
64
1
960
1920
64
1
960
1984
64
1
2048
0
64
0
2304
64
64
0
2560
128
64
0
3840
192
64
0
4096
256
64
0
4352
320
64
0
5632
384
64
0
5888
448
64
0
6144
512
64
0
1024
576
64
1
1024
640
64
1
1024
704
64
1
1024
768
64
1
1024
832
64
1
1024
896
64
1
1024
960
64
1
1024
1024
64
1
1024
1088
64
1
1024
1152
64
1
1024
1216
64
1
1024
1280
64
1
1024
1344
64
1
1024
1408
64
1
1024
1472
64
1
1024
1536
64
1
1024
1600
64
1
1024
1664
64
1
1024
1728
64
1
1024
1792
64
1
1024
1856
64
1
1024
1920
64
1
1024
1984
64
1
2112
0
64
0
2368
64
64
0
2624
128
64
0
3904
192
64
0
4160
256
64
0
4416
320
64
0
5696
384
64
0
5952
448
64
0
6208
512
64
0
1088
576
64
1
1088
640
64
1
1088
704
64
1
1088
768
64
1
1088
832
64
1
1088
896
64
1
1088
960
64
1
1088
1024
64
1
1088
1088
64
1
1088
1152
64
1
1088
1216
64
1
1088
1280
64
1
1088
1344
64
1
1088
1408
64
1
1088
1472
64
1
1088
1536
64
1
1088
1600
64
1
1088
1664
64
1
1088
1728
64
1
1088
1792
64
1
1088
1856
64
1
1088
1920
64
1
1088
1984
64
1
