0
0
64
1
0
64
64
1
0
128
64
1
0
192
64
1
0
256
64
1
0
320
64
1
0
384
64
1
0
448
64
1
0
512
64
0
64
576
64
0
128
640
64
0
192
704
64
0
256
768
64
0
0
832
64
1
0
896
64
1
320
960
64
0
384
1024
64
0
448
1088
64
0
512
1152
64
0
576
1216
64
0
0
1280
64
1
0
1344
64
1
640
1408
64
0
704
1472
64
0
768
1536
64
0
832
1600
64
0
896
1664
64
0
0
1728
64
1
0
1792
64
1
960
1856
64
0
1024
1920
64
0
1088
1984
64
0
1152
0
64
0
1216
64
64
0
0
128
64
1
0
192
64
1
1280
256
64
0
1344
320
64
0
1408
384
64
0
1472
448
64
0
1536
512
64
0
0
576
64
1
0
640
64
1
0
704
64
1
0
768
64
1
0
832
64
1
0
896
64
1
0
960
64
1
0
1024
64
1
0
1088
64
1
0
1152
64
1
0
1216
64
1
0
1280
64
1
0
1344
64
1
0
1408
64
1
0
1472
64
1
0
1536
64
1
0
1600
64
1
0
1664
64
1
0
1728
64
1
0
1792
64
1
0
1856
64
1
0
1920
64
1
0
1984
64
1
