0
0
64
1
0
64
64
1
0
128
64
1
0
192
64
1
0
256
64
1
0
320
64
1
1280
384
64
0
1536
448
64
0
1792
512
64
0
2048
576
64
0
0
640
64
1
3584
704
64
0
3840
768
64
0
4096
832
64
0
4352
896
64
0
0
960
64
1
5888
1024
64
0
6144
1088
64
0
6400
1152
64
0
6656
1216
64
0
0
1280
64
1
8192
1344
64
0
8448
1408
64
0
8704
1472
64
0
8960
1536
64
0
0
1600
64
1
0
1664
64
1
0
1728
64
1
0
1792
64
1
0
1856
64
1
0
1920
64
1
0
1984
64
1
64
0
64
1
64
64
64
1
64
128
64
1
64
192
64
1
64
256
64
1
64
320
64
1
1344
384
64
0
1600
448
64
0
1856
512
64
0
2112
576
64
0
64
640
64
1
3648
704
64
0
3904
768
64
0
4160
832
64
0
4416
896
64
0
64
960
64
1
5952
1024
64
0
6208
1088
64
0
6464
1152
64
0
6720
1216
64
0
64
1280
64
1
8256
1344
64
0
8512
1408
64
0
8768
1472
64
0
9024
1536
64
0
64
1600
64
1
64
1664
64
1
64
1728
64
1
64
1792
64
1
64
1856
64
1
64
1920
64
1
64
1984
64
1
0
0
64
1
0
64
64
1
0
128
64
1
0
192
64
1
0
256
64
1
1152
320
64
0
1408
384
64
0
1664
448
64
0
1920
512
64
0
2176
576
64
0
3456
640
64
0
3712
704
64
0
3968
768
64
0
4224
832
64
0
4480
896
64
0
5760
960
64
0
6016
1024
64
0
6272
1088
64
0
6528
1152
64
0
6784
1216
64
0
8064
1280
64
0
8320
1344
64
0
8576
1408
64
0
8832
1472
64
0
9088
1536
64
0
128
1600
64
1
128
1664
64
1
128
1728
64
1
128
1792
64
1
128
1856
64
1
128
1920
64
1
128
1984
64
1
64
0
64
1
64
64
64
1
64
128
64
1
64
192
64
1
64
256
64
1
1216
320
64
0
1472
384
64
0
1728
448
64
0
1984
512
64
0
2240
576
64
0
3520
640
64
0
3776
704
64
0
4032
768
64
0
4288
832
64
0
4544
896
64
0
5824
960
64
0
6080
1024
64
0
6336
1088
64
0
6592
1152
64
0
6848
1216
64
0
8128
1280
64
0
8384
1344
64
0
8640
1408
64
0
8896
1472
64
0
9152
1536
64
0
192
1600
64
1
192
1664
64
1
192
1728
64
1
192
1792
64
1
192
1856
64
1
192
1920
64
1
192
1984
64
1
0
0
64
1
0
64
64
1
0
128
64
1
0
192
64
1
0
256
64
1
1280
320
64
0
1536
384
64
0
1792
448
64
0
2048
512
64
0
0
576
64
1
3584
640
64
0
3840
704
64
0
4096
768
64
0
4352
832
64
0
0
896
64
1
5888
960
64
0
6144
1024
64
0
6400
1088
64
0
6656
1152
64
0
0
1216
64
1
8192
1280
64
0
8448
1344
64
0
8704
1408
64
0
8960
1472
64
0
0
1536
64
1
256
1600
64
1
256
1664
64
1
256
1728
64
1
256
1792
64
1
256
1856
64
1
256
1920
64
1
256
1984
64
1
64
0
64
1
64
64
64
1
64
128
64
1
64
192
64
1
64
256
64
1
1344
320
64
0
1600
384
64
0
1856
448
64
0
2112
512
64
0
64
576
64
1
3648
640
64
0
3904
704
64
0
4160
768
64
0
4416
832
64
0
64
896
64
1
5952
960
64
0
6208
1024
64
0
6464
1088
64
0
6720
1152
64
0
64
1216
64
1
8256
1280
64
0
8512
1344
64
0
8768
1408
64
0
9024
1472
64
0
64
1536
64
1
320
1600
64
1
320
1664
64
1
320
1728
64
1
320
1792
64
1
320
1856
64
1
320
1920
64
1
320
1984
64
1
0
0
64
1
128
64
64
0
384
128
64
0
640
192
64
0
896
256
64
0
0
320
64
1
2432
384
64
0
2688
448
64
0
2944
512
64
0
3200
576
64
0
0
640
64
1
4736
704
64
0
4992
768
64
0
5248
832
64
0
5504
896
64
0
0
960
64
1
7040
1024
64
0
7296
1088
64
0
7552
1152
64
0
7808
1216
64
0
0
1280
64
1
9344
1344
64
0
9600
1408
64
0
9856
1472
64
0
10112
1536
64
0
384
1600
64
1
384
1664
64
1
384
1728
64
1
384
1792
64
1
384
1856
64
1
384
1920
64
1
384
1984
64
1
64
0
64
1
192
64
64
0
448
128
64
0
704
192
64
0
960
256
64
0
64
320
64
1
2496
384
64
0
2752
448
64
0
3008
512
64
0
3264
576
64
0
64
640
64
1
4800
704
64
0
5056
768
64
0
5312
832
64
0
5568
896
64
0
64
960
64
1
7104
1024
64
0
7360
1088
64
0
7616
1152
64
0
7872
1216
64
0
64
1280
64
1
9408
1344
64
0
9664
1408
64
0
9920
1472
64
0
10176
1536
64
0
448
1600
64
1
448
1664
64
1
448
1728
64
1
448
1792
64
1
448
1856
64
1
448
1920
64
1
448
1984
64
1
0
0
64
0
256
64
64
0
512
128
64
0
768
192
64
0
1024
256
64
0
2304
320
64
0
2560
384
64
0
2816
448
64
0
3072
512
64
0
3328
576
64
0
4608
640
64
0
4864
704
64
0
5120
768
64
0
5376
832
64
0
5632
896
64
0
6912
960
64
0
7168
1024
64
0
7424
1088
64
0
7680
1152
64
0
7936
1216
64
0
9216
1280
64
0
9472
1344
64
0
9728
1408
64
0
9984
1472
64
0
10240
1536
64
0
512
1600
64
1
512
1664
64
1
512
1728
64
1
512
1792
64
1
512
1856
64
1
512
1920
64
1
512
1984
64
1
64
0
64
0
320
64
64
0
576
128
64
0
832
192
64
0
1088
256
64
0
2368
320
64
0
2624
384
64
0
2880
448
64
0
3136
512
64
0
3392
576
64
0
4672
640
64
0
4928
704
64
0
5184
768
64
0
5440
832
64
0
5696
896
64
0
6976
960
64
0
7232
1024
64
0
7488
1088
64
0
7744
1152
64
0
8000
1216
64
0
9280
1280
64
0
9536
1344
64
0
9792
1408
64
0
10048
1472
64
0
10304
1536
64
0
576
1600
64
1
576
1664
64
1
576
1728
64
1
576
1792
64
1
576
1856
64
1
576
1920
64
1
576
1984
64
1
128
0
64
0
384
64
64
0
640
128
64
0
896
192
64
0
0
256
64
1
2432
320
64
0
2688
384
64
0
2944
448
64
0
3200
512
64
0
0
576
64
1
4736
640
64
0
4992
704
64
0
5248
768
64
0
5504
832
64
0
0
896
64
1
7040
960
64
0
7296
1024
64
0
7552
1088
64
0
7808
1152
64
0
0
1216
64
1
9344
1280
64
0
9600
1344
64
0
9856
1408
64
0
10112
1472
64
0
0
1536
64
1
640
1600
64
1
640
1664
64
1
640
1728
64
1
640
1792
64
1
640
1856
64
1
640
1920
64
1
640
1984
64
1
192
0
64
0
448
64
64
0
704
128
64
0
960
192
64
0
64
256
64
1
2496
320
64
0
2752
384
64
0
3008
448
64
0
3264
512
64
0
64
576
64
1
4800
640
64
0
5056
704
64
0
5312
768
64
0
5568
832
64
0
64
896
64
1
7104
960
64
0
7360
1024
64
0
7616
1088
64
0
7872
1152
64
0
64
1216
64
1
9408
1280
64
0
9664
1344
64
0
9920
1408
64
0
10176
1472
64
0
64
1536
64
1
704
1600
64
1
704
1664
64
1
704
1728
64
1
704
1792
64
1
704
1856
64
1
704
1920
64
1
704
1984
64
1
0
0
64
1
1280
64
64
0
1536
128
64
0
1792
192
64
0
2048
256
64
0
0
320
64
1
3584
384
64
0
3840
448
64
0
4096
512
64
0
4352
576
64
0
0
640
64
1
5888
704
64
0
6144
768
64
0
6400
832
64
0
6656
896
64
0
0
960
64
1
8192
1024
64
0
8448
1088
64
0
8704
1152
64
0
8960
1216
64
0
0
1280
64
1
0
1344
64
1
0
1408
64
1
0
1472
64
1
0
1536
64
1
768
1600
64
1
768
1664
64
1
768
1728
64
1
768
1792
64
1
768
1856
64
1
768
1920
64
1
768
1984
64
1
64
0
64
1
1344
64
64
0
1600
128
64
0
1856
192
64
0
2112
256
64
0
64
320
64
1
3648
384
64
0
3904
448
64
0
4160
512
64
0
4416
576
64
0
64
640
64
1
5952
704
64
0
6208
768
64
0
6464
832
64
0
6720
896
64
0
64
960
64
1
8256
1024
64
0
8512
1088
64
0
8768
1152
64
0
9024
1216
64
0
64
1280
64
1
64
1344
64
1
64
1408
64
1
64
1472
64
1
64
1536
64
1
832
1600
64
1
832
1664
64
1
832
1728
64
1
832
1792
64
1
832
1856
64
1
832
1920
64
1
832
1984
64
1
1152
0
64
0
1408
64
64
0
1664
128
64
0
1920
192
64
0
2176
256
64
0
3456
320
64
0
3712
384
64
0
3968
448
64
0
4224
512
64
0
4480
576
64
0
5760
640
64
0
6016
704
64
0
6272
768
64
0
6528
832
64
0
6784
896
64
0
8064
960
64
0
8320
1024
64
0
8576
1088
64
0
8832
1152
64
0
9088
1216
64
0
0
1280
64
1
0
1344
64
1
0
1408
64
1
0
1472
64
1
0
1536
64
1
896
1600
64
1
896
1664
64
1
896
1728
64
1
896
1792
64
1
896
1856
64
1
896
1920
64
1
896
1984
64
1
1216
0
64
0
1472
64
64
0
1728
128
64
0
1984
192
64
0
2240
256
64
0
3520
320
64
0
3776
384
64
0
4032
448
64
0
4288
512
64
0
4544
576
64
0
5824
640
64
0
6080
704
64
0
6336
768
64
0
6592
832
64
0
6848
896
64
0
8128
960
64
0
8384
1024
64
0
8640
1088
64
0
8896
1152
64
0
9152
1216
64
0
64
1280
64
1
64
1344
64
1
64
1408
64
1
64
1472
64
1
64
1536
64
1
960
1600
64
1
960
1664
64
1
960
1728
64
1
960
1792
64
1
960
1856
64
1
960
1920
64
1
960
1984
64
1
1280
0
64
0
1536
64
64
0
1792
128
64
0
2048
192
64
0
0
256
64
1
3584
320
64
0
3840
384
64
0
4096
448
64
0
4352
512
64
0
0
576
64
1
5888
640
64
0
6144
704
64
0
6400
768
64
0
6656
832
64
0
0
896
64
1
8192
960
64
0
8448
1024
64
0
8704
1088
64
0
8960
1152
64
0
0
1216
64
1
0
1280
64
1
0
1344
64
1
0
1408
64
1
0
1472
64
1
0
1536
64
1
1024
1600
64
1
1024
1664
64
1
1024
1728
64
1
1024
1792
64
1
1024
1856
64
1
1024
1920
64
1
1024
1984
64
1
1344
0
64
0
1600
64
64
0
1856
128
64
0
2112
192
64
0
64
256
64
1
3648
320
64
0
3904
384
64
0
4160
448
64
0
4416
512
64
0
64
576
64
1
5952
640
64
0
6208
704
64
0
6464
768
64
0
6720
832
64
0
64
896
64
1
8256
960
64
0
8512
1024
64
0
8768
1088
64
0
9024
1152
64
0
64
1216
64
1
64
1280
64
1
64
1344
64
1
64
1408
64
1
64
1472
64
1
64
1536
64
1
1088
1600
64
1
1088
1664
64
1
1088
1728
64
1
1088
1792
64
1
1088
1856
64
1
1088
1920
64
1
1088
1984
64
1
