0
0
64
0
128
64
64
0
256
128
64
0
384
192
64
0
1280
256
64
0
1408
320
64
0
1536
384
64
0
1664
448
64
0
2560
512
64
0
2688
576
64
0
2816
640
64
0
2944
704
64
0
3840
768
64
0
3968
832
64
0
4096
896
64
0
4224
960
64
0
0
1024
64
1
0
1088
64
1
0
1152
64
1
0
1216
64
1
0
1280
64
1
0
1344
64
1
0
1408
64
1
0
1472
64
1
0
1536
64
1
0
1600
64
1
0
1664
64
1
0
1728
64
1
0
1792
64
1
0
1856
64
1
0
1920
64
1
0
1984
64
1
64
0
64
0
192
64
64
0
320
128
64
0
448
192
64
0
1344
256
64
0
1472
320
64
0
1600
384
64
0
1728
448
64
0
2624
512
64
0
2752
576
64
0
2880
640
64
0
3008
704
64
0
3904
768
64
0
4032
832
64
0
4160
896
64
0
4288
960
64
0
64
1024
64
1
64
1088
64
1
64
1152
64
1
64
1216
64
1
64
1280
64
1
64
1344
64
1
64
1408
64
1
64
1472
64
1
64
1536
64
1
64
1600
64
1
64
1664
64
1
64
1728
64
1
64
1792
64
1
64
1856
64
1
64
1920
64
1
64
1984
64
1
128
0
64
0
256
64
64
0
384
128
64
0
512
192
64
0
1408
256
64
0
1536
320
64
0
1664
384
64
0
1792
448
64
0
2688
512
64
0
2816
576
64
0
2944
640
64
0
3072
704
64
0
3968
768
64
0
4096
832
64
0
4224
896
64
0
4352
960
64
0
128
1024
64
1
128
1088
64
1
128
1152
64
1
128
1216
64
1
128
1280
64
1
128
1344
64
1
128
1408
64
1
128
1472
64
1
128
1536
64
1
128
1600
64
1
128
1664
64
1
128
1728
64
1
128
1792
64
1
128
1856
64
1
128
1920
64
1
128
1984
64
1
640
0
64
0
768
64
64
0
896
128
64
0
1024
192
64
0
1920
256
64
0
2048
320
64
0
2176
384
64
0
2304
448
64
0
3200
512
64
0
3328
576
64
0
3456
640
64
0
3584
704
64
0
4480
768
64
0
4608
832
64
0
4736
896
64
0
4864
960
64
0
192
1024
64
1
192
1088
64
1
192
1152
64
1
192
1216
64
1
192
1280
64
1
192
1344
64
1
192
1408
64
1
192
1472
64
1
192
1536
64
1
192
1600
64
1
192
1664
64
1
192
1728
64
1
192
1792
64
1
192
1856
64
1
192
1920
64
1
192
1984
64
1
704
0
64
0
832
64
64
0
960
128
64
0
1088
192
64
0
1984
256
64
0
2112
320
64
0
2240
384
64
0
2368
448
64
0
3264
512
64
0
3392
576
64
0
3520
640
64
0
3648
704
64
0
4544
768
64
0
4672
832
64
0
4800
896
64
0
4928
960
64
0
256
1024
64
1
256
1088
64
1
256
1152
64
1
256
1216
64
1
256
1280
64
1
256
1344
64
1
256
1408
64
1
256
1472
64
1
256
1536
64
1
256
1600
64
1
256
1664
64
1
256
1728
64
1
256
1792
64
1
256
1856
64
1
256
1920
64
1
256
1984
64
1
768
0
64
0
896
64
64
0
1024
128
64
0
1152
192
64
0
2048
256
64
0
2176
320
64
0
2304
384
64
0
2432
448
64
0
3328
512
64
0
3456
576
64
0
3584
640
64
0
3712
704
64
0
4608
768
64
0
4736
832
64
0
4864
896
64
0
4992
960
64
0
320
1024
64
1
320
1088
64
1
320
1152
64
1
320
1216
64
1
320
1280
64
1
320
1344
64
1
320
1408
64
1
320
1472
64
1
320
1536
64
1
320
1600
64
1
320
1664
64
1
320
1728
64
1
320
1792
64
1
320
1856
64
1
320
1920
64
1
320
1984
64
1
1280
0
64
0
1408
64
64
0
1536
128
64
0
1664
192
64
0
2560
256
64
0
2688
320
64
0
2816
384
64
0
2944
448
64
0
3840
512
64
0
3968
576
64
0
4096
640
64
0
4224
704
64
0
5120
768
64
0
5248
832
64
0
5376
896
64
0
5504
960
64
0
384
1024
64
1
384
1088
64
1
384
1152
64
1
384
1216
64
1
384
1280
64
1
384
1344
64
1
384
1408
64
1
384
1472
64
1
384
1536
64
1
384
1600
64
1
384
1664
64
1
384
1728
64
1
384
1792
64
1
384
1856
64
1
384
1920
64
1
384
1984
64
1
1344
0
64
0
1472
64
64
0
1600
128
64
0
1728
192
64
0
2624
256
64
0
2752
320
64
0
2880
384
64
0
3008
448
64
0
3904
512
64
0
4032
576
64
0
4160
640
64
0
4288
704
64
0
5184
768
64
0
5312
832
64
0
5440
896
64
0
5568
960
64
0
448
1024
64
1
448
1088
64
1
448
1152
64
1
448
1216
64
1
448
1280
64
1
448
1344
64
1
448
1408
64
1
448
1472
64
1
448
1536
64
1
448
1600
64
1
448
1664
64
1
448
1728
64
1
448
1792
64
1
448
1856
64
1
448
1920
64
1
448
1984
64
1
1408
0
64
0
1536
64
64
0
1664
128
64
0
1792
192
64
0
2688
256
64
0
2816
320
64
0
2944
384
64
0
3072
448
64
0
3968
512
64
0
4096
576
64
0
4224
640
64
0
4352
704
64
0
5248
768
64
0
5376
832
64
0
5504
896
64
0
5632
960
64
0
512
1024
64
1
512
1088
64
1
512
1152
64
1
512
1216
64
1
512
1280
64
1
512
1344
64
1
512
1408
64
1
512
1472
64
1
512
1536
64
1
512
1600
64
1
512
1664
64
1
512
1728
64
1
512
1792
64
1
512
1856
64
1
512
1920
64
1
512
1984
64
1
