0
0
64
1
0
64
64
1
0
128
64
1
0
192
64
1
0
256
64
1
0
320
64
1
0
384
64
1
0
448
64
1
0
512
64
1
0
576
64
1
0
640
64
1
0
704
64
1
0
768
64
1
0
832
64
1
0
896
64
1
0
960
64
1
704
1024
64
0
832
1088
64
0
960
1152
64
0
1088
1216
64
0
1216
1280
64
0
0
1344
64
1
0
1408
64
1
1984
1472
64
0
2112
1536
64
0
2240
1600
64
0
2368
1664
64
0
2496
1728
64
0
0
1792
64
1
0
1856
64
1
3264
1920
64
0
3392
1984
64
0
0
0
64
1
0
64
64
1
0
128
64
1
0
192
64
1
0
256
64
1
0
320
64
1
0
384
64
1
0
448
64
1
0
512
64
1
0
576
64
1
0
640
64
1
0
704
64
1
0
768
64
1
0
832
64
1
0
896
64
1
640
960
64
0
768
1024
64
0
896
1088
64
0
1024
1152
64
0
1152
1216
64
0
0
1280
64
1
0
1344
64
1
1920
1408
64
0
2048
1472
64
0
2176
1536
64
0
2304
1600
64
0
2432
1664
64
0
0
1728
64
1
0
1792
64
1
3200
1856
64
0
3328
1920
64
0
3456
1984
64
0
0
0
64
1
0
64
64
1
0
128
64
1
0
192
64
1
0
256
64
1
0
320
64
1
0
384
64
1
0
448
64
1
0
512
64
1
0
576
64
1
0
640
64
1
0
704
64
1
0
768
64
1
0
832
64
1
0
896
64
1
704
960
64
0
832
1024
64
0
960
1088
64
0
1088
1152
64
0
1216
1216
64
0
0
1280
64
1
0
1344
64
1
1984
1408
64
0
2112
1472
64
0
2240
1536
64
0
2368
1600
64
0
2496
1664
64
0
0
1728
64
1
0
1792
64
1
3264
1856
64
0
3392
1920
64
0
3520
1984
64
0
0
0
64
1
0
64
64
1
0
128
64
1
0
192
64
1
0
256
64
1
0
320
64
1
0
384
64
1
0
448
64
1
0
512
64
1
64
576
64
0
192
640
64
0
320
704
64
0
448
768
64
0
576
832
64
0
0
896
64
1
0
960
64
1
1344
1024
64
0
1472
1088
64
0
1600
1152
64
0
1728
1216
64
0
1856
1280
64
0
0
1344
64
1
0
1408
64
1
2624
1472
64
0
2752
1536
64
0
2880
1600
64
0
3008
1664
64
0
3136
1728
64
0
0
1792
64
1
0
1856
64
1
3904
1920
64
0
4032
1984
64
0
0
0
64
1
0
64
64
1
0
128
64
1
0
192
64
1
0
256
64
1
0
320
64
1
0
384
64
1
0
448
64
1
0
512
64
0
128
576
64
0
256
640
64
0
384
704
64
0
512
768
64
0
0
832
64
1
0
896
64
1
1280
960
64
0
1408
1024
64
0
1536
1088
64
0
1664
1152
64
0
1792
1216
64
0
0
1280
64
1
0
1344
64
1
2560
1408
64
0
2688
1472
64
0
2816
1536
64
0
2944
1600
64
0
3072
1664
64
0
0
1728
64
1
0
1792
64
1
3840
1856
64
0
3968
1920
64
0
4096
1984
64
0
0
0
64
1
0
64
64
1
0
128
64
1
0
192
64
1
0
256
64
1
0
320
64
1
0
384
64
1
0
448
64
1
64
512
64
0
192
576
64
0
320
640
64
0
448
704
64
0
576
768
64
0
0
832
64
1
0
896
64
1
1344
960
64
0
1472
1024
64
0
1600
1088
64
0
1728
1152
64
0
1856
1216
64
0
0
1280
64
1
0
1344
64
1
2624
1408
64
0
2752
1472
64
0
2880
1536
64
0
3008
1600
64
0
3136
1664
64
0
0
1728
64
1
0
1792
64
1
3904
1856
64
0
4032
1920
64
0
4160
1984
64
0
0
0
64
1
0
64
64
1
0
128
64
1
0
192
64
1
0
256
64
1
0
320
64
1
0
384
64
1
0
448
64
1
0
512
64
1
704
576
64
0
832
640
64
0
960
704
64
0
1088
768
64
0
1216
832
64
0
0
896
64
1
0
960
64
1
1984
1024
64
0
2112
1088
64
0
2240
1152
64
0
2368
1216
64
0
2496
1280
64
0
0
1344
64
1
0
1408
64
1
3264
1472
64
0
3392
1536
64
0
3520
1600
64
0
3648
1664
64
0
3776
1728
64
0
0
1792
64
1
0
1856
64
1
4544
1920
64
0
4672
1984
64
0
0
0
64
1
0
64
64
1
0
128
64
1
0
192
64
1
0
256
64
1
0
320
64
1
0
384
64
1
0
448
64
1
640
512
64
0
768
576
64
0
896
640
64
0
1024
704
64
0
1152
768
64
0
0
832
64
1
0
896
64
1
1920
960
64
0
2048
1024
64
0
2176
1088
64
0
2304
1152
64
0
2432
1216
64
0
0
1280
64
1
0
1344
64
1
3200
1408
64
0
3328
1472
64
0
3456
1536
64
0
3584
1600
64
0
3712
1664
64
0
0
1728
64
1
0
1792
64
1
4480
1856
64
0
4608
1920
64
0
4736
1984
64
0
0
0
64
1
0
64
64
1
0
128
64
1
0
192
64
1
0
256
64
1
0
320
64
1
0
384
64
1
0
448
64
1
704
512
64
0
832
576
64
0
960
640
64
0
1088
704
64
0
1216
768
64
0
0
832
64
1
0
896
64
1
1984
960
64
0
2112
1024
64
0
2240
1088
64
0
2368
1152
64
0
2496
1216
64
0
0
1280
64
1
0
1344
64
1
3264
1408
64
0
3392
1472
64
0
3520
1536
64
0
3648
1600
64
0
3776
1664
64
0
0
1728
64
1
0
1792
64
1
4544
1856
64
0
4672
1920
64
0
4800
1984
64
0
3520
0
64
0
3648
64
64
0
3776
128
64
0
0
192
64
1
0
256
64
1
4544
320
64
0
4672
384
64
0
4800
448
64
0
4928
512
64
0
5056
576
64
0
0
640
64
1
0
704
64
1
5824
768
64
0
5952
832
64
0
6080
896
64
0
6208
960
64
0
6336
1024
64
0
0
1088
64
1
0
1152
64
1
0
1216
64
1
0
1280
64
1
0
1344
64
1
0
1408
64
1
0
1472
64
1
0
1536
64
1
0
1600
64
1
0
1664
64
1
0
1728
64
1
0
1792
64
1
0
1856
64
1
0
1920
64
1
0
1984
64
1
3584
0
64
0
3712
64
64
0
0
128
64
1
0
192
64
1
4480
256
64
0
4608
320
64
0
4736
384
64
0
4864
448
64
0
4992
512
64
0
0
576
64
1
0
640
64
1
5760
704
64
0
5888
768
64
0
6016
832
64
0
6144
896
64
0
6272
960
64
0
0
1024
64
1
64
1088
64
1
64
1152
64
1
64
1216
64
1
64
1280
64
1
64
1344
64
1
64
1408
64
1
64
1472
64
1
64
1536
64
1
64
1600
64
1
64
1664
64
1
64
1728
64
1
64
1792
64
1
64
1856
64
1
64
1920
64
1
64
1984
64
1
3648
0
64
0
3776
64
64
0
0
128
64
1
0
192
64
1
4544
256
64
0
4672
320
64
0
4800
384
64
0
4928
448
64
0
5056
512
64
0
0
576
64
1
0
640
64
1
5824
704
64
0
5952
768
64
0
6080
832
64
0
6208
896
64
0
6336
960
64
0
0
1024
64
1
128
1088
64
1
128
1152
64
1
128
1216
64
1
128
1280
64
1
128
1344
64
1
128
1408
64
1
128
1472
64
1
128
1536
64
1
128
1600
64
1
128
1664
64
1
128
1728
64
1
128
1792
64
1
128
1856
64
1
128
1920
64
1
128
1984
64
1
4160
0
64
0
4288
64
64
0
4416
128
64
0
0
192
64
1
0
256
64
1
5184
320
64
0
5312
384
64
0
5440
448
64
0
5568
512
64
0
5696
576
64
0
0
640
64
1
0
704
64
1
0
768
64
1
0
832
64
1
0
896
64
1
0
960
64
1
0
1024
64
1
192
1088
64
1
192
1152
64
1
192
1216
64
1
192
1280
64
1
192
1344
64
1
192
1408
64
1
192
1472
64
1
192
1536
64
1
192
1600
64
1
192
1664
64
1
192
1728
64
1
192
1792
64
1
192
1856
64
1
192
1920
64
1
192
1984
64
1
4224
0
64
0
4352
64
64
0
0
128
64
1
0
192
64
1
5120
256
64
0
5248
320
64
0
5376
384
64
0
5504
448
64
0
5632
512
64
0
0
576
64
1
0
640
64
1
0
704
64
1
0
768
64
1
0
832
64
1
0
896
64
1
0
960
64
1
0
1024
64
1
256
1088
64
1
256
1152
64
1
256
1216
64
1
256
1280
64
1
256
1344
64
1
256
1408
64
1
256
1472
64
1
256
1536
64
1
256
1600
64
1
256
1664
64
1
256
1728
64
1
256
1792
64
1
256
1856
64
1
256
1920
64
1
256
1984
64
1
4288
0
64
0
4416
64
64
0
0
128
64
1
0
192
64
1
5184
256
64
0
5312
320
64
0
5440
384
64
0
5568
448
64
0
5696
512
64
0
0
576
64
1
0
640
64
1
0
704
64
1
0
768
64
1
0
832
64
1
0
896
64
1
0
960
64
1
0
1024
64
1
320
1088
64
1
320
1152
64
1
320
1216
64
1
320
1280
64
1
320
1344
64
1
320
1408
64
1
320
1472
64
1
320
1536
64
1
320
1600
64
1
320
1664
64
1
320
1728
64
1
320
1792
64
1
320
1856
64
1
320
1920
64
1
320
1984
64
1
4800
0
64
0
4928
64
64
0
5056
128
64
0
0
192
64
1
0
256
64
1
5824
320
64
0
5952
384
64
0
6080
448
64
0
6208
512
64
0
6336
576
64
0
0
640
64
1
0
704
64
1
0
768
64
1
0
832
64
1
0
896
64
1
0
960
64
1
0
1024
64
1
384
1088
64
1
384
1152
64
1
384
1216
64
1
384
1280
64
1
384
1344
64
1
384
1408
64
1
384
1472
64
1
384
1536
64
1
384
1600
64
1
384
1664
64
1
384
1728
64
1
384
1792
64
1
384
1856
64
1
384
1920
64
1
384
1984
64
1
4864
0
64
0
4992
64
64
0
0
128
64
1
0
192
64
1
5760
256
64
0
5888
320
64
0
6016
384
64
0
6144
448
64
0
6272
512
64
0
0
576
64
1
0
640
64
1
0
704
64
1
0
768
64
1
0
832
64
1
0
896
64
1
0
960
64
1
0
1024
64
1
448
1088
64
1
448
1152
64
1
448
1216
64
1
448
1280
64
1
448
1344
64
1
448
1408
64
1
448
1472
64
1
448
1536
64
1
448
1600
64
1
448
1664
64
1
448
1728
64
1
448
1792
64
1
448
1856
64
1
448
1920
64
1
448
1984
64
1
4928
0
64
0
5056
64
64
0
0
128
64
1
0
192
64
1
5824
256
64
0
5952
320
64
0
6080
384
64
0
6208
448
64
0
6336
512
64
0
0
576
64
1
0
640
64
1
0
704
64
1
0
768
64
1
0
832
64
1
0
896
64
1
0
960
64
1
0
1024
64
1
512
1088
64
1
512
1152
64
1
512
1216
64
1
512
1280
64
1
512
1344
64
1
512
1408
64
1
512
1472
64
1
512
1536
64
1
512
1600
64
1
512
1664
64
1
512
1728
64
1
512
1792
64
1
512
1856
64
1
512
1920
64
1
512
1984
64
1
