0
0
64
1
0
64
64
1
0
128
64
1
0
192
64
1
0
256
64
1
0
320
64
1
0
384
64
1
0
448
64
1
0
512
64
0
128
576
64
0
256
640
64
0
384
704
64
0
512
768
64
0
0
832
64
1
0
896
64
1
640
960
64
0
768
1024
64
0
896
1088
64
0
1024
1152
64
0
1152
1216
64
0
0
1280
64
1
0
1344
64
1
1280
1408
64
0
1408
1472
64
0
1536
1536
64
0
1664
1600
64
0
1792
1664
64
0
0
1728
64
1
0
1792
64
1
1920
1856
64
0
2048
1920
64
0
2176
1984
64
0
64
0
64
1
64
64
64
1
64
128
64
1
64
192
64
1
64
256
64
1
64
320
64
1
64
384
64
1
64
448
64
1
64
512
64
0
192
576
64
0
320
640
64
0
448
704
64
0
576
768
64
0
64
832
64
1
64
896
64
1
704
960
64
0
832
1024
64
0
960
1088
64
0
1088
1152
64
0
1216
1216
64
0
64
1280
64
1
64
1344
64
1
1344
1408
64
0
1472
1472
64
0
1600
1536
64
0
1728
1600
64
0
1856
1664
64
0
64
1728
64
1
64
1792
64
1
1984
1856
64
0
2112
1920
64
0
2240
1984
64
0
2304
0
64
0
2432
64
64
0
0
128
64
1
0
192
64
1
2560
256
64
0
2688
320
64
0
2816
384
64
0
2944
448
64
0
3072
512
64
0
0
576
64
1
0
640
64
1
0
704
64
1
0
768
64
1
0
832
64
1
0
896
64
1
0
960
64
1
0
1024
64
1
0
1088
64
1
0
1152
64
1
0
1216
64
1
0
1280
64
1
0
1344
64
1
0
1408
64
1
0
1472
64
1
0
1536
64
1
0
1600
64
1
0
1664
64
1
0
1728
64
1
0
1792
64
1
0
1856
64
1
0
1920
64
1
0
1984
64
1
2368
0
64
0
2496
64
64
0
64
128
64
1
64
192
64
1
2624
256
64
0
2752
320
64
0
2880
384
64
0
3008
448
64
0
3136
512
64
0
64
576
64
1
64
640
64
1
64
704
64
1
64
768
64
1
64
832
64
1
64
896
64
1
64
960
64
1
64
1024
64
1
64
1088
64
1
64
1152
64
1
64
1216
64
1
64
1280
64
1
64
1344
64
1
64
1408
64
1
64
1472
64
1
64
1536
64
1
64
1600
64
1
64
1664
64
1
64
1728
64
1
64
1792
64
1
64
1856
64
1
64
1920
64
1
64
1984
64
1
