0
0
32
1
0
32
32
1
0
64
32
1
0
96
32
1
0
128
32
1
0
160
32
1
0
192
32
0
32
224
32
0
64
256
32
0
96
288
32
0
0
320
32
1
160
352
32
0
192
384
32
0
224
416
32
0
256
448
32
0
0
480
32
1
320
512
32
0
352
544
32
0
384
576
32
0
416
608
32
0
0
640
32
1
480
672
32
0
512
704
32
0
544
736
32
0
576
768
32
0
0
800
32
1
0
832
32
1
0
864
32
1
0
896
32
1
0
928
32
1
0
960
32
1
0
992
32
1
0
0
32
1
0
32
32
1
0
64
32
1
0
96
32
1
0
128
32
1
0
160
32
0
32
192
32
0
64
224
32
0
96
256
32
0
128
288
32
0
160
320
32
0
192
352
32
0
224
384
32
0
256
416
32
0
288
448
32
0
320
480
32
0
352
512
32
0
384
544
32
0
416
576
32
0
448
608
32
0
480
640
32
0
512
672
32
0
544
704
32
0
576
736
32
0
608
768
32
0
32
800
32
1
32
832
32
1
32
864
32
1
32
896
32
1
32
928
32
1
32
960
32
1
32
992
32
1
0
0
32
1
0
32
32
1
0
64
32
1
0
96
32
1
0
128
32
1
32
160
32
0
64
192
32
0
96
224
32
0
128
256
32
0
0
288
32
1
192
320
32
0
224
352
32
0
256
384
32
0
288
416
32
0
0
448
32
1
352
480
32
0
384
512
32
0
416
544
32
0
448
576
32
0
0
608
32
1
512
640
32
0
544
672
32
0
576
704
32
0
608
736
32
0
0
768
32
1
64
800
32
1
64
832
32
1
64
864
32
1
64
896
32
1
64
928
32
1
64
960
32
1
64
992
32
1
0
0
32
1
0
32
32
0
32
64
32
0
64
96
32
0
96
128
32
0
0
160
32
1
160
192
32
0
192
224
32
0
224
256
32
0
256
288
32
0
0
320
32
1
320
352
32
0
352
384
32
0
384
416
32
0
416
448
32
0
0
480
32
1
480
512
32
0
512
544
32
0
544
576
32
0
576
608
32
0
0
640
32
1
640
672
32
0
672
704
32
0
704
736
32
0
736
768
32
0
96
800
32
1
96
832
32
1
96
864
32
1
96
896
32
1
96
928
32
1
96
960
32
1
96
992
32
1
0
0
32
0
32
32
32
0
64
64
32
0
96
96
32
0
128
128
32
0
160
160
32
0
192
192
32
0
224
224
32
0
256
256
32
0
288
288
32
0
320
320
32
0
352
352
32
0
384
384
32
0
416
416
32
0
448
448
32
0
480
480
32
0
512
512
32
0
544
544
32
0
576
576
32
0
608
608
32
0
640
640
32
0
672
672
32
0
704
704
32
0
736
736
32
0
768
768
32
0
128
800
32
1
128
832
32
1
128
864
32
1
128
896
32
1
128
928
32
1
128
960
32
1
128
992
32
1
32
0
32
0
64
32
32
0
96
64
32
0
128
96
32
0
0
128
32
1
192
160
32
0
224
192
32
0
256
224
32
0
288
256
32
0
0
288
32
1
352
320
32
0
384
352
32
0
416
384
32
0
448
416
32
0
0
448
32
1
512
480
32
0
544
512
32
0
576
544
32
0
608
576
32
0
0
608
32
1
672
640
32
0
704
672
32
0
736
704
32
0
768
736
32
0
0
768
32
1
160
800
32
1
160
832
32
1
160
864
32
1
160
896
32
1
160
928
32
1
160
960
32
1
160
992
32
1
0
0
32
1
160
32
32
0
192
64
32
0
224
96
32
0
256
128
32
0
0
160
32
1
320
192
32
0
352
224
32
0
384
256
32
0
416
288
32
0
0
320
32
1
480
352
32
0
512
384
32
0
544
416
32
0
576
448
32
0
0
480
32
1
640
512
32
0
672
544
32
0
704
576
32
0
736
608
32
0
0
640
32
1
0
672
32
1
0
704
32
1
0
736
32
1
0
768
32
1
192
800
32
1
192
832
32
1
192
864
32
1
192
896
32
1
192
928
32
1
192
960
32
1
192
992
32
1
160
0
32
0
192
32
32
0
224
64
32
0
256
96
32
0
288
128
32
0
320
160
32
0
352
192
32
0
384
224
32
0
416
256
32
0
448
288
32
0
480
320
32
0
512
352
32
0
544
384
32
0
576
416
32
0
608
448
32
0
640
480
32
0
672
512
32
0
704
544
32
0
736
576
32
0
768
608
32
0
0
640
32
1
0
672
32
1
0
704
32
1
0
736
32
1
0
768
32
1
224
800
32
1
224
832
32
1
224
864
32
1
224
896
32
1
224
928
32
1
224
960
32
1
224
992
32
1
192
0
32
0
224
32
32
0
256
64
32
0
288
96
32
0
0
128
32
1
352
160
32
0
384
192
32
0
416
224
32
0
448
256
32
0
0
288
32
1
512
320
32
0
544
352
32
0
576
384
32
0
608
416
32
0
0
448
32
1
672
480
32
0
704
512
32
0
736
544
32
0
768
576
32
0
0
608
32
1
0
640
32
1
0
672
32
1
0
704
32
1
0
736
32
1
0
768
32
1
256
800
32
1
256
832
32
1
256
864
32
1
256
896
32
1
256
928
32
1
256
960
32
1
256
992
32
1
