0
0
64
1
0
64
64
1
0
128
64
1
0
192
64
1
0
256
64
1
0
320
64
1
0
384
64
1
0
448
64
1
0
512
64
1
0
576
64
1
0
640
64
1
0
704
64
1
0
768
64
1
0
832
64
1
0
896
64
1
0
960
64
1
0
1024
64
1
0
1088
64
1
1408
1152
64
0
1664
1216
64
0
1920
1280
64
0
2176
1344
64
0
2432
1408
64
0
0
1472
64
1
0
1536
64
1
0
1600
64
1
3968
1664
64
0
4224
1728
64
0
4480
1792
64
0
4736
1856
64
0
4992
1920
64
0
0
1984
64
1
64
0
64
1
64
64
64
1
64
128
64
1
64
192
64
1
64
256
64
1
64
320
64
1
64
384
64
1
64
448
64
1
64
512
64
1
64
576
64
1
64
640
64
1
64
704
64
1
64
768
64
1
64
832
64
1
64
896
64
1
64
960
64
1
64
1024
64
1
64
1088
64
1
1472
1152
64
0
1728
1216
64
0
1984
1280
64
0
2240
1344
64
0
2496
1408
64
0
64
1472
64
1
64
1536
64
1
64
1600
64
1
4032
1664
64
0
4288
1728
64
0
4544
1792
64
0
4800
1856
64
0
5056
1920
64
0
64
1984
64
1
0
0
64
1
0
64
64
1
6528
128
64
0
6784
192
64
0
7040
256
64
0
7296
320
64
0
7552
384
64
0
0
448
64
1
0
512
64
1
0
576
64
1
9088
640
64
0
9344
704
64
0
9600
768
64
0
9856
832
64
0
10112
896
64
0
0
960
64
1
0
1024
64
1
0
1088
64
1
11648
1152
64
0
11904
1216
64
0
12160
1280
64
0
12416
1344
64
0
12672
1408
64
0
0
1472
64
1
0
1536
64
1
0
1600
64
1
0
1664
64
1
0
1728
64
1
0
1792
64
1
0
1856
64
1
0
1920
64
1
0
1984
64
1
64
0
64
1
64
64
64
1
6592
128
64
0
6848
192
64
0
7104
256
64
0
7360
320
64
0
7616
384
64
0
64
448
64
1
64
512
64
1
64
576
64
1
9152
640
64
0
9408
704
64
0
9664
768
64
0
9920
832
64
0
10176
896
64
0
64
960
64
1
64
1024
64
1
64
1088
64
1
11712
1152
64
0
11968
1216
64
0
12224
1280
64
0
12480
1344
64
0
12736
1408
64
0
64
1472
64
1
64
1536
64
1
64
1600
64
1
64
1664
64
1
64
1728
64
1
64
1792
64
1
64
1856
64
1
64
1920
64
1
64
1984
64
1
