0
0
64
0
128
64
64
0
256
128
64
0
384
192
64
0
1024
256
64
0
1152
320
64
0
1280
384
64
0
1408
448
64
0
2048
512
64
0
2176
576
64
0
2304
640
64
0
2432
704
64
0
3072
768
64
0
3200
832
64
0
3328
896
64
0
3456
960
64
0
0
1024
64
1
0
1088
64
1
0
1152
64
1
0
1216
64
1
0
1280
64
1
0
1344
64
1
0
1408
64
1
0
1472
64
1
0
1536
64
1
0
1600
64
1
0
1664
64
1
0
1728
64
1
0
1792
64
1
0
1856
64
1
0
1920
64
1
0
1984
64
1
64
0
64
0
192
64
64
0
320
128
64
0
448
192
64
0
1088
256
64
0
1216
320
64
0
1344
384
64
0
1472
448
64
0
2112
512
64
0
2240
576
64
0
2368
640
64
0
2496
704
64
0
3136
768
64
0
3264
832
64
0
3392
896
64
0
3520
960
64
0
64
1024
64
1
64
1088
64
1
64
1152
64
1
64
1216
64
1
64
1280
64
1
64
1344
64
1
64
1408
64
1
64
1472
64
1
64
1536
64
1
64
1600
64
1
64
1664
64
1
64
1728
64
1
64
1792
64
1
64
1856
64
1
64
1920
64
1
64
1984
64
1
128
0
64
0
256
64
64
0
384
128
64
0
512
192
64
0
1152
256
64
0
1280
320
64
0
1408
384
64
0
1536
448
64
0
2176
512
64
0
2304
576
64
0
2432
640
64
0
2560
704
64
0
3200
768
64
0
3328
832
64
0
3456
896
64
0
3584
960
64
0
128
1024
64
1
128
1088
64
1
128
1152
64
1
128
1216
64
1
128
1280
64
1
128
1344
64
1
128
1408
64
1
128
1472
64
1
128
1536
64
1
128
1600
64
1
128
1664
64
1
128
1728
64
1
128
1792
64
1
128
1856
64
1
128
1920
64
1
128
1984
64
1
192
0
64
0
320
64
64
0
448
128
64
0
576
192
64
0
1216
256
64
0
1344
320
64
0
1472
384
64
0
1600
448
64
0
2240
512
64
0
2368
576
64
0
2496
640
64
0
2624
704
64
0
3264
768
64
0
3392
832
64
0
3520
896
64
0
3648
960
64
0
192
1024
64
1
192
1088
64
1
192
1152
64
1
192
1216
64
1
192
1280
64
1
192
1344
64
1
192
1408
64
1
192
1472
64
1
192
1536
64
1
192
1600
64
1
192
1664
64
1
192
1728
64
1
192
1792
64
1
192
1856
64
1
192
1920
64
1
192
1984
64
1
256
0
64
0
384
64
64
0
512
128
64
0
640
192
64
0
1280
256
64
0
1408
320
64
0
1536
384
64
0
1664
448
64
0
2304
512
64
0
2432
576
64
0
2560
640
64
0
2688
704
64
0
3328
768
64
0
3456
832
64
0
3584
896
64
0
3712
960
64
0
256
1024
64
1
256
1088
64
1
256
1152
64
1
256
1216
64
1
256
1280
64
1
256
1344
64
1
256
1408
64
1
256
1472
64
1
256
1536
64
1
256
1600
64
1
256
1664
64
1
256
1728
64
1
256
1792
64
1
256
1856
64
1
256
1920
64
1
256
1984
64
1
320
0
64
0
448
64
64
0
576
128
64
0
704
192
64
0
1344
256
64
0
1472
320
64
0
1600
384
64
0
1728
448
64
0
2368
512
64
0
2496
576
64
0
2624
640
64
0
2752
704
64
0
3392
768
64
0
3520
832
64
0
3648
896
64
0
3776
960
64
0
320
1024
64
1
320
1088
64
1
320
1152
64
1
320
1216
64
1
320
1280
64
1
320
1344
64
1
320
1408
64
1
320
1472
64
1
320
1536
64
1
320
1600
64
1
320
1664
64
1
320
1728
64
1
320
1792
64
1
320
1856
64
1
320
1920
64
1
320
1984
64
1
384
0
64
0
512
64
64
0
640
128
64
0
768
192
64
0
1408
256
64
0
1536
320
64
0
1664
384
64
0
1792
448
64
0
2432
512
64
0
2560
576
64
0
2688
640
64
0
2816
704
64
0
3456
768
64
0
3584
832
64
0
3712
896
64
0
3840
960
64
0
384
1024
64
1
384
1088
64
1
384
1152
64
1
384
1216
64
1
384
1280
64
1
384
1344
64
1
384
1408
64
1
384
1472
64
1
384
1536
64
1
384
1600
64
1
384
1664
64
1
384
1728
64
1
384
1792
64
1
384
1856
64
1
384
1920
64
1
384
1984
64
1
448
0
64
0
576
64
64
0
704
128
64
0
832
192
64
0
1472
256
64
0
1600
320
64
0
1728
384
64
0
1856
448
64
0
2496
512
64
0
2624
576
64
0
2752
640
64
0
2880
704
64
0
3520
768
64
0
3648
832
64
0
3776
896
64
0
3904
960
64
0
448
1024
64
1
448
1088
64
1
448
1152
64
1
448
1216
64
1
448
1280
64
1
448
1344
64
1
448
1408
64
1
448
1472
64
1
448
1536
64
1
448
1600
64
1
448
1664
64
1
448
1728
64
1
448
1792
64
1
448
1856
64
1
448
1920
64
1
448
1984
64
1
512
0
64
0
640
64
64
0
768
128
64
0
896
192
64
0
1536
256
64
0
1664
320
64
0
1792
384
64
0
1920
448
64
0
2560
512
64
0
2688
576
64
0
2816
640
64
0
2944
704
64
0
3584
768
64
0
3712
832
64
0
3840
896
64
0
3968
960
64
0
512
1024
64
1
512
1088
64
1
512
1152
64
1
512
1216
64
1
512
1280
64
1
512
1344
64
1
512
1408
64
1
512
1472
64
1
512
1536
64
1
512
1600
64
1
512
1664
64
1
512
1728
64
1
512
1792
64
1
512
1856
64
1
512
1920
64
1
512
1984
64
1
576
0
64
0
704
64
64
0
832
128
64
0
960
192
64
0
1600
256
64
0
1728
320
64
0
1856
384
64
0
1984
448
64
0
2624
512
64
0
2752
576
64
0
2880
640
64
0
3008
704
64
0
3648
768
64
0
3776
832
64
0
3904
896
64
0
4032
960
64
0
576
1024
64
1
576
1088
64
1
576
1152
64
1
576
1216
64
1
576
1280
64
1
576
1344
64
1
576
1408
64
1
576
1472
64
1
576
1536
64
1
576
1600
64
1
576
1664
64
1
576
1728
64
1
576
1792
64
1
576
1856
64
1
576
1920
64
1
576
1984
64
1
1024
0
64
0
1152
64
64
0
1280
128
64
0
1408
192
64
0
2048
256
64
0
2176
320
64
0
2304
384
64
0
2432
448
64
0
3072
512
64
0
3200
576
64
0
3328
640
64
0
3456
704
64
0
4096
768
64
0
4224
832
64
0
4352
896
64
0
4480
960
64
0
640
1024
64
1
640
1088
64
1
640
1152
64
1
640
1216
64
1
640
1280
64
1
640
1344
64
1
640
1408
64
1
640
1472
64
1
640
1536
64
1
640
1600
64
1
640
1664
64
1
640
1728
64
1
640
1792
64
1
640
1856
64
1
640
1920
64
1
640
1984
64
1
1088
0
64
0
1216
64
64
0
1344
128
64
0
1472
192
64
0
2112
256
64
0
2240
320
64
0
2368
384
64
0
2496
448
64
0
3136
512
64
0
3264
576
64
0
3392
640
64
0
3520
704
64
0
4160
768
64
0
4288
832
64
0
4416
896
64
0
4544
960
64
0
704
1024
64
1
704
1088
64
1
704
1152
64
1
704
1216
64
1
704
1280
64
1
704
1344
64
1
704
1408
64
1
704
1472
64
1
704
1536
64
1
704
1600
64
1
704
1664
64
1
704
1728
64
1
704
1792
64
1
704
1856
64
1
704
1920
64
1
704
1984
64
1
1152
0
64
0
1280
64
64
0
1408
128
64
0
1536
192
64
0
2176
256
64
0
2304
320
64
0
2432
384
64
0
2560
448
64
0
3200
512
64
0
3328
576
64
0
3456
640
64
0
3584
704
64
0
4224
768
64
0
4352
832
64
0
4480
896
64
0
4608
960
64
0
768
1024
64
1
768
1088
64
1
768
1152
64
1
768
1216
64
1
768
1280
64
1
768
1344
64
1
768
1408
64
1
768
1472
64
1
768
1536
64
1
768
1600
64
1
768
1664
64
1
768
1728
64
1
768
1792
64
1
768
1856
64
1
768
1920
64
1
768
1984
64
1
1216
0
64
0
1344
64
64
0
1472
128
64
0
1600
192
64
0
2240
256
64
0
2368
320
64
0
2496
384
64
0
2624
448
64
0
3264
512
64
0
3392
576
64
0
3520
640
64
0
3648
704
64
0
4288
768
64
0
4416
832
64
0
4544
896
64
0
4672
960
64
0
832
1024
64
1
832
1088
64
1
832
1152
64
1
832
1216
64
1
832
1280
64
1
832
1344
64
1
832
1408
64
1
832
1472
64
1
832
1536
64
1
832
1600
64
1
832
1664
64
1
832
1728
64
1
832
1792
64
1
832
1856
64
1
832
1920
64
1
832
1984
64
1
1280
0
64
0
1408
64
64
0
1536
128
64
0
1664
192
64
0
2304
256
64
0
2432
320
64
0
2560
384
64
0
2688
448
64
0
3328
512
64
0
3456
576
64
0
3584
640
64
0
3712
704
64
0
4352
768
64
0
4480
832
64
0
4608
896
64
0
4736
960
64
0
896
1024
64
1
896
1088
64
1
896
1152
64
1
896
1216
64
1
896
1280
64
1
896
1344
64
1
896
1408
64
1
896
1472
64
1
896
1536
64
1
896
1600
64
1
896
1664
64
1
896
1728
64
1
896
1792
64
1
896
1856
64
1
896
1920
64
1
896
1984
64
1
1344
0
64
0
1472
64
64
0
1600
128
64
0
1728
192
64
0
2368
256
64
0
2496
320
64
0
2624
384
64
0
2752
448
64
0
3392
512
64
0
3520
576
64
0
3648
640
64
0
3776
704
64
0
4416
768
64
0
4544
832
64
0
4672
896
64
0
4800
960
64
0
960
1024
64
1
960
1088
64
1
960
1152
64
1
960
1216
64
1
960
1280
64
1
960
1344
64
1
960
1408
64
1
960
1472
64
1
960
1536
64
1
960
1600
64
1
960
1664
64
1
960
1728
64
1
960
1792
64
1
960
1856
64
1
960
1920
64
1
960
1984
64
1
1408
0
64
0
1536
64
64
0
1664
128
64
0
1792
192
64
0
2432
256
64
0
2560
320
64
0
2688
384
64
0
2816
448
64
0
3456
512
64
0
3584
576
64
0
3712
640
64
0
3840
704
64
0
4480
768
64
0
4608
832
64
0
4736
896
64
0
4864
960
64
0
1024
1024
64
1
1024
1088
64
1
1024
1152
64
1
1024
1216
64
1
1024
1280
64
1
1024
1344
64
1
1024
1408
64
1
1024
1472
64
1
1024
1536
64
1
1024
1600
64
1
1024
1664
64
1
1024
1728
64
1
1024
1792
64
1
1024
1856
64
1
1024
1920
64
1
1024
1984
64
1
1472
0
64
0
1600
64
64
0
1728
128
64
0
1856
192
64
0
2496
256
64
0
2624
320
64
0
2752
384
64
0
2880
448
64
0
3520
512
64
0
3648
576
64
0
3776
640
64
0
3904
704
64
0
4544
768
64
0
4672
832
64
0
4800
896
64
0
4928
960
64
0
1088
1024
64
1
1088
1088
64
1
1088
1152
64
1
1088
1216
64
1
1088
1280
64
1
1088
1344
64
1
1088
1408
64
1
1088
1472
64
1
1088
1536
64
1
1088
1600
64
1
1088
1664
64
1
1088
1728
64
1
1088
1792
64
1
1088
1856
64
1
1088
1920
64
1
1088
1984
64
1
1536
0
64
0
1664
64
64
0
1792
128
64
0
1920
192
64
0
2560
256
64
0
2688
320
64
0
2816
384
64
0
2944
448
64
0
3584
512
64
0
3712
576
64
0
3840
640
64
0
3968
704
64
0
4608
768
64
0
4736
832
64
0
4864
896
64
0
4992
960
64
0
1152
1024
64
1
1152
1088
64
1
1152
1152
64
1
1152
1216
64
1
1152
1280
64
1
1152
1344
64
1
1152
1408
64
1
1152
1472
64
1
1152
1536
64
1
1152
1600
64
1
1152
1664
64
1
1152
1728
64
1
1152
1792
64
1
1152
1856
64
1
1152
1920
64
1
1152
1984
64
1
1600
0
64
0
1728
64
64
0
1856
128
64
0
1984
192
64
0
2624
256
64
0
2752
320
64
0
2880
384
64
0
3008
448
64
0
3648
512
64
0
3776
576
64
0
3904
640
64
0
4032
704
64
0
4672
768
64
0
4800
832
64
0
4928
896
64
0
5056
960
64
0
1216
1024
64
1
1216
1088
64
1
1216
1152
64
1
1216
1216
64
1
1216
1280
64
1
1216
1344
64
1
1216
1408
64
1
1216
1472
64
1
1216
1536
64
1
1216
1600
64
1
1216
1664
64
1
1216
1728
64
1
1216
1792
64
1
1216
1856
64
1
1216
1920
64
1
1216
1984
64
1
2048
0
64
0
2176
64
64
0
2304
128
64
0
2432
192
64
0
3072
256
64
0
3200
320
64
0
3328
384
64
0
3456
448
64
0
4096
512
64
0
4224
576
64
0
4352
640
64
0
4480
704
64
0
5120
768
64
0
5248
832
64
0
5376
896
64
0
5504
960
64
0
1280
1024
64
1
1280
1088
64
1
1280
1152
64
1
1280
1216
64
1
1280
1280
64
1
1280
1344
64
1
1280
1408
64
1
1280
1472
64
1
1280
1536
64
1
1280
1600
64
1
1280
1664
64
1
1280
1728
64
1
1280
1792
64
1
1280
1856
64
1
1280
1920
64
1
1280
1984
64
1
2112
0
64
0
2240
64
64
0
2368
128
64
0
2496
192
64
0
3136
256
64
0
3264
320
64
0
3392
384
64
0
3520
448
64
0
4160
512
64
0
4288
576
64
0
4416
640
64
0
4544
704
64
0
5184
768
64
0
5312
832
64
0
5440
896
64
0
5568
960
64
0
1344
1024
64
1
1344
1088
64
1
1344
1152
64
1
1344
1216
64
1
1344
1280
64
1
1344
1344
64
1
1344
1408
64
1
1344
1472
64
1
1344
1536
64
1
1344
1600
64
1
1344
1664
64
1
1344
1728
64
1
1344
1792
64
1
1344
1856
64
1
1344
1920
64
1
1344
1984
64
1
2176
0
64
0
2304
64
64
0
2432
128
64
0
2560
192
64
0
3200
256
64
0
3328
320
64
0
3456
384
64
0
3584
448
64
0
4224
512
64
0
4352
576
64
0
4480
640
64
0
4608
704
64
0
5248
768
64
0
5376
832
64
0
5504
896
64
0
5632
960
64
0
1408
1024
64
1
1408
1088
64
1
1408
1152
64
1
1408
1216
64
1
1408
1280
64
1
1408
1344
64
1
1408
1408
64
1
1408
1472
64
1
1408
1536
64
1
1408
1600
64
1
1408
1664
64
1
1408
1728
64
1
1408
1792
64
1
1408
1856
64
1
1408
1920
64
1
1408
1984
64
1
2240
0
64
0
2368
64
64
0
2496
128
64
0
2624
192
64
0
3264
256
64
0
3392
320
64
0
3520
384
64
0
3648
448
64
0
4288
512
64
0
4416
576
64
0
4544
640
64
0
4672
704
64
0
5312
768
64
0
5440
832
64
0
5568
896
64
0
5696
960
64
0
1472
1024
64
1
1472
1088
64
1
1472
1152
64
1
1472
1216
64
1
1472
1280
64
1
1472
1344
64
1
1472
1408
64
1
1472
1472
64
1
1472
1536
64
1
1472
1600
64
1
1472
1664
64
1
1472
1728
64
1
1472
1792
64
1
1472
1856
64
1
1472
1920
64
1
1472
1984
64
1
2304
0
64
0
2432
64
64
0
2560
128
64
0
2688
192
64
0
3328
256
64
0
3456
320
64
0
3584
384
64
0
3712
448
64
0
4352
512
64
0
4480
576
64
0
4608
640
64
0
4736
704
64
0
5376
768
64
0
5504
832
64
0
5632
896
64
0
5760
960
64
0
1536
1024
64
1
1536
1088
64
1
1536
1152
64
1
1536
1216
64
1
1536
1280
64
1
1536
1344
64
1
1536
1408
64
1
1536
1472
64
1
1536
1536
64
1
1536
1600
64
1
1536
1664
64
1
1536
1728
64
1
1536
1792
64
1
1536
1856
64
1
1536
1920
64
1
1536
1984
64
1
2368
0
64
0
2496
64
64
0
2624
128
64
0
2752
192
64
0
3392
256
64
0
3520
320
64
0
3648
384
64
0
3776
448
64
0
4416
512
64
0
4544
576
64
0
4672
640
64
0
4800
704
64
0
5440
768
64
0
5568
832
64
0
5696
896
64
0
5824
960
64
0
1600
1024
64
1
1600
1088
64
1
1600
1152
64
1
1600
1216
64
1
1600
1280
64
1
1600
1344
64
1
1600
1408
64
1
1600
1472
64
1
1600
1536
64
1
1600
1600
64
1
1600
1664
64
1
1600
1728
64
1
1600
1792
64
1
1600
1856
64
1
1600
1920
64
1
1600
1984
64
1
2432
0
64
0
2560
64
64
0
2688
128
64
0
2816
192
64
0
3456
256
64
0
3584
320
64
0
3712
384
64
0
3840
448
64
0
4480
512
64
0
4608
576
64
0
4736
640
64
0
4864
704
64
0
5504
768
64
0
5632
832
64
0
5760
896
64
0
5888
960
64
0
1664
1024
64
1
1664
1088
64
1
1664
1152
64
1
1664
1216
64
1
1664
1280
64
1
1664
1344
64
1
1664
1408
64
1
1664
1472
64
1
1664
1536
64
1
1664
1600
64
1
1664
1664
64
1
1664
1728
64
1
1664
1792
64
1
1664
1856
64
1
1664
1920
64
1
1664
1984
64
1
2496
0
64
0
2624
64
64
0
2752
128
64
0
2880
192
64
0
3520
256
64
0
3648
320
64
0
3776
384
64
0
3904
448
64
0
4544
512
64
0
4672
576
64
0
4800
640
64
0
4928
704
64
0
5568
768
64
0
5696
832
64
0
5824
896
64
0
5952
960
64
0
1728
1024
64
1
1728
1088
64
1
1728
1152
64
1
1728
1216
64
1
1728
1280
64
1
1728
1344
64
1
1728
1408
64
1
1728
1472
64
1
1728
1536
64
1
1728
1600
64
1
1728
1664
64
1
1728
1728
64
1
1728
1792
64
1
1728
1856
64
1
1728
1920
64
1
1728
1984
64
1
2560
0
64
0
2688
64
64
0
2816
128
64
0
2944
192
64
0
3584
256
64
0
3712
320
64
0
3840
384
64
0
3968
448
64
0
4608
512
64
0
4736
576
64
0
4864
640
64
0
4992
704
64
0
5632
768
64
0
5760
832
64
0
5888
896
64
0
6016
960
64
0
1792
1024
64
1
1792
1088
64
1
1792
1152
64
1
1792
1216
64
1
1792
1280
64
1
1792
1344
64
1
1792
1408
64
1
1792
1472
64
1
1792
1536
64
1
1792
1600
64
1
1792
1664
64
1
1792
1728
64
1
1792
1792
64
1
1792
1856
64
1
1792
1920
64
1
1792
1984
64
1
2624
0
64
0
2752
64
64
0
2880
128
64
0
3008
192
64
0
3648
256
64
0
3776
320
64
0
3904
384
64
0
4032
448
64
0
4672
512
64
0
4800
576
64
0
4928
640
64
0
5056
704
64
0
5696
768
64
0
5824
832
64
0
5952
896
64
0
6080
960
64
0
1856
1024
64
1
1856
1088
64
1
1856
1152
64
1
1856
1216
64
1
1856
1280
64
1
1856
1344
64
1
1856
1408
64
1
1856
1472
64
1
1856
1536
64
1
1856
1600
64
1
1856
1664
64
1
1856
1728
64
1
1856
1792
64
1
1856
1856
64
1
1856
1920
64
1
1856
1984
64
1
3072
0
64
0
3200
64
64
0
3328
128
64
0
3456
192
64
0
4096
256
64
0
4224
320
64
0
4352
384
64
0
4480
448
64
0
5120
512
64
0
5248
576
64
0
5376
640
64
0
5504
704
64
0
6144
768
64
0
6272
832
64
0
6400
896
64
0
6528
960
64
0
1920
1024
64
1
1920
1088
64
1
1920
1152
64
1
1920
1216
64
1
1920
1280
64
1
1920
1344
64
1
1920
1408
64
1
1920
1472
64
1
1920
1536
64
1
1920
1600
64
1
1920
1664
64
1
1920
1728
64
1
1920
1792
64
1
1920
1856
64
1
1920
1920
64
1
1920
1984
64
1
3136
0
64
0
3264
64
64
0
3392
128
64
0
3520
192
64
0
4160
256
64
0
4288
320
64
0
4416
384
64
0
4544
448
64
0
5184
512
64
0
5312
576
64
0
5440
640
64
0
5568
704
64
0
6208
768
64
0
6336
832
64
0
6464
896
64
0
6592
960
64
0
1984
1024
64
1
1984
1088
64
1
1984
1152
64
1
1984
1216
64
1
1984
1280
64
1
1984
1344
64
1
1984
1408
64
1
1984
1472
64
1
1984
1536
64
1
1984
1600
64
1
1984
1664
64
1
1984
1728
64
1
1984
1792
64
1
1984
1856
64
1
1984
1920
64
1
1984
1984
64
1
3200
0
64
0
3328
64
64
0
3456
128
64
0
3584
192
64
0
4224
256
64
0
4352
320
64
0
4480
384
64
0
4608
448
64
0
5248
512
64
0
5376
576
64
0
5504
640
64
0
5632
704
64
0
6272
768
64
0
6400
832
64
0
6528
896
64
0
6656
960
64
0
2048
1024
64
1
2048
1088
64
1
2048
1152
64
1
2048
1216
64
1
2048
1280
64
1
2048
1344
64
1
2048
1408
64
1
2048
1472
64
1
2048
1536
64
1
2048
1600
64
1
2048
1664
64
1
2048
1728
64
1
2048
1792
64
1
2048
1856
64
1
2048
1920
64
1
2048
1984
64
1
3264
0
64
0
3392
64
64
0
3520
128
64
0
3648
192
64
0
4288
256
64
0
4416
320
64
0
4544
384
64
0
4672
448
64
0
5312
512
64
0
5440
576
64
0
5568
640
64
0
5696
704
64
0
6336
768
64
0
6464
832
64
0
6592
896
64
0
6720
960
64
0
2112
1024
64
1
2112
1088
64
1
2112
1152
64
1
2112
1216
64
1
2112
1280
64
1
2112
1344
64
1
2112
1408
64
1
2112
1472
64
1
2112
1536
64
1
2112
1600
64
1
2112
1664
64
1
2112
1728
64
1
2112
1792
64
1
2112
1856
64
1
2112
1920
64
1
2112
1984
64
1
3328
0
64
0
3456
64
64
0
3584
128
64
0
3712
192
64
0
4352
256
64
0
4480
320
64
0
4608
384
64
0
4736
448
64
0
5376
512
64
0
5504
576
64
0
5632
640
64
0
5760
704
64
0
6400
768
64
0
6528
832
64
0
6656
896
64
0
6784
960
64
0
2176
1024
64
1
2176
1088
64
1
2176
1152
64
1
2176
1216
64
1
2176
1280
64
1
2176
1344
64
1
2176
1408
64
1
2176
1472
64
1
2176
1536
64
1
2176
1600
64
1
2176
1664
64
1
2176
1728
64
1
2176
1792
64
1
2176
1856
64
1
2176
1920
64
1
2176
1984
64
1
3392
0
64
0
3520
64
64
0
3648
128
64
0
3776
192
64
0
4416
256
64
0
4544
320
64
0
4672
384
64
0
4800
448
64
0
5440
512
64
0
5568
576
64
0
5696
640
64
0
5824
704
64
0
6464
768
64
0
6592
832
64
0
6720
896
64
0
6848
960
64
0
2240
1024
64
1
2240
1088
64
1
2240
1152
64
1
2240
1216
64
1
2240
1280
64
1
2240
1344
64
1
2240
1408
64
1
2240
1472
64
1
2240
1536
64
1
2240
1600
64
1
2240
1664
64
1
2240
1728
64
1
2240
1792
64
1
2240
1856
64
1
2240
1920
64
1
2240
1984
64
1
3456
0
64
0
3584
64
64
0
3712
128
64
0
3840
192
64
0
4480
256
64
0
4608
320
64
0
4736
384
64
0
4864
448
64
0
5504
512
64
0
5632
576
64
0
5760
640
64
0
5888
704
64
0
6528
768
64
0
6656
832
64
0
6784
896
64
0
6912
960
64
0
2304
1024
64
1
2304
1088
64
1
2304
1152
64
1
2304
1216
64
1
2304
1280
64
1
2304
1344
64
1
2304
1408
64
1
2304
1472
64
1
2304
1536
64
1
2304
1600
64
1
2304
1664
64
1
2304
1728
64
1
2304
1792
64
1
2304
1856
64
1
2304
1920
64
1
2304
1984
64
1
3520
0
64
0
3648
64
64
0
3776
128
64
0
3904
192
64
0
4544
256
64
0
4672
320
64
0
4800
384
64
0
4928
448
64
0
5568
512
64
0
5696
576
64
0
5824
640
64
0
5952
704
64
0
6592
768
64
0
6720
832
64
0
6848
896
64
0
6976
960
64
0
2368
1024
64
1
2368
1088
64
1
2368
1152
64
1
2368
1216
64
1
2368
1280
64
1
2368
1344
64
1
2368
1408
64
1
2368
1472
64
1
2368
1536
64
1
2368
1600
64
1
2368
1664
64
1
2368
1728
64
1
2368
1792
64
1
2368
1856
64
1
2368
1920
64
1
2368
1984
64
1
3584
0
64
0
3712
64
64
0
3840
128
64
0
3968
192
64
0
4608
256
64
0
4736
320
64
0
4864
384
64
0
4992
448
64
0
5632
512
64
0
5760
576
64
0
5888
640
64
0
6016
704
64
0
6656
768
64
0
6784
832
64
0
6912
896
64
0
7040
960
64
0
2432
1024
64
1
2432
1088
64
1
2432
1152
64
1
2432
1216
64
1
2432
1280
64
1
2432
1344
64
1
2432
1408
64
1
2432
1472
64
1
2432
1536
64
1
2432
1600
64
1
2432
1664
64
1
2432
1728
64
1
2432
1792
64
1
2432
1856
64
1
2432
1920
64
1
2432
1984
64
1
3648
0
64
0
3776
64
64
0
3904
128
64
0
4032
192
64
0
4672
256
64
0
4800
320
64
0
4928
384
64
0
5056
448
64
0
5696
512
64
0
5824
576
64
0
5952
640
64
0
6080
704
64
0
6720
768
64
0
6848
832
64
0
6976
896
64
0
7104
960
64
0
2496
1024
64
1
2496
1088
64
1
2496
1152
64
1
2496
1216
64
1
2496
1280
64
1
2496
1344
64
1
2496
1408
64
1
2496
1472
64
1
2496
1536
64
1
2496
1600
64
1
2496
1664
64
1
2496
1728
64
1
2496
1792
64
1
2496
1856
64
1
2496
1920
64
1
2496
1984
64
1
4096
0
64
0
4224
64
64
0
4352
128
64
0
4480
192
64
0
5120
256
64
0
5248
320
64
0
5376
384
64
0
5504
448
64
0
6144
512
64
0
6272
576
64
0
6400
640
64
0
6528
704
64
0
7168
768
64
0
7296
832
64
0
7424
896
64
0
7552
960
64
0
2560
1024
64
1
2560
1088
64
1
2560
1152
64
1
2560
1216
64
1
2560
1280
64
1
2560
1344
64
1
2560
1408
64
1
2560
1472
64
1
2560
1536
64
1
2560
1600
64
1
2560
1664
64
1
2560
1728
64
1
2560
1792
64
1
2560
1856
64
1
2560
1920
64
1
2560
1984
64
1
4160
0
64
0
4288
64
64
0
4416
128
64
0
4544
192
64
0
5184
256
64
0
5312
320
64
0
5440
384
64
0
5568
448
64
0
6208
512
64
0
6336
576
64
0
6464
640
64
0
6592
704
64
0
7232
768
64
0
7360
832
64
0
7488
896
64
0
7616
960
64
0
2624
1024
64
1
2624
1088
64
1
2624
1152
64
1
2624
1216
64
1
2624
1280
64
1
2624
1344
64
1
2624
1408
64
1
2624
1472
64
1
2624
1536
64
1
2624
1600
64
1
2624
1664
64
1
2624
1728
64
1
2624
1792
64
1
2624
1856
64
1
2624
1920
64
1
2624
1984
64
1
4224
0
64
0
4352
64
64
0
4480
128
64
0
4608
192
64
0
5248
256
64
0
5376
320
64
0
5504
384
64
0
5632
448
64
0
6272
512
64
0
6400
576
64
0
6528
640
64
0
6656
704
64
0
7296
768
64
0
7424
832
64
0
7552
896
64
0
7680
960
64
0
2688
1024
64
1
2688
1088
64
1
2688
1152
64
1
2688
1216
64
1
2688
1280
64
1
2688
1344
64
1
2688
1408
64
1
2688
1472
64
1
2688
1536
64
1
2688
1600
64
1
2688
1664
64
1
2688
1728
64
1
2688
1792
64
1
2688
1856
64
1
2688
1920
64
1
2688
1984
64
1
4288
0
64
0
4416
64
64
0
4544
128
64
0
4672
192
64
0
5312
256
64
0
5440
320
64
0
5568
384
64
0
5696
448
64
0
6336
512
64
0
6464
576
64
0
6592
640
64
0
6720
704
64
0
7360
768
64
0
7488
832
64
0
7616
896
64
0
7744
960
64
0
2752
1024
64
1
2752
1088
64
1
2752
1152
64
1
2752
1216
64
1
2752
1280
64
1
2752
1344
64
1
2752
1408
64
1
2752
1472
64
1
2752
1536
64
1
2752
1600
64
1
2752
1664
64
1
2752
1728
64
1
2752
1792
64
1
2752
1856
64
1
2752
1920
64
1
2752
1984
64
1
4352
0
64
0
4480
64
64
0
4608
128
64
0
4736
192
64
0
5376
256
64
0
5504
320
64
0
5632
384
64
0
5760
448
64
0
6400
512
64
0
6528
576
64
0
6656
640
64
0
6784
704
64
0
7424
768
64
0
7552
832
64
0
7680
896
64
0
7808
960
64
0
2816
1024
64
1
2816
1088
64
1
2816
1152
64
1
2816
1216
64
1
2816
1280
64
1
2816
1344
64
1
2816
1408
64
1
2816
1472
64
1
2816
1536
64
1
2816
1600
64
1
2816
1664
64
1
2816
1728
64
1
2816
1792
64
1
2816
1856
64
1
2816
1920
64
1
2816
1984
64
1
4416
0
64
0
4544
64
64
0
4672
128
64
0
4800
192
64
0
5440
256
64
0
5568
320
64
0
5696
384
64
0
5824
448
64
0
6464
512
64
0
6592
576
64
0
6720
640
64
0
6848
704
64
0
7488
768
64
0
7616
832
64
0
7744
896
64
0
7872
960
64
0
2880
1024
64
1
2880
1088
64
1
2880
1152
64
1
2880
1216
64
1
2880
1280
64
1
2880
1344
64
1
2880
1408
64
1
2880
1472
64
1
2880
1536
64
1
2880
1600
64
1
2880
1664
64
1
2880
1728
64
1
2880
1792
64
1
2880
1856
64
1
2880
1920
64
1
2880
1984
64
1
4480
0
64
0
4608
64
64
0
4736
128
64
0
4864
192
64
0
5504
256
64
0
5632
320
64
0
5760
384
64
0
5888
448
64
0
6528
512
64
0
6656
576
64
0
6784
640
64
0
6912
704
64
0
7552
768
64
0
7680
832
64
0
7808
896
64
0
7936
960
64
0
2944
1024
64
1
2944
1088
64
1
2944
1152
64
1
2944
1216
64
1
2944
1280
64
1
2944
1344
64
1
2944
1408
64
1
2944
1472
64
1
2944
1536
64
1
2944
1600
64
1
2944
1664
64
1
2944
1728
64
1
2944
1792
64
1
2944
1856
64
1
2944
1920
64
1
2944
1984
64
1
4544
0
64
0
4672
64
64
0
4800
128
64
0
4928
192
64
0
5568
256
64
0
5696
320
64
0
5824
384
64
0
5952
448
64
0
6592
512
64
0
6720
576
64
0
6848
640
64
0
6976
704
64
0
7616
768
64
0
7744
832
64
0
7872
896
64
0
8000
960
64
0
3008
1024
64
1
3008
1088
64
1
3008
1152
64
1
3008
1216
64
1
3008
1280
64
1
3008
1344
64
1
3008
1408
64
1
3008
1472
64
1
3008
1536
64
1
3008
1600
64
1
3008
1664
64
1
3008
1728
64
1
3008
1792
64
1
3008
1856
64
1
3008
1920
64
1
3008
1984
64
1
4608
0
64
0
4736
64
64
0
4864
128
64
0
4992
192
64
0
5632
256
64
0
5760
320
64
0
5888
384
64
0
6016
448
64
0
6656
512
64
0
6784
576
64
0
6912
640
64
0
7040
704
64
0
7680
768
64
0
7808
832
64
0
7936
896
64
0
8064
960
64
0
3072
1024
64
1
3072
1088
64
1
3072
1152
64
1
3072
1216
64
1
3072
1280
64
1
3072
1344
64
1
3072
1408
64
1
3072
1472
64
1
3072
1536
64
1
3072
1600
64
1
3072
1664
64
1
3072
1728
64
1
3072
1792
64
1
3072
1856
64
1
3072
1920
64
1
3072
1984
64
1
4672
0
64
0
4800
64
64
0
4928
128
64
0
5056
192
64
0
5696
256
64
0
5824
320
64
0
5952
384
64
0
6080
448
64
0
6720
512
64
0
6848
576
64
0
6976
640
64
0
7104
704
64
0
7744
768
64
0
7872
832
64
0
8000
896
64
0
8128
960
64
0
3136
1024
64
1
3136
1088
64
1
3136
1152
64
1
3136
1216
64
1
3136
1280
64
1
3136
1344
64
1
3136
1408
64
1
3136
1472
64
1
3136
1536
64
1
3136
1600
64
1
3136
1664
64
1
3136
1728
64
1
3136
1792
64
1
3136
1856
64
1
3136
1920
64
1
3136
1984
64
1
