0
0
64
1
0
64
64
1
0
128
64
1
0
192
64
1
0
256
64
1
0
320
64
1
1024
384
64
0
1280
448
64
0
1536
512
64
0
0
576
64
1
0
640
64
1
2816
704
64
0
3072
768
64
0
3328
832
64
0
0
896
64
1
0
960
64
1
4608
1024
64
0
4864
1088
64
0
5120
1152
64
0
0
1216
64
1
0
1280
64
1
0
1344
64
1
0
1408
64
1
0
1472
64
1
0
1536
64
1
0
1600
64
1
0
1664
64
1
0
1728
64
1
0
1792
64
1
0
1856
64
1
0
1920
64
1
0
1984
64
1
64
0
64
1
64
64
64
1
64
128
64
1
64
192
64
1
64
256
64
1
64
320
64
1
1088
384
64
0
1344
448
64
0
1600
512
64
0
64
576
64
1
64
640
64
1
2880
704
64
0
3136
768
64
0
3392
832
64
0
64
896
64
1
64
960
64
1
4672
1024
64
0
4928
1088
64
0
5184
1152
64
0
64
1216
64
1
64
1280
64
1
64
1344
64
1
64
1408
64
1
64
1472
64
1
64
1536
64
1
64
1600
64
1
64
1664
64
1
64
1728
64
1
64
1792
64
1
64
1856
64
1
64
1920
64
1
64
1984
64
1
