0
0
32
0
64
32
32
0
128
64
32
0
192
96
32
0
256
128
32
0
320
160
32
0
384
192
32
0
448
224
32
0
512
256
32
0
576
288
32
0
640
320
32
0
704
352
32
0
768
384
32
0
832
416
32
0
896
448
32
0
960
480
32
0
1024
512
32
0
1088
544
32
0
1152
576
32
0
1216
608
32
0
1280
640
32
0
1344
672
32
0
1408
704
32
0
1472
736
32
0
1536
768
32
0
0
800
32
1
0
832
32
1
0
864
32
1
0
896
32
1
0
928
32
1
0
960
32
1
0
992
32
1
32
0
32
0
96
32
32
0
160
64
32
0
224
96
32
0
288
128
32
0
352
160
32
0
416
192
32
0
480
224
32
0
544
256
32
0
608
288
32
0
672
320
32
0
736
352
32
0
800
384
32
0
864
416
32
0
928
448
32
0
992
480
32
0
1056
512
32
0
1120
544
32
0
1184
576
32
0
1248
608
32
0
1312
640
32
0
1376
672
32
0
1440
704
32
0
1504
736
32
0
1568
768
32
0
32
800
32
1
32
832
32
1
32
864
32
1
32
896
32
1
32
928
32
1
32
960
32
1
32
992
32
1
