0
0
64
0
1024
64
64
0
2048
128
64
0
3072
192
64
0
7168
256
64
0
8192
320
64
0
9216
384
64
0
10240
448
64
0
14336
512
64
0
15360
576
64
0
16384
640
64
0
17408
704
64
0
21504
768
64
0
22528
832
64
0
23552
896
64
0
24576
960
64
0
0
1024
64
1
0
1088
64
1
0
1152
64
1
0
1216
64
1
0
1280
64
1
0
1344
64
1
0
1408
64
1
0
1472
64
1
0
1536
64
1
0
1600
64
1
0
1664
64
1
0
1728
64
1
0
1792
64
1
0
1856
64
1
0
1920
64
1
0
1984
64
1
64
0
64
0
1088
64
64
0
2112
128
64
0
3136
192
64
0
7232
256
64
0
8256
320
64
0
9280
384
64
0
10304
448
64
0
14400
512
64
0
15424
576
64
0
16448
640
64
0
17472
704
64
0
21568
768
64
0
22592
832
64
0
23616
896
64
0
24640
960
64
0
64
1024
64
1
64
1088
64
1
64
1152
64
1
64
1216
64
1
64
1280
64
1
64
1344
64
1
64
1408
64
1
64
1472
64
1
64
1536
64
1
64
1600
64
1
64
1664
64
1
64
1728
64
1
64
1792
64
1
64
1856
64
1
64
1920
64
1
64
1984
64
1
128
0
64
0
1152
64
64
0
2176
128
64
0
3200
192
64
0
7296
256
64
0
8320
320
64
0
9344
384
64
0
10368
448
64
0
14464
512
64
0
15488
576
64
0
16512
640
64
0
17536
704
64
0
21632
768
64
0
22656
832
64
0
23680
896
64
0
24704
960
64
0
128
1024
64
1
128
1088
64
1
128
1152
64
1
128
1216
64
1
128
1280
64
1
128
1344
64
1
128
1408
64
1
128
1472
64
1
128
1536
64
1
128
1600
64
1
128
1664
64
1
128
1728
64
1
128
1792
64
1
128
1856
64
1
128
1920
64
1
128
1984
64
1
192
0
64
0
1216
64
64
0
2240
128
64
0
3264
192
64
0
7360
256
64
0
8384
320
64
0
9408
384
64
0
10432
448
64
0
14528
512
64
0
15552
576
64
0
16576
640
64
0
17600
704
64
0
21696
768
64
0
22720
832
64
0
23744
896
64
0
24768
960
64
0
192
1024
64
1
192
1088
64
1
192
1152
64
1
192
1216
64
1
192
1280
64
1
192
1344
64
1
192
1408
64
1
192
1472
64
1
192
1536
64
1
192
1600
64
1
192
1664
64
1
192
1728
64
1
192
1792
64
1
192
1856
64
1
192
1920
64
1
192
1984
64
1
256
0
64
0
1280
64
64
0
2304
128
64
0
3328
192
64
0
7424
256
64
0
8448
320
64
0
9472
384
64
0
10496
448
64
0
14592
512
64
0
15616
576
64
0
16640
640
64
0
17664
704
64
0
21760
768
64
0
22784
832
64
0
23808
896
64
0
24832
960
64
0
256
1024
64
1
256
1088
64
1
256
1152
64
1
256
1216
64
1
256
1280
64
1
256
1344
64
1
256
1408
64
1
256
1472
64
1
256
1536
64
1
256
1600
64
1
256
1664
64
1
256
1728
64
1
256
1792
64
1
256
1856
64
1
256
1920
64
1
256
1984
64
1
320
0
64
0
1344
64
64
0
2368
128
64
0
3392
192
64
0
7488
256
64
0
8512
320
64
0
9536
384
64
0
10560
448
64
0
14656
512
64
0
15680
576
64
0
16704
640
64
0
17728
704
64
0
21824
768
64
0
22848
832
64
0
23872
896
64
0
24896
960
64
0
320
1024
64
1
320
1088
64
1
320
1152
64
1
320
1216
64
1
320
1280
64
1
320
1344
64
1
320
1408
64
1
320
1472
64
1
320
1536
64
1
320
1600
64
1
320
1664
64
1
320
1728
64
1
320
1792
64
1
320
1856
64
1
320
1920
64
1
320
1984
64
1
384
0
64
0
1408
64
64
0
2432
128
64
0
3456
192
64
0
7552
256
64
0
8576
320
64
0
9600
384
64
0
10624
448
64
0
14720
512
64
0
15744
576
64
0
16768
640
64
0
17792
704
64
0
21888
768
64
0
22912
832
64
0
23936
896
64
0
24960
960
64
0
384
1024
64
1
384
1088
64
1
384
1152
64
1
384
1216
64
1
384
1280
64
1
384
1344
64
1
384
1408
64
1
384
1472
64
1
384
1536
64
1
384
1600
64
1
384
1664
64
1
384
1728
64
1
384
1792
64
1
384
1856
64
1
384
1920
64
1
384
1984
64
1
448
0
64
0
1472
64
64
0
2496
128
64
0
3520
192
64
0
7616
256
64
0
8640
320
64
0
9664
384
64
0
10688
448
64
0
14784
512
64
0
15808
576
64
0
16832
640
64
0
17856
704
64
0
21952
768
64
0
22976
832
64
0
24000
896
64
0
25024
960
64
0
448
1024
64
1
448
1088
64
1
448
1152
64
1
448
1216
64
1
448
1280
64
1
448
1344
64
1
448
1408
64
1
448
1472
64
1
448
1536
64
1
448
1600
64
1
448
1664
64
1
448
1728
64
1
448
1792
64
1
448
1856
64
1
448
1920
64
1
448
1984
64
1
