0
0
64
1
0
64
64
1
0
128
64
1
0
192
64
1
0
256
64
1
0
320
64
1
1152
384
64
0
1408
448
64
0
1664
512
64
0
1920
576
64
0
0
640
64
1
3200
704
64
0
3456
768
64
0
3712
832
64
0
3968
896
64
0
0
960
64
1
5248
1024
64
0
5504
1088
64
0
5760
1152
64
0
6016
1216
64
0
0
1280
64
1
7296
1344
64
0
7552
1408
64
0
7808
1472
64
0
8064
1536
64
0
0
1600
64
1
0
1664
64
1
0
1728
64
1
0
1792
64
1
0
1856
64
1
0
1920
64
1
0
1984
64
1
64
0
64
1
64
64
64
1
64
128
64
1
64
192
64
1
64
256
64
1
64
320
64
1
1216
384
64
0
1472
448
64
0
1728
512
64
0
1984
576
64
0
64
640
64
1
3264
704
64
0
3520
768
64
0
3776
832
64
0
4032
896
64
0
64
960
64
1
5312
1024
64
0
5568
1088
64
0
5824
1152
64
0
6080
1216
64
0
64
1280
64
1
7360
1344
64
0
7616
1408
64
0
7872
1472
64
0
8128
1536
64
0
64
1600
64
1
64
1664
64
1
64
1728
64
1
64
1792
64
1
64
1856
64
1
64
1920
64
1
64
1984
64
1
