0
0
64
0
1024
64
64
0
2048
128
64
0
3072
192
64
0
4096
256
64
0
5120
320
64
0
6144
384
64
0
7168
448
64
0
8192
512
64
0
9216
576
64
0
10240
640
64
0
11264
704
64
0
12288
768
64
0
13312
832
64
0
14336
896
64
0
15360
960
64
0
16384
1024
64
0
17408
1088
64
0
18432
1152
64
0
19456
1216
64
0
20480
1280
64
0
21504
1344
64
0
22528
1408
64
0
23552
1472
64
0
24576
1536
64
0
25600
1600
64
0
26624
1664
64
0
27648
1728
64
0
28672
1792
64
0
29696
1856
64
0
30720
1920
64
0
31744
1984
64
0
64
0
64
0
1088
64
64
0
2112
128
64
0
3136
192
64
0
4160
256
64
0
5184
320
64
0
6208
384
64
0
7232
448
64
0
8256
512
64
0
9280
576
64
0
10304
640
64
0
11328
704
64
0
12352
768
64
0
13376
832
64
0
14400
896
64
0
15424
960
64
0
16448
1024
64
0
17472
1088
64
0
18496
1152
64
0
19520
1216
64
0
20544
1280
64
0
21568
1344
64
0
22592
1408
64
0
23616
1472
64
0
24640
1536
64
0
25664
1600
64
0
26688
1664
64
0
27712
1728
64
0
28736
1792
64
0
29760
1856
64
0
30784
1920
64
0
31808
1984
64
0
128
0
64
0
1152
64
64
0
2176
128
64
0
3200
192
64
0
4224
256
64
0
5248
320
64
0
6272
384
64
0
7296
448
64
0
8320
512
64
0
9344
576
64
0
10368
640
64
0
11392
704
64
0
12416
768
64
0
13440
832
64
0
14464
896
64
0
15488
960
64
0
16512
1024
64
0
17536
1088
64
0
18560
1152
64
0
19584
1216
64
0
20608
1280
64
0
21632
1344
64
0
22656
1408
64
0
23680
1472
64
0
24704
1536
64
0
25728
1600
64
0
26752
1664
64
0
27776
1728
64
0
28800
1792
64
0
29824
1856
64
0
30848
1920
64
0
31872
1984
64
0
192
0
64
0
1216
64
64
0
2240
128
64
0
3264
192
64
0
4288
256
64
0
5312
320
64
0
6336
384
64
0
7360
448
64
0
8384
512
64
0
9408
576
64
0
10432
640
64
0
11456
704
64
0
12480
768
64
0
13504
832
64
0
14528
896
64
0
15552
960
64
0
16576
1024
64
0
17600
1088
64
0
18624
1152
64
0
19648
1216
64
0
20672
1280
64
0
21696
1344
64
0
22720
1408
64
0
23744
1472
64
0
24768
1536
64
0
25792
1600
64
0
26816
1664
64
0
27840
1728
64
0
28864
1792
64
0
29888
1856
64
0
30912
1920
64
0
31936
1984
64
0
256
0
64
0
1280
64
64
0
2304
128
64
0
3328
192
64
0
4352
256
64
0
5376
320
64
0
6400
384
64
0
7424
448
64
0
8448
512
64
0
9472
576
64
0
10496
640
64
0
11520
704
64
0
12544
768
64
0
13568
832
64
0
14592
896
64
0
15616
960
64
0
16640
1024
64
0
17664
1088
64
0
18688
1152
64
0
19712
1216
64
0
20736
1280
64
0
21760
1344
64
0
22784
1408
64
0
23808
1472
64
0
24832
1536
64
0
25856
1600
64
0
26880
1664
64
0
27904
1728
64
0
28928
1792
64
0
29952
1856
64
0
30976
1920
64
0
32000
1984
64
0
320
0
64
0
1344
64
64
0
2368
128
64
0
3392
192
64
0
4416
256
64
0
5440
320
64
0
6464
384
64
0
7488
448
64
0
8512
512
64
0
9536
576
64
0
10560
640
64
0
11584
704
64
0
12608
768
64
0
13632
832
64
0
14656
896
64
0
15680
960
64
0
16704
1024
64
0
17728
1088
64
0
18752
1152
64
0
19776
1216
64
0
20800
1280
64
0
21824
1344
64
0
22848
1408
64
0
23872
1472
64
0
24896
1536
64
0
25920
1600
64
0
26944
1664
64
0
27968
1728
64
0
28992
1792
64
0
30016
1856
64
0
31040
1920
64
0
32064
1984
64
0
384
0
64
0
1408
64
64
0
2432
128
64
0
3456
192
64
0
4480
256
64
0
5504
320
64
0
6528
384
64
0
7552
448
64
0
8576
512
64
0
9600
576
64
0
10624
640
64
0
11648
704
64
0
12672
768
64
0
13696
832
64
0
14720
896
64
0
15744
960
64
0
16768
1024
64
0
17792
1088
64
0
18816
1152
64
0
19840
1216
64
0
20864
1280
64
0
21888
1344
64
0
22912
1408
64
0
23936
1472
64
0
24960
1536
64
0
25984
1600
64
0
27008
1664
64
0
28032
1728
64
0
29056
1792
64
0
30080
1856
64
0
31104
1920
64
0
32128
1984
64
0
448
0
64
0
1472
64
64
0
2496
128
64
0
3520
192
64
0
4544
256
64
0
5568
320
64
0
6592
384
64
0
7616
448
64
0
8640
512
64
0
9664
576
64
0
10688
640
64
0
11712
704
64
0
12736
768
64
0
13760
832
64
0
14784
896
64
0
15808
960
64
0
16832
1024
64
0
17856
1088
64
0
18880
1152
64
0
19904
1216
64
0
20928
1280
64
0
21952
1344
64
0
22976
1408
64
0
24000
1472
64
0
25024
1536
64
0
26048
1600
64
0
27072
1664
64
0
28096
1728
64
0
29120
1792
64
0
30144
1856
64
0
31168
1920
64
0
32192
1984
64
0
512
0
64
0
1536
64
64
0
2560
128
64
0
3584
192
64
0
4608
256
64
0
5632
320
64
0
6656
384
64
0
7680
448
64
0
8704
512
64
0
9728
576
64
0
10752
640
64
0
11776
704
64
0
12800
768
64
0
13824
832
64
0
14848
896
64
0
15872
960
64
0
16896
1024
64
0
17920
1088
64
0
18944
1152
64
0
19968
1216
64
0
20992
1280
64
0
22016
1344
64
0
23040
1408
64
0
24064
1472
64
0
25088
1536
64
0
26112
1600
64
0
27136
1664
64
0
28160
1728
64
0
29184
1792
64
0
30208
1856
64
0
31232
1920
64
0
32256
1984
64
0
576
0
64
0
1600
64
64
0
2624
128
64
0
3648
192
64
0
4672
256
64
0
5696
320
64
0
6720
384
64
0
7744
448
64
0
8768
512
64
0
9792
576
64
0
10816
640
64
0
11840
704
64
0
12864
768
64
0
13888
832
64
0
14912
896
64
0
15936
960
64
0
16960
1024
64
0
17984
1088
64
0
19008
1152
64
0
20032
1216
64
0
21056
1280
64
0
22080
1344
64
0
23104
1408
64
0
24128
1472
64
0
25152
1536
64
0
26176
1600
64
0
27200
1664
64
0
28224
1728
64
0
29248
1792
64
0
30272
1856
64
0
31296
1920
64
0
32320
1984
64
0
640
0
64
0
1664
64
64
0
2688
128
64
0
3712
192
64
0
4736
256
64
0
5760
320
64
0
6784
384
64
0
7808
448
64
0
8832
512
64
0
9856
576
64
0
10880
640
64
0
11904
704
64
0
12928
768
64
0
13952
832
64
0
14976
896
64
0
16000
960
64
0
17024
1024
64
0
18048
1088
64
0
19072
1152
64
0
20096
1216
64
0
21120
1280
64
0
22144
1344
64
0
23168
1408
64
0
24192
1472
64
0
25216
1536
64
0
26240
1600
64
0
27264
1664
64
0
28288
1728
64
0
29312
1792
64
0
30336
1856
64
0
31360
1920
64
0
32384
1984
64
0
704
0
64
0
1728
64
64
0
2752
128
64
0
3776
192
64
0
4800
256
64
0
5824
320
64
0
6848
384
64
0
7872
448
64
0
8896
512
64
0
9920
576
64
0
10944
640
64
0
11968
704
64
0
12992
768
64
0
14016
832
64
0
15040
896
64
0
16064
960
64
0
17088
1024
64
0
18112
1088
64
0
19136
1152
64
0
20160
1216
64
0
21184
1280
64
0
22208
1344
64
0
23232
1408
64
0
24256
1472
64
0
25280
1536
64
0
26304
1600
64
0
27328
1664
64
0
28352
1728
64
0
29376
1792
64
0
30400
1856
64
0
31424
1920
64
0
32448
1984
64
0
768
0
64
0
1792
64
64
0
2816
128
64
0
3840
192
64
0
4864
256
64
0
5888
320
64
0
6912
384
64
0
7936
448
64
0
8960
512
64
0
9984
576
64
0
11008
640
64
0
12032
704
64
0
13056
768
64
0
14080
832
64
0
15104
896
64
0
16128
960
64
0
17152
1024
64
0
18176
1088
64
0
19200
1152
64
0
20224
1216
64
0
21248
1280
64
0
22272
1344
64
0
23296
1408
64
0
24320
1472
64
0
25344
1536
64
0
26368
1600
64
0
27392
1664
64
0
28416
1728
64
0
29440
1792
64
0
30464
1856
64
0
31488
1920
64
0
32512
1984
64
0
832
0
64
0
1856
64
64
0
2880
128
64
0
3904
192
64
0
4928
256
64
0
5952
320
64
0
6976
384
64
0
8000
448
64
0
9024
512
64
0
10048
576
64
0
11072
640
64
0
12096
704
64
0
13120
768
64
0
14144
832
64
0
15168
896
64
0
16192
960
64
0
17216
1024
64
0
18240
1088
64
0
19264
1152
64
0
20288
1216
64
0
21312
1280
64
0
22336
1344
64
0
23360
1408
64
0
24384
1472
64
0
25408
1536
64
0
26432
1600
64
0
27456
1664
64
0
28480
1728
64
0
29504
1792
64
0
30528
1856
64
0
31552
1920
64
0
32576
1984
64
0
896
0
64
0
1920
64
64
0
2944
128
64
0
3968
192
64
0
4992
256
64
0
6016
320
64
0
7040
384
64
0
8064
448
64
0
9088
512
64
0
10112
576
64
0
11136
640
64
0
12160
704
64
0
13184
768
64
0
14208
832
64
0
15232
896
64
0
16256
960
64
0
17280
1024
64
0
18304
1088
64
0
19328
1152
64
0
20352
1216
64
0
21376
1280
64
0
22400
1344
64
0
23424
1408
64
0
24448
1472
64
0
25472
1536
64
0
26496
1600
64
0
27520
1664
64
0
28544
1728
64
0
29568
1792
64
0
30592
1856
64
0
31616
1920
64
0
32640
1984
64
0
960
0
64
0
1984
64
64
0
3008
128
64
0
4032
192
64
0
5056
256
64
0
6080
320
64
0
7104
384
64
0
8128
448
64
0
9152
512
64
0
10176
576
64
0
11200
640
64
0
12224
704
64
0
13248
768
64
0
14272
832
64
0
15296
896
64
0
16320
960
64
0
17344
1024
64
0
18368
1088
64
0
19392
1152
64
0
20416
1216
64
0
21440
1280
64
0
22464
1344
64
0
23488
1408
64
0
24512
1472
64
0
25536
1536
64
0
26560
1600
64
0
27584
1664
64
0
28608
1728
64
0
29632
1792
64
0
30656
1856
64
0
31680
1920
64
0
32704
1984
64
0
32768
0
64
0
33792
64
64
0
34816
128
64
0
35840
192
64
0
36864
256
64
0
37888
320
64
0
38912
384
64
0
39936
448
64
0
40960
512
64
0
41984
576
64
0
43008
640
64
0
44032
704
64
0
45056
768
64
0
46080
832
64
0
47104
896
64
0
48128
960
64
0
49152
1024
64
0
0
1088
64
1
0
1152
64
1
0
1216
64
1
0
1280
64
1
0
1344
64
1
0
1408
64
1
0
1472
64
1
0
1536
64
1
0
1600
64
1
0
1664
64
1
0
1728
64
1
0
1792
64
1
0
1856
64
1
0
1920
64
1
0
1984
64
1
32832
0
64
0
33856
64
64
0
34880
128
64
0
35904
192
64
0
36928
256
64
0
37952
320
64
0
38976
384
64
0
40000
448
64
0
41024
512
64
0
42048
576
64
0
43072
640
64
0
44096
704
64
0
45120
768
64
0
46144
832
64
0
47168
896
64
0
48192
960
64
0
49216
1024
64
0
64
1088
64
1
64
1152
64
1
64
1216
64
1
64
1280
64
1
64
1344
64
1
64
1408
64
1
64
1472
64
1
64
1536
64
1
64
1600
64
1
64
1664
64
1
64
1728
64
1
64
1792
64
1
64
1856
64
1
64
1920
64
1
64
1984
64
1
32896
0
64
0
33920
64
64
0
34944
128
64
0
35968
192
64
0
36992
256
64
0
38016
320
64
0
39040
384
64
0
40064
448
64
0
41088
512
64
0
42112
576
64
0
43136
640
64
0
44160
704
64
0
45184
768
64
0
46208
832
64
0
47232
896
64
0
48256
960
64
0
49280
1024
64
0
128
1088
64
1
128
1152
64
1
128
1216
64
1
128
1280
64
1
128
1344
64
1
128
1408
64
1
128
1472
64
1
128
1536
64
1
128
1600
64
1
128
1664
64
1
128
1728
64
1
128
1792
64
1
128
1856
64
1
128
1920
64
1
128
1984
64
1
32960
0
64
0
33984
64
64
0
35008
128
64
0
36032
192
64
0
37056
256
64
0
38080
320
64
0
39104
384
64
0
40128
448
64
0
41152
512
64
0
42176
576
64
0
43200
640
64
0
44224
704
64
0
45248
768
64
0
46272
832
64
0
47296
896
64
0
48320
960
64
0
49344
1024
64
0
192
1088
64
1
192
1152
64
1
192
1216
64
1
192
1280
64
1
192
1344
64
1
192
1408
64
1
192
1472
64
1
192
1536
64
1
192
1600
64
1
192
1664
64
1
192
1728
64
1
192
1792
64
1
192
1856
64
1
192
1920
64
1
192
1984
64
1
33024
0
64
0
34048
64
64
0
35072
128
64
0
36096
192
64
0
37120
256
64
0
38144
320
64
0
39168
384
64
0
40192
448
64
0
41216
512
64
0
42240
576
64
0
43264
640
64
0
44288
704
64
0
45312
768
64
0
46336
832
64
0
47360
896
64
0
48384
960
64
0
49408
1024
64
0
256
1088
64
1
256
1152
64
1
256
1216
64
1
256
1280
64
1
256
1344
64
1
256
1408
64
1
256
1472
64
1
256
1536
64
1
256
1600
64
1
256
1664
64
1
256
1728
64
1
256
1792
64
1
256
1856
64
1
256
1920
64
1
256
1984
64
1
33088
0
64
0
34112
64
64
0
35136
128
64
0
36160
192
64
0
37184
256
64
0
38208
320
64
0
39232
384
64
0
40256
448
64
0
41280
512
64
0
42304
576
64
0
43328
640
64
0
44352
704
64
0
45376
768
64
0
46400
832
64
0
47424
896
64
0
48448
960
64
0
49472
1024
64
0
320
1088
64
1
320
1152
64
1
320
1216
64
1
320
1280
64
1
320
1344
64
1
320
1408
64
1
320
1472
64
1
320
1536
64
1
320
1600
64
1
320
1664
64
1
320
1728
64
1
320
1792
64
1
320
1856
64
1
320
1920
64
1
320
1984
64
1
33152
0
64
0
34176
64
64
0
35200
128
64
0
36224
192
64
0
37248
256
64
0
38272
320
64
0
39296
384
64
0
40320
448
64
0
41344
512
64
0
42368
576
64
0
43392
640
64
0
44416
704
64
0
45440
768
64
0
46464
832
64
0
47488
896
64
0
48512
960
64
0
49536
1024
64
0
384
1088
64
1
384
1152
64
1
384
1216
64
1
384
1280
64
1
384
1344
64
1
384
1408
64
1
384
1472
64
1
384
1536
64
1
384
1600
64
1
384
1664
64
1
384
1728
64
1
384
1792
64
1
384
1856
64
1
384
1920
64
1
384
1984
64
1
33216
0
64
0
34240
64
64
0
35264
128
64
0
36288
192
64
0
37312
256
64
0
38336
320
64
0
39360
384
64
0
40384
448
64
0
41408
512
64
0
42432
576
64
0
43456
640
64
0
44480
704
64
0
45504
768
64
0
46528
832
64
0
47552
896
64
0
48576
960
64
0
49600
1024
64
0
448
1088
64
1
448
1152
64
1
448
1216
64
1
448
1280
64
1
448
1344
64
1
448
1408
64
1
448
1472
64
1
448
1536
64
1
448
1600
64
1
448
1664
64
1
448
1728
64
1
448
1792
64
1
448
1856
64
1
448
1920
64
1
448
1984
64
1
33280
0
64
0
34304
64
64
0
35328
128
64
0
36352
192
64
0
37376
256
64
0
38400
320
64
0
39424
384
64
0
40448
448
64
0
41472
512
64
0
42496
576
64
0
43520
640
64
0
44544
704
64
0
45568
768
64
0
46592
832
64
0
47616
896
64
0
48640
960
64
0
49664
1024
64
0
512
1088
64
1
512
1152
64
1
512
1216
64
1
512
1280
64
1
512
1344
64
1
512
1408
64
1
512
1472
64
1
512
1536
64
1
512
1600
64
1
512
1664
64
1
512
1728
64
1
512
1792
64
1
512
1856
64
1
512
1920
64
1
512
1984
64
1
33344
0
64
0
34368
64
64
0
35392
128
64
0
36416
192
64
0
37440
256
64
0
38464
320
64
0
39488
384
64
0
40512
448
64
0
41536
512
64
0
42560
576
64
0
43584
640
64
0
44608
704
64
0
45632
768
64
0
46656
832
64
0
47680
896
64
0
48704
960
64
0
49728
1024
64
0
576
1088
64
1
576
1152
64
1
576
1216
64
1
576
1280
64
1
576
1344
64
1
576
1408
64
1
576
1472
64
1
576
1536
64
1
576
1600
64
1
576
1664
64
1
576
1728
64
1
576
1792
64
1
576
1856
64
1
576
1920
64
1
576
1984
64
1
33408
0
64
0
34432
64
64
0
35456
128
64
0
36480
192
64
0
37504
256
64
0
38528
320
64
0
39552
384
64
0
40576
448
64
0
41600
512
64
0
42624
576
64
0
43648
640
64
0
44672
704
64
0
45696
768
64
0
46720
832
64
0
47744
896
64
0
48768
960
64
0
49792
1024
64
0
640
1088
64
1
640
1152
64
1
640
1216
64
1
640
1280
64
1
640
1344
64
1
640
1408
64
1
640
1472
64
1
640
1536
64
1
640
1600
64
1
640
1664
64
1
640
1728
64
1
640
1792
64
1
640
1856
64
1
640
1920
64
1
640
1984
64
1
33472
0
64
0
34496
64
64
0
35520
128
64
0
36544
192
64
0
37568
256
64
0
38592
320
64
0
39616
384
64
0
40640
448
64
0
41664
512
64
0
42688
576
64
0
43712
640
64
0
44736
704
64
0
45760
768
64
0
46784
832
64
0
47808
896
64
0
48832
960
64
0
49856
1024
64
0
704
1088
64
1
704
1152
64
1
704
1216
64
1
704
1280
64
1
704
1344
64
1
704
1408
64
1
704
1472
64
1
704
1536
64
1
704
1600
64
1
704
1664
64
1
704
1728
64
1
704
1792
64
1
704
1856
64
1
704
1920
64
1
704
1984
64
1
33536
0
64
0
34560
64
64
0
35584
128
64
0
36608
192
64
0
37632
256
64
0
38656
320
64
0
39680
384
64
0
40704
448
64
0
41728
512
64
0
42752
576
64
0
43776
640
64
0
44800
704
64
0
45824
768
64
0
46848
832
64
0
47872
896
64
0
48896
960
64
0
49920
1024
64
0
768
1088
64
1
768
1152
64
1
768
1216
64
1
768
1280
64
1
768
1344
64
1
768
1408
64
1
768
1472
64
1
768
1536
64
1
768
1600
64
1
768
1664
64
1
768
1728
64
1
768
1792
64
1
768
1856
64
1
768
1920
64
1
768
1984
64
1
33600
0
64
0
34624
64
64
0
35648
128
64
0
36672
192
64
0
37696
256
64
0
38720
320
64
0
39744
384
64
0
40768
448
64
0
41792
512
64
0
42816
576
64
0
43840
640
64
0
44864
704
64
0
45888
768
64
0
46912
832
64
0
47936
896
64
0
48960
960
64
0
49984
1024
64
0
832
1088
64
1
832
1152
64
1
832
1216
64
1
832
1280
64
1
832
1344
64
1
832
1408
64
1
832
1472
64
1
832
1536
64
1
832
1600
64
1
832
1664
64
1
832
1728
64
1
832
1792
64
1
832
1856
64
1
832
1920
64
1
832
1984
64
1
33664
0
64
0
34688
64
64
0
35712
128
64
0
36736
192
64
0
37760
256
64
0
38784
320
64
0
39808
384
64
0
40832
448
64
0
41856
512
64
0
42880
576
64
0
43904
640
64
0
44928
704
64
0
45952
768
64
0
46976
832
64
0
48000
896
64
0
49024
960
64
0
50048
1024
64
0
896
1088
64
1
896
1152
64
1
896
1216
64
1
896
1280
64
1
896
1344
64
1
896
1408
64
1
896
1472
64
1
896
1536
64
1
896
1600
64
1
896
1664
64
1
896
1728
64
1
896
1792
64
1
896
1856
64
1
896
1920
64
1
896
1984
64
1
33728
0
64
0
34752
64
64
0
35776
128
64
0
36800
192
64
0
37824
256
64
0
38848
320
64
0
39872
384
64
0
40896
448
64
0
41920
512
64
0
42944
576
64
0
43968
640
64
0
44992
704
64
0
46016
768
64
0
47040
832
64
0
48064
896
64
0
49088
960
64
0
50112
1024
64
0
960
1088
64
1
960
1152
64
1
960
1216
64
1
960
1280
64
1
960
1344
64
1
960
1408
64
1
960
1472
64
1
960
1536
64
1
960
1600
64
1
960
1664
64
1
960
1728
64
1
960
1792
64
1
960
1856
64
1
960
1920
64
1
960
1984
64
1
