0
0
64
1
0
64
64
1
0
128
64
1
0
192
64
1
0
256
64
1
1024
320
64
0
1280
384
64
0
1536
448
64
0
0
512
64
1
2816
576
64
0
3072
640
64
0
3328
704
64
0
0
768
64
1
4608
832
64
0
4864
896
64
0
5120
960
64
0
0
1024
64
1
0
1088
64
1
0
1152
64
1
0
1216
64
1
0
1280
64
1
0
1344
64
1
0
1408
64
1
0
1472
64
1
0
1536
64
1
0
1600
64
1
0
1664
64
1
0
1728
64
1
0
1792
64
1
0
1856
64
1
0
1920
64
1
0
1984
64
1
64
0
64
1
64
64
64
1
64
128
64
1
64
192
64
1
64
256
64
1
1088
320
64
0
1344
384
64
0
1600
448
64
0
64
512
64
1
2880
576
64
0
3136
640
64
0
3392
704
64
0
64
768
64
1
4672
832
64
0
4928
896
64
0
5184
960
64
0
64
1024
64
1
64
1088
64
1
64
1152
64
1
64
1216
64
1
64
1280
64
1
64
1344
64
1
64
1408
64
1
64
1472
64
1
64
1536
64
1
64
1600
64
1
64
1664
64
1
64
1728
64
1
64
1792
64
1
64
1856
64
1
64
1920
64
1
64
1984
64
1
0
0
64
1
0
64
64
1
0
128
64
1
0
192
64
1
896
256
64
0
1152
320
64
0
1408
384
64
0
1664
448
64
0
2688
512
64
0
2944
576
64
0
3200
640
64
0
3456
704
64
0
4480
768
64
0
4736
832
64
0
4992
896
64
0
5248
960
64
0
128
1024
64
1
128
1088
64
1
128
1152
64
1
128
1216
64
1
128
1280
64
1
128
1344
64
1
128
1408
64
1
128
1472
64
1
128
1536
64
1
128
1600
64
1
128
1664
64
1
128
1728
64
1
128
1792
64
1
128
1856
64
1
128
1920
64
1
128
1984
64
1
64
0
64
1
64
64
64
1
64
128
64
1
64
192
64
1
960
256
64
0
1216
320
64
0
1472
384
64
0
1728
448
64
0
2752
512
64
0
3008
576
64
0
3264
640
64
0
3520
704
64
0
4544
768
64
0
4800
832
64
0
5056
896
64
0
5312
960
64
0
192
1024
64
1
192
1088
64
1
192
1152
64
1
192
1216
64
1
192
1280
64
1
192
1344
64
1
192
1408
64
1
192
1472
64
1
192
1536
64
1
192
1600
64
1
192
1664
64
1
192
1728
64
1
192
1792
64
1
192
1856
64
1
192
1920
64
1
192
1984
64
1
0
0
64
1
0
64
64
1
0
128
64
1
0
192
64
1
1024
256
64
0
1280
320
64
0
1536
384
64
0
0
448
64
1
2816
512
64
0
3072
576
64
0
3328
640
64
0
0
704
64
1
4608
768
64
0
4864
832
64
0
5120
896
64
0
0
960
64
1
256
1024
64
1
256
1088
64
1
256
1152
64
1
256
1216
64
1
256
1280
64
1
256
1344
64
1
256
1408
64
1
256
1472
64
1
256
1536
64
1
256
1600
64
1
256
1664
64
1
256
1728
64
1
256
1792
64
1
256
1856
64
1
256
1920
64
1
256
1984
64
1
64
0
64
1
64
64
64
1
64
128
64
1
64
192
64
1
1088
256
64
0
1344
320
64
0
1600
384
64
0
64
448
64
1
2880
512
64
0
3136
576
64
0
3392
640
64
0
64
704
64
1
4672
768
64
0
4928
832
64
0
5184
896
64
0
64
960
64
1
320
1024
64
1
320
1088
64
1
320
1152
64
1
320
1216
64
1
320
1280
64
1
320
1344
64
1
320
1408
64
1
320
1472
64
1
320
1536
64
1
320
1600
64
1
320
1664
64
1
320
1728
64
1
320
1792
64
1
320
1856
64
1
320
1920
64
1
320
1984
64
1
0
0
64
1
128
64
64
0
384
128
64
0
640
192
64
0
0
256
64
1
1920
320
64
0
2176
384
64
0
2432
448
64
0
0
512
64
1
3712
576
64
0
3968
640
64
0
4224
704
64
0
0
768
64
1
5504
832
64
0
5760
896
64
0
6016
960
64
0
384
1024
64
1
384
1088
64
1
384
1152
64
1
384
1216
64
1
384
1280
64
1
384
1344
64
1
384
1408
64
1
384
1472
64
1
384
1536
64
1
384
1600
64
1
384
1664
64
1
384
1728
64
1
384
1792
64
1
384
1856
64
1
384
1920
64
1
384
1984
64
1
64
0
64
1
192
64
64
0
448
128
64
0
704
192
64
0
64
256
64
1
1984
320
64
0
2240
384
64
0
2496
448
64
0
64
512
64
1
3776
576
64
0
4032
640
64
0
4288
704
64
0
64
768
64
1
5568
832
64
0
5824
896
64
0
6080
960
64
0
448
1024
64
1
448
1088
64
1
448
1152
64
1
448
1216
64
1
448
1280
64
1
448
1344
64
1
448
1408
64
1
448
1472
64
1
448
1536
64
1
448
1600
64
1
448
1664
64
1
448
1728
64
1
448
1792
64
1
448
1856
64
1
448
1920
64
1
448
1984
64
1
0
0
64
0
256
64
64
0
512
128
64
0
768
192
64
0
1792
256
64
0
2048
320
64
0
2304
384
64
0
2560
448
64
0
3584
512
64
0
3840
576
64
0
4096
640
64
0
4352
704
64
0
5376
768
64
0
5632
832
64
0
5888
896
64
0
6144
960
64
0
512
1024
64
1
512
1088
64
1
512
1152
64
1
512
1216
64
1
512
1280
64
1
512
1344
64
1
512
1408
64
1
512
1472
64
1
512
1536
64
1
512
1600
64
1
512
1664
64
1
512
1728
64
1
512
1792
64
1
512
1856
64
1
512
1920
64
1
512
1984
64
1
64
0
64
0
320
64
64
0
576
128
64
0
832
192
64
0
1856
256
64
0
2112
320
64
0
2368
384
64
0
2624
448
64
0
3648
512
64
0
3904
576
64
0
4160
640
64
0
4416
704
64
0
5440
768
64
0
5696
832
64
0
5952
896
64
0
6208
960
64
0
576
1024
64
1
576
1088
64
1
576
1152
64
1
576
1216
64
1
576
1280
64
1
576
1344
64
1
576
1408
64
1
576
1472
64
1
576
1536
64
1
576
1600
64
1
576
1664
64
1
576
1728
64
1
576
1792
64
1
576
1856
64
1
576
1920
64
1
576
1984
64
1
128
0
64
0
384
64
64
0
640
128
64
0
0
192
64
1
1920
256
64
0
2176
320
64
0
2432
384
64
0
0
448
64
1
3712
512
64
0
3968
576
64
0
4224
640
64
0
0
704
64
1
5504
768
64
0
5760
832
64
0
6016
896
64
0
0
960
64
1
640
1024
64
1
640
1088
64
1
640
1152
64
1
640
1216
64
1
640
1280
64
1
640
1344
64
1
640
1408
64
1
640
1472
64
1
640
1536
64
1
640
1600
64
1
640
1664
64
1
640
1728
64
1
640
1792
64
1
640
1856
64
1
640
1920
64
1
640
1984
64
1
192
0
64
0
448
64
64
0
704
128
64
0
64
192
64
1
1984
256
64
0
2240
320
64
0
2496
384
64
0
64
448
64
1
3776
512
64
0
4032
576
64
0
4288
640
64
0
64
704
64
1
5568
768
64
0
5824
832
64
0
6080
896
64
0
64
960
64
1
704
1024
64
1
704
1088
64
1
704
1152
64
1
704
1216
64
1
704
1280
64
1
704
1344
64
1
704
1408
64
1
704
1472
64
1
704
1536
64
1
704
1600
64
1
704
1664
64
1
704
1728
64
1
704
1792
64
1
704
1856
64
1
704
1920
64
1
704
1984
64
1
0
0
64
1
1024
64
64
0
1280
128
64
0
1536
192
64
0
0
256
64
1
2816
320
64
0
3072
384
64
0
3328
448
64
0
0
512
64
1
4608
576
64
0
4864
640
64
0
5120
704
64
0
0
768
64
1
0
832
64
1
0
896
64
1
0
960
64
1
768
1024
64
1
768
1088
64
1
768
1152
64
1
768
1216
64
1
768
1280
64
1
768
1344
64
1
768
1408
64
1
768
1472
64
1
768
1536
64
1
768
1600
64
1
768
1664
64
1
768
1728
64
1
768
1792
64
1
768
1856
64
1
768
1920
64
1
768
1984
64
1
64
0
64
1
1088
64
64
0
1344
128
64
0
1600
192
64
0
64
256
64
1
2880
320
64
0
3136
384
64
0
3392
448
64
0
64
512
64
1
4672
576
64
0
4928
640
64
0
5184
704
64
0
64
768
64
1
64
832
64
1
64
896
64
1
64
960
64
1
832
1024
64
1
832
1088
64
1
832
1152
64
1
832
1216
64
1
832
1280
64
1
832
1344
64
1
832
1408
64
1
832
1472
64
1
832
1536
64
1
832
1600
64
1
832
1664
64
1
832
1728
64
1
832
1792
64
1
832
1856
64
1
832
1920
64
1
832
1984
64
1
896
0
64
0
1152
64
64
0
1408
128
64
0
1664
192
64
0
2688
256
64
0
2944
320
64
0
3200
384
64
0
3456
448
64
0
4480
512
64
0
4736
576
64
0
4992
640
64
0
5248
704
64
0
0
768
64
1
0
832
64
1
0
896
64
1
0
960
64
1
896
1024
64
1
896
1088
64
1
896
1152
64
1
896
1216
64
1
896
1280
64
1
896
1344
64
1
896
1408
64
1
896
1472
64
1
896
1536
64
1
896
1600
64
1
896
1664
64
1
896
1728
64
1
896
1792
64
1
896
1856
64
1
896
1920
64
1
896
1984
64
1
960
0
64
0
1216
64
64
0
1472
128
64
0
1728
192
64
0
2752
256
64
0
3008
320
64
0
3264
384
64
0
3520
448
64
0
4544
512
64
0
4800
576
64
0
5056
640
64
0
5312
704
64
0
64
768
64
1
64
832
64
1
64
896
64
1
64
960
64
1
960
1024
64
1
960
1088
64
1
960
1152
64
1
960
1216
64
1
960
1280
64
1
960
1344
64
1
960
1408
64
1
960
1472
64
1
960
1536
64
1
960
1600
64
1
960
1664
64
1
960
1728
64
1
960
1792
64
1
960
1856
64
1
960
1920
64
1
960
1984
64
1
1024
0
64
0
1280
64
64
0
1536
128
64
0
0
192
64
1
2816
256
64
0
3072
320
64
0
3328
384
64
0
0
448
64
1
4608
512
64
0
4864
576
64
0
5120
640
64
0
0
704
64
1
0
768
64
1
0
832
64
1
0
896
64
1
0
960
64
1
1024
1024
64
1
1024
1088
64
1
1024
1152
64
1
1024
1216
64
1
1024
1280
64
1
1024
1344
64
1
1024
1408
64
1
1024
1472
64
1
1024
1536
64
1
1024
1600
64
1
1024
1664
64
1
1024
1728
64
1
1024
1792
64
1
1024
1856
64
1
1024
1920
64
1
1024
1984
64
1
1088
0
64
0
1344
64
64
0
1600
128
64
0
64
192
64
1
2880
256
64
0
3136
320
64
0
3392
384
64
0
64
448
64
1
4672
512
64
0
4928
576
64
0
5184
640
64
0
64
704
64
1
64
768
64
1
64
832
64
1
64
896
64
1
64
960
64
1
1088
1024
64
1
1088
1088
64
1
1088
1152
64
1
1088
1216
64
1
1088
1280
64
1
1088
1344
64
1
1088
1408
64
1
1088
1472
64
1
1088
1536
64
1
1088
1600
64
1
1088
1664
64
1
1088
1728
64
1
1088
1792
64
1
1088
1856
64
1
1088
1920
64
1
1088
1984
64
1
