0
0
64
1
0
64
64
1
0
128
64
1
0
192
64
1
0
256
64
1
0
320
64
1
704
384
64
0
832
448
64
0
960
512
64
0
1088
576
64
0
0
640
64
1
1984
704
64
0
2112
768
64
0
2240
832
64
0
2368
896
64
0
0
960
64
1
3264
1024
64
0
3392
1088
64
0
3520
1152
64
0
3648
1216
64
0
0
1280
64
1
4544
1344
64
0
4672
1408
64
0
4800
1472
64
0
4928
1536
64
0
0
1600
64
1
0
1664
64
1
0
1728
64
1
0
1792
64
1
0
1856
64
1
0
1920
64
1
0
1984
64
1
0
0
64
1
0
64
64
1
0
128
64
1
0
192
64
1
0
256
64
1
640
320
64
0
768
384
64
0
896
448
64
0
1024
512
64
0
1152
576
64
0
1920
640
64
0
2048
704
64
0
2176
768
64
0
2304
832
64
0
2432
896
64
0
3200
960
64
0
3328
1024
64
0
3456
1088
64
0
3584
1152
64
0
3712
1216
64
0
4480
1280
64
0
4608
1344
64
0
4736
1408
64
0
4864
1472
64
0
4992
1536
64
0
64
1600
64
1
64
1664
64
1
64
1728
64
1
64
1792
64
1
64
1856
64
1
64
1920
64
1
64
1984
64
1
0
0
64
1
0
64
64
1
0
128
64
1
0
192
64
1
0
256
64
1
704
320
64
0
832
384
64
0
960
448
64
0
1088
512
64
0
1216
576
64
0
1984
640
64
0
2112
704
64
0
2240
768
64
0
2368
832
64
0
2496
896
64
0
3264
960
64
0
3392
1024
64
0
3520
1088
64
0
3648
1152
64
0
3776
1216
64
0
4544
1280
64
0
4672
1344
64
0
4800
1408
64
0
4928
1472
64
0
5056
1536
64
0
128
1600
64
1
128
1664
64
1
128
1728
64
1
128
1792
64
1
128
1856
64
1
128
1920
64
1
128
1984
64
1
0
0
64
1
64
64
64
0
192
128
64
0
320
192
64
0
448
256
64
0
0
320
64
1
1344
384
64
0
1472
448
64
0
1600
512
64
0
1728
576
64
0
0
640
64
1
2624
704
64
0
2752
768
64
0
2880
832
64
0
3008
896
64
0
0
960
64
1
3904
1024
64
0
4032
1088
64
0
4160
1152
64
0
4288
1216
64
0
0
1280
64
1
5184
1344
64
0
5312
1408
64
0
5440
1472
64
0
5568
1536
64
0
192
1600
64
1
192
1664
64
1
192
1728
64
1
192
1792
64
1
192
1856
64
1
192
1920
64
1
192
1984
64
1
0
0
64
0
128
64
64
0
256
128
64
0
384
192
64
0
512
256
64
0
1280
320
64
0
1408
384
64
0
1536
448
64
0
1664
512
64
0
1792
576
64
0
2560
640
64
0
2688
704
64
0
2816
768
64
0
2944
832
64
0
3072
896
64
0
3840
960
64
0
3968
1024
64
0
4096
1088
64
0
4224
1152
64
0
4352
1216
64
0
5120
1280
64
0
5248
1344
64
0
5376
1408
64
0
5504
1472
64
0
5632
1536
64
0
256
1600
64
1
256
1664
64
1
256
1728
64
1
256
1792
64
1
256
1856
64
1
256
1920
64
1
256
1984
64
1
64
0
64
0
192
64
64
0
320
128
64
0
448
192
64
0
576
256
64
0
1344
320
64
0
1472
384
64
0
1600
448
64
0
1728
512
64
0
1856
576
64
0
2624
640
64
0
2752
704
64
0
2880
768
64
0
3008
832
64
0
3136
896
64
0
3904
960
64
0
4032
1024
64
0
4160
1088
64
0
4288
1152
64
0
4416
1216
64
0
5184
1280
64
0
5312
1344
64
0
5440
1408
64
0
5568
1472
64
0
5696
1536
64
0
320
1600
64
1
320
1664
64
1
320
1728
64
1
320
1792
64
1
320
1856
64
1
320
1920
64
1
320
1984
64
1
0
0
64
1
704
64
64
0
832
128
64
0
960
192
64
0
1088
256
64
0
0
320
64
1
1984
384
64
0
2112
448
64
0
2240
512
64
0
2368
576
64
0
0
640
64
1
3264
704
64
0
3392
768
64
0
3520
832
64
0
3648
896
64
0
0
960
64
1
4544
1024
64
0
4672
1088
64
0
4800
1152
64
0
4928
1216
64
0
0
1280
64
1
5824
1344
64
0
5952
1408
64
0
6080
1472
64
0
6208
1536
64
0
384
1600
64
1
384
1664
64
1
384
1728
64
1
384
1792
64
1
384
1856
64
1
384
1920
64
1
384
1984
64
1
640
0
64
0
768
64
64
0
896
128
64
0
1024
192
64
0
1152
256
64
0
1920
320
64
0
2048
384
64
0
2176
448
64
0
2304
512
64
0
2432
576
64
0
3200
640
64
0
3328
704
64
0
3456
768
64
0
3584
832
64
0
3712
896
64
0
4480
960
64
0
4608
1024
64
0
4736
1088
64
0
4864
1152
64
0
4992
1216
64
0
5760
1280
64
0
5888
1344
64
0
6016
1408
64
0
6144
1472
64
0
6272
1536
64
0
448
1600
64
1
448
1664
64
1
448
1728
64
1
448
1792
64
1
448
1856
64
1
448
1920
64
1
448
1984
64
1
704
0
64
0
832
64
64
0
960
128
64
0
1088
192
64
0
1216
256
64
0
1984
320
64
0
2112
384
64
0
2240
448
64
0
2368
512
64
0
2496
576
64
0
3264
640
64
0
3392
704
64
0
3520
768
64
0
3648
832
64
0
3776
896
64
0
4544
960
64
0
4672
1024
64
0
4800
1088
64
0
4928
1152
64
0
5056
1216
64
0
5824
1280
64
0
5952
1344
64
0
6080
1408
64
0
6208
1472
64
0
6336
1536
64
0
512
1600
64
1
512
1664
64
1
512
1728
64
1
512
1792
64
1
512
1856
64
1
512
1920
64
1
512
1984
64
1
