0
0
64
1
0
64
64
1
0
128
64
1
0
192
64
1
0
256
64
1
704
320
64
0
832
384
64
0
960
448
64
0
0
512
64
1
1984
576
64
0
2112
640
64
0
2240
704
64
0
0
768
64
1
3264
832
64
0
3392
896
64
0
3520
960
64
0
0
1024
64
1
0
1088
64
1
0
1152
64
1
0
1216
64
1
0
1280
64
1
0
1344
64
1
0
1408
64
1
0
1472
64
1
0
1536
64
1
0
1600
64
1
0
1664
64
1
0
1728
64
1
0
1792
64
1
0
1856
64
1
0
1920
64
1
0
1984
64
1
0
0
64
1
0
64
64
1
0
128
64
1
0
192
64
1
640
256
64
0
768
320
64
0
896
384
64
0
1024
448
64
0
1920
512
64
0
2048
576
64
0
2176
640
64
0
2304
704
64
0
3200
768
64
0
3328
832
64
0
3456
896
64
0
3584
960
64
0
64
1024
64
1
64
1088
64
1
64
1152
64
1
64
1216
64
1
64
1280
64
1
64
1344
64
1
64
1408
64
1
64
1472
64
1
64
1536
64
1
64
1600
64
1
64
1664
64
1
64
1728
64
1
64
1792
64
1
64
1856
64
1
64
1920
64
1
64
1984
64
1
0
0
64
1
0
64
64
1
0
128
64
1
0
192
64
1
704
256
64
0
832
320
64
0
960
384
64
0
1088
448
64
0
1984
512
64
0
2112
576
64
0
2240
640
64
0
2368
704
64
0
3264
768
64
0
3392
832
64
0
3520
896
64
0
3648
960
64
0
128
1024
64
1
128
1088
64
1
128
1152
64
1
128
1216
64
1
128
1280
64
1
128
1344
64
1
128
1408
64
1
128
1472
64
1
128
1536
64
1
128
1600
64
1
128
1664
64
1
128
1728
64
1
128
1792
64
1
128
1856
64
1
128
1920
64
1
128
1984
64
1
0
0
64
1
0
64
64
1
0
128
64
1
0
192
64
1
768
256
64
0
896
320
64
0
1024
384
64
0
1152
448
64
0
2048
512
64
0
2176
576
64
0
2304
640
64
0
2432
704
64
0
3328
768
64
0
3456
832
64
0
3584
896
64
0
3712
960
64
0
192
1024
64
1
192
1088
64
1
192
1152
64
1
192
1216
64
1
192
1280
64
1
192
1344
64
1
192
1408
64
1
192
1472
64
1
192
1536
64
1
192
1600
64
1
192
1664
64
1
192
1728
64
1
192
1792
64
1
192
1856
64
1
192
1920
64
1
192
1984
64
1
0
0
64
1
0
64
64
1
0
128
64
1
0
192
64
1
832
256
64
0
960
320
64
0
1088
384
64
0
1216
448
64
0
2112
512
64
0
2240
576
64
0
2368
640
64
0
2496
704
64
0
3392
768
64
0
3520
832
64
0
3648
896
64
0
3776
960
64
0
256
1024
64
1
256
1088
64
1
256
1152
64
1
256
1216
64
1
256
1280
64
1
256
1344
64
1
256
1408
64
1
256
1472
64
1
256
1536
64
1
256
1600
64
1
256
1664
64
1
256
1728
64
1
256
1792
64
1
256
1856
64
1
256
1920
64
1
256
1984
64
1
0
0
64
1
64
64
64
0
192
128
64
0
320
192
64
0
0
256
64
1
1344
320
64
0
1472
384
64
0
1600
448
64
0
0
512
64
1
2624
576
64
0
2752
640
64
0
2880
704
64
0
0
768
64
1
3904
832
64
0
4032
896
64
0
4160
960
64
0
320
1024
64
1
320
1088
64
1
320
1152
64
1
320
1216
64
1
320
1280
64
1
320
1344
64
1
320
1408
64
1
320
1472
64
1
320
1536
64
1
320
1600
64
1
320
1664
64
1
320
1728
64
1
320
1792
64
1
320
1856
64
1
320
1920
64
1
320
1984
64
1
0
0
64
0
128
64
64
0
256
128
64
0
384
192
64
0
1280
256
64
0
1408
320
64
0
1536
384
64
0
1664
448
64
0
2560
512
64
0
2688
576
64
0
2816
640
64
0
2944
704
64
0
3840
768
64
0
3968
832
64
0
4096
896
64
0
4224
960
64
0
384
1024
64
1
384
1088
64
1
384
1152
64
1
384
1216
64
1
384
1280
64
1
384
1344
64
1
384
1408
64
1
384
1472
64
1
384
1536
64
1
384
1600
64
1
384
1664
64
1
384
1728
64
1
384
1792
64
1
384
1856
64
1
384
1920
64
1
384
1984
64
1
64
0
64
0
192
64
64
0
320
128
64
0
448
192
64
0
1344
256
64
0
1472
320
64
0
1600
384
64
0
1728
448
64
0
2624
512
64
0
2752
576
64
0
2880
640
64
0
3008
704
64
0
3904
768
64
0
4032
832
64
0
4160
896
64
0
4288
960
64
0
448
1024
64
1
448
1088
64
1
448
1152
64
1
448
1216
64
1
448
1280
64
1
448
1344
64
1
448
1408
64
1
448
1472
64
1
448
1536
64
1
448
1600
64
1
448
1664
64
1
448
1728
64
1
448
1792
64
1
448
1856
64
1
448
1920
64
1
448
1984
64
1
128
0
64
0
256
64
64
0
384
128
64
0
512
192
64
0
1408
256
64
0
1536
320
64
0
1664
384
64
0
1792
448
64
0
2688
512
64
0
2816
576
64
0
2944
640
64
0
3072
704
64
0
3968
768
64
0
4096
832
64
0
4224
896
64
0
4352
960
64
0
512
1024
64
1
512
1088
64
1
512
1152
64
1
512
1216
64
1
512
1280
64
1
512
1344
64
1
512
1408
64
1
512
1472
64
1
512
1536
64
1
512
1600
64
1
512
1664
64
1
512
1728
64
1
512
1792
64
1
512
1856
64
1
512
1920
64
1
512
1984
64
1
192
0
64
0
320
64
64
0
448
128
64
0
576
192
64
0
1472
256
64
0
1600
320
64
0
1728
384
64
0
1856
448
64
0
2752
512
64
0
2880
576
64
0
3008
640
64
0
3136
704
64
0
4032
768
64
0
4160
832
64
0
4288
896
64
0
4416
960
64
0
576
1024
64
1
576
1088
64
1
576
1152
64
1
576
1216
64
1
576
1280
64
1
576
1344
64
1
576
1408
64
1
576
1472
64
1
576
1536
64
1
576
1600
64
1
576
1664
64
1
576
1728
64
1
576
1792
64
1
576
1856
64
1
576
1920
64
1
576
1984
64
1
0
0
64
1
704
64
64
0
832
128
64
0
960
192
64
0
0
256
64
1
1984
320
64
0
2112
384
64
0
2240
448
64
0
0
512
64
1
3264
576
64
0
3392
640
64
0
3520
704
64
0
0
768
64
1
4544
832
64
0
4672
896
64
0
4800
960
64
0
640
1024
64
1
640
1088
64
1
640
1152
64
1
640
1216
64
1
640
1280
64
1
640
1344
64
1
640
1408
64
1
640
1472
64
1
640
1536
64
1
640
1600
64
1
640
1664
64
1
640
1728
64
1
640
1792
64
1
640
1856
64
1
640
1920
64
1
640
1984
64
1
640
0
64
0
768
64
64
0
896
128
64
0
1024
192
64
0
1920
256
64
0
2048
320
64
0
2176
384
64
0
2304
448
64
0
3200
512
64
0
3328
576
64
0
3456
640
64
0
3584
704
64
0
4480
768
64
0
4608
832
64
0
4736
896
64
0
4864
960
64
0
704
1024
64
1
704
1088
64
1
704
1152
64
1
704
1216
64
1
704
1280
64
1
704
1344
64
1
704
1408
64
1
704
1472
64
1
704
1536
64
1
704
1600
64
1
704
1664
64
1
704
1728
64
1
704
1792
64
1
704
1856
64
1
704
1920
64
1
704
1984
64
1
704
0
64
0
832
64
64
0
960
128
64
0
1088
192
64
0
1984
256
64
0
2112
320
64
0
2240
384
64
0
2368
448
64
0
3264
512
64
0
3392
576
64
0
3520
640
64
0
3648
704
64
0
4544
768
64
0
4672
832
64
0
4800
896
64
0
4928
960
64
0
768
1024
64
1
768
1088
64
1
768
1152
64
1
768
1216
64
1
768
1280
64
1
768
1344
64
1
768
1408
64
1
768
1472
64
1
768
1536
64
1
768
1600
64
1
768
1664
64
1
768
1728
64
1
768
1792
64
1
768
1856
64
1
768
1920
64
1
768
1984
64
1
768
0
64
0
896
64
64
0
1024
128
64
0
1152
192
64
0
2048
256
64
0
2176
320
64
0
2304
384
64
0
2432
448
64
0
3328
512
64
0
3456
576
64
0
3584
640
64
0
3712
704
64
0
4608
768
64
0
4736
832
64
0
4864
896
64
0
4992
960
64
0
832
1024
64
1
832
1088
64
1
832
1152
64
1
832
1216
64
1
832
1280
64
1
832
1344
64
1
832
1408
64
1
832
1472
64
1
832
1536
64
1
832
1600
64
1
832
1664
64
1
832
1728
64
1
832
1792
64
1
832
1856
64
1
832
1920
64
1
832
1984
64
1
832
0
64
0
960
64
64
0
1088
128
64
0
1216
192
64
0
2112
256
64
0
2240
320
64
0
2368
384
64
0
2496
448
64
0
3392
512
64
0
3520
576
64
0
3648
640
64
0
3776
704
64
0
4672
768
64
0
4800
832
64
0
4928
896
64
0
5056
960
64
0
896
1024
64
1
896
1088
64
1
896
1152
64
1
896
1216
64
1
896
1280
64
1
896
1344
64
1
896
1408
64
1
896
1472
64
1
896
1536
64
1
896
1600
64
1
896
1664
64
1
896
1728
64
1
896
1792
64
1
896
1856
64
1
896
1920
64
1
896
1984
64
1
0
0
64
1
1344
64
64
0
1472
128
64
0
1600
192
64
0
0
256
64
1
2624
320
64
0
2752
384
64
0
2880
448
64
0
0
512
64
1
3904
576
64
0
4032
640
64
0
4160
704
64
0
0
768
64
1
5184
832
64
0
5312
896
64
0
5440
960
64
0
960
1024
64
1
960
1088
64
1
960
1152
64
1
960
1216
64
1
960
1280
64
1
960
1344
64
1
960
1408
64
1
960
1472
64
1
960
1536
64
1
960
1600
64
1
960
1664
64
1
960
1728
64
1
960
1792
64
1
960
1856
64
1
960
1920
64
1
960
1984
64
1
1280
0
64
0
1408
64
64
0
1536
128
64
0
1664
192
64
0
2560
256
64
0
2688
320
64
0
2816
384
64
0
2944
448
64
0
3840
512
64
0
3968
576
64
0
4096
640
64
0
4224
704
64
0
5120
768
64
0
5248
832
64
0
5376
896
64
0
5504
960
64
0
1024
1024
64
1
1024
1088
64
1
1024
1152
64
1
1024
1216
64
1
1024
1280
64
1
1024
1344
64
1
1024
1408
64
1
1024
1472
64
1
1024
1536
64
1
1024
1600
64
1
1024
1664
64
1
1024
1728
64
1
1024
1792
64
1
1024
1856
64
1
1024
1920
64
1
1024
1984
64
1
1344
0
64
0
1472
64
64
0
1600
128
64
0
1728
192
64
0
2624
256
64
0
2752
320
64
0
2880
384
64
0
3008
448
64
0
3904
512
64
0
4032
576
64
0
4160
640
64
0
4288
704
64
0
5184
768
64
0
5312
832
64
0
5440
896
64
0
5568
960
64
0
1088
1024
64
1
1088
1088
64
1
1088
1152
64
1
1088
1216
64
1
1088
1280
64
1
1088
1344
64
1
1088
1408
64
1
1088
1472
64
1
1088
1536
64
1
1088
1600
64
1
1088
1664
64
1
1088
1728
64
1
1088
1792
64
1
1088
1856
64
1
1088
1920
64
1
1088
1984
64
1
1408
0
64
0
1536
64
64
0
1664
128
64
0
1792
192
64
0
2688
256
64
0
2816
320
64
0
2944
384
64
0
3072
448
64
0
3968
512
64
0
4096
576
64
0
4224
640
64
0
4352
704
64
0
5248
768
64
0
5376
832
64
0
5504
896
64
0
5632
960
64
0
1152
1024
64
1
1152
1088
64
1
1152
1152
64
1
1152
1216
64
1
1152
1280
64
1
1152
1344
64
1
1152
1408
64
1
1152
1472
64
1
1152
1536
64
1
1152
1600
64
1
1152
1664
64
1
1152
1728
64
1
1152
1792
64
1
1152
1856
64
1
1152
1920
64
1
1152
1984
64
1
1472
0
64
0
1600
64
64
0
1728
128
64
0
1856
192
64
0
2752
256
64
0
2880
320
64
0
3008
384
64
0
3136
448
64
0
4032
512
64
0
4160
576
64
0
4288
640
64
0
4416
704
64
0
5312
768
64
0
5440
832
64
0
5568
896
64
0
5696
960
64
0
1216
1024
64
1
1216
1088
64
1
1216
1152
64
1
1216
1216
64
1
1216
1280
64
1
1216
1344
64
1
1216
1408
64
1
1216
1472
64
1
1216
1536
64
1
1216
1600
64
1
1216
1664
64
1
1216
1728
64
1
1216
1792
64
1
1216
1856
64
1
1216
1920
64
1
1216
1984
64
1
0
0
64
1
1984
64
64
0
2112
128
64
0
2240
192
64
0
0
256
64
1
3264
320
64
0
3392
384
64
0
3520
448
64
0
0
512
64
1
4544
576
64
0
4672
640
64
0
4800
704
64
0
0
768
64
1
5824
832
64
0
5952
896
64
0
6080
960
64
0
1280
1024
64
1
1280
1088
64
1
1280
1152
64
1
1280
1216
64
1
1280
1280
64
1
1280
1344
64
1
1280
1408
64
1
1280
1472
64
1
1280
1536
64
1
1280
1600
64
1
1280
1664
64
1
1280
1728
64
1
1280
1792
64
1
1280
1856
64
1
1280
1920
64
1
1280
1984
64
1
1920
0
64
0
2048
64
64
0
2176
128
64
0
2304
192
64
0
3200
256
64
0
3328
320
64
0
3456
384
64
0
3584
448
64
0
4480
512
64
0
4608
576
64
0
4736
640
64
0
4864
704
64
0
5760
768
64
0
5888
832
64
0
6016
896
64
0
6144
960
64
0
1344
1024
64
1
1344
1088
64
1
1344
1152
64
1
1344
1216
64
1
1344
1280
64
1
1344
1344
64
1
1344
1408
64
1
1344
1472
64
1
1344
1536
64
1
1344
1600
64
1
1344
1664
64
1
1344
1728
64
1
1344
1792
64
1
1344
1856
64
1
1344
1920
64
1
1344
1984
64
1
1984
0
64
0
2112
64
64
0
2240
128
64
0
2368
192
64
0
3264
256
64
0
3392
320
64
0
3520
384
64
0
3648
448
64
0
4544
512
64
0
4672
576
64
0
4800
640
64
0
4928
704
64
0
5824
768
64
0
5952
832
64
0
6080
896
64
0
6208
960
64
0
1408
1024
64
1
1408
1088
64
1
1408
1152
64
1
1408
1216
64
1
1408
1280
64
1
1408
1344
64
1
1408
1408
64
1
1408
1472
64
1
1408
1536
64
1
1408
1600
64
1
1408
1664
64
1
1408
1728
64
1
1408
1792
64
1
1408
1856
64
1
1408
1920
64
1
1408
1984
64
1
2048
0
64
0
2176
64
64
0
2304
128
64
0
2432
192
64
0
3328
256
64
0
3456
320
64
0
3584
384
64
0
3712
448
64
0
4608
512
64
0
4736
576
64
0
4864
640
64
0
4992
704
64
0
5888
768
64
0
6016
832
64
0
6144
896
64
0
6272
960
64
0
1472
1024
64
1
1472
1088
64
1
1472
1152
64
1
1472
1216
64
1
1472
1280
64
1
1472
1344
64
1
1472
1408
64
1
1472
1472
64
1
1472
1536
64
1
1472
1600
64
1
1472
1664
64
1
1472
1728
64
1
1472
1792
64
1
1472
1856
64
1
1472
1920
64
1
1472
1984
64
1
2112
0
64
0
2240
64
64
0
2368
128
64
0
2496
192
64
0
3392
256
64
0
3520
320
64
0
3648
384
64
0
3776
448
64
0
4672
512
64
0
4800
576
64
0
4928
640
64
0
5056
704
64
0
5952
768
64
0
6080
832
64
0
6208
896
64
0
6336
960
64
0
1536
1024
64
1
1536
1088
64
1
1536
1152
64
1
1536
1216
64
1
1536
1280
64
1
1536
1344
64
1
1536
1408
64
1
1536
1472
64
1
1536
1536
64
1
1536
1600
64
1
1536
1664
64
1
1536
1728
64
1
1536
1792
64
1
1536
1856
64
1
1536
1920
64
1
1536
1984
64
1
