0
0
64
1
0
64
64
1
0
128
64
1
0
192
64
1
0
256
64
1
1280
320
64
0
1536
384
64
0
1792
448
64
0
0
512
64
1
3584
576
64
0
3840
640
64
0
4096
704
64
0
0
768
64
1
5888
832
64
0
6144
896
64
0
6400
960
64
0
0
1024
64
1
0
1088
64
1
0
1152
64
1
0
1216
64
1
0
1280
64
1
0
1344
64
1
0
1408
64
1
0
1472
64
1
0
1536
64
1
0
1600
64
1
0
1664
64
1
0
1728
64
1
0
1792
64
1
0
1856
64
1
0
1920
64
1
0
1984
64
1
64
0
64
1
64
64
64
1
64
128
64
1
64
192
64
1
64
256
64
1
1344
320
64
0
1600
384
64
0
1856
448
64
0
64
512
64
1
3648
576
64
0
3904
640
64
0
4160
704
64
0
64
768
64
1
5952
832
64
0
6208
896
64
0
6464
960
64
0
64
1024
64
1
64
1088
64
1
64
1152
64
1
64
1216
64
1
64
1280
64
1
64
1344
64
1
64
1408
64
1
64
1472
64
1
64
1536
64
1
64
1600
64
1
64
1664
64
1
64
1728
64
1
64
1792
64
1
64
1856
64
1
64
1920
64
1
64
1984
64
1
0
0
64
1
0
64
64
1
0
128
64
1
0
192
64
1
1152
256
64
0
1408
320
64
0
1664
384
64
0
1920
448
64
0
3456
512
64
0
3712
576
64
0
3968
640
64
0
4224
704
64
0
5760
768
64
0
6016
832
64
0
6272
896
64
0
6528
960
64
0
128
1024
64
1
128
1088
64
1
128
1152
64
1
128
1216
64
1
128
1280
64
1
128
1344
64
1
128
1408
64
1
128
1472
64
1
128
1536
64
1
128
1600
64
1
128
1664
64
1
128
1728
64
1
128
1792
64
1
128
1856
64
1
128
1920
64
1
128
1984
64
1
64
0
64
1
64
64
64
1
64
128
64
1
64
192
64
1
1216
256
64
0
1472
320
64
0
1728
384
64
0
1984
448
64
0
3520
512
64
0
3776
576
64
0
4032
640
64
0
4288
704
64
0
5824
768
64
0
6080
832
64
0
6336
896
64
0
6592
960
64
0
192
1024
64
1
192
1088
64
1
192
1152
64
1
192
1216
64
1
192
1280
64
1
192
1344
64
1
192
1408
64
1
192
1472
64
1
192
1536
64
1
192
1600
64
1
192
1664
64
1
192
1728
64
1
192
1792
64
1
192
1856
64
1
192
1920
64
1
192
1984
64
1
0
0
64
1
0
64
64
1
0
128
64
1
0
192
64
1
1280
256
64
0
1536
320
64
0
1792
384
64
0
2048
448
64
0
3584
512
64
0
3840
576
64
0
4096
640
64
0
4352
704
64
0
5888
768
64
0
6144
832
64
0
6400
896
64
0
6656
960
64
0
256
1024
64
1
256
1088
64
1
256
1152
64
1
256
1216
64
1
256
1280
64
1
256
1344
64
1
256
1408
64
1
256
1472
64
1
256
1536
64
1
256
1600
64
1
256
1664
64
1
256
1728
64
1
256
1792
64
1
256
1856
64
1
256
1920
64
1
256
1984
64
1
64
0
64
1
64
64
64
1
64
128
64
1
64
192
64
1
1344
256
64
0
1600
320
64
0
1856
384
64
0
2112
448
64
0
3648
512
64
0
3904
576
64
0
4160
640
64
0
4416
704
64
0
5952
768
64
0
6208
832
64
0
6464
896
64
0
6720
960
64
0
320
1024
64
1
320
1088
64
1
320
1152
64
1
320
1216
64
1
320
1280
64
1
320
1344
64
1
320
1408
64
1
320
1472
64
1
320
1536
64
1
320
1600
64
1
320
1664
64
1
320
1728
64
1
320
1792
64
1
320
1856
64
1
320
1920
64
1
320
1984
64
1
0
0
64
1
0
64
64
1
0
128
64
1
0
192
64
1
1408
256
64
0
1664
320
64
0
1920
384
64
0
2176
448
64
0
3712
512
64
0
3968
576
64
0
4224
640
64
0
4480
704
64
0
6016
768
64
0
6272
832
64
0
6528
896
64
0
6784
960
64
0
384
1024
64
1
384
1088
64
1
384
1152
64
1
384
1216
64
1
384
1280
64
1
384
1344
64
1
384
1408
64
1
384
1472
64
1
384
1536
64
1
384
1600
64
1
384
1664
64
1
384
1728
64
1
384
1792
64
1
384
1856
64
1
384
1920
64
1
384
1984
64
1
64
0
64
1
64
64
64
1
64
128
64
1
64
192
64
1
1472
256
64
0
1728
320
64
0
1984
384
64
0
2240
448
64
0
3776
512
64
0
4032
576
64
0
4288
640
64
0
4544
704
64
0
6080
768
64
0
6336
832
64
0
6592
896
64
0
6848
960
64
0
448
1024
64
1
448
1088
64
1
448
1152
64
1
448
1216
64
1
448
1280
64
1
448
1344
64
1
448
1408
64
1
448
1472
64
1
448
1536
64
1
448
1600
64
1
448
1664
64
1
448
1728
64
1
448
1792
64
1
448
1856
64
1
448
1920
64
1
448
1984
64
1
0
0
64
1
0
64
64
1
0
128
64
1
0
192
64
1
1536
256
64
0
1792
320
64
0
2048
384
64
0
0
448
64
1
3840
512
64
0
4096
576
64
0
4352
640
64
0
0
704
64
1
6144
768
64
0
6400
832
64
0
6656
896
64
0
0
960
64
1
512
1024
64
1
512
1088
64
1
512
1152
64
1
512
1216
64
1
512
1280
64
1
512
1344
64
1
512
1408
64
1
512
1472
64
1
512
1536
64
1
512
1600
64
1
512
1664
64
1
512
1728
64
1
512
1792
64
1
512
1856
64
1
512
1920
64
1
512
1984
64
1
64
0
64
1
64
64
64
1
64
128
64
1
64
192
64
1
1600
256
64
0
1856
320
64
0
2112
384
64
0
64
448
64
1
3904
512
64
0
4160
576
64
0
4416
640
64
0
64
704
64
1
6208
768
64
0
6464
832
64
0
6720
896
64
0
64
960
64
1
576
1024
64
1
576
1088
64
1
576
1152
64
1
576
1216
64
1
576
1280
64
1
576
1344
64
1
576
1408
64
1
576
1472
64
1
576
1536
64
1
576
1600
64
1
576
1664
64
1
576
1728
64
1
576
1792
64
1
576
1856
64
1
576
1920
64
1
576
1984
64
1
0
0
64
1
128
64
64
0
384
128
64
0
640
192
64
0
0
256
64
1
2432
320
64
0
2688
384
64
0
2944
448
64
0
0
512
64
1
4736
576
64
0
4992
640
64
0
5248
704
64
0
0
768
64
1
7040
832
64
0
7296
896
64
0
7552
960
64
0
640
1024
64
1
640
1088
64
1
640
1152
64
1
640
1216
64
1
640
1280
64
1
640
1344
64
1
640
1408
64
1
640
1472
64
1
640
1536
64
1
640
1600
64
1
640
1664
64
1
640
1728
64
1
640
1792
64
1
640
1856
64
1
640
1920
64
1
640
1984
64
1
64
0
64
1
192
64
64
0
448
128
64
0
704
192
64
0
64
256
64
1
2496
320
64
0
2752
384
64
0
3008
448
64
0
64
512
64
1
4800
576
64
0
5056
640
64
0
5312
704
64
0
64
768
64
1
7104
832
64
0
7360
896
64
0
7616
960
64
0
704
1024
64
1
704
1088
64
1
704
1152
64
1
704
1216
64
1
704
1280
64
1
704
1344
64
1
704
1408
64
1
704
1472
64
1
704
1536
64
1
704
1600
64
1
704
1664
64
1
704
1728
64
1
704
1792
64
1
704
1856
64
1
704
1920
64
1
704
1984
64
1
0
0
64
0
256
64
64
0
512
128
64
0
768
192
64
0
2304
256
64
0
2560
320
64
0
2816
384
64
0
3072
448
64
0
4608
512
64
0
4864
576
64
0
5120
640
64
0
5376
704
64
0
6912
768
64
0
7168
832
64
0
7424
896
64
0
7680
960
64
0
768
1024
64
1
768
1088
64
1
768
1152
64
1
768
1216
64
1
768
1280
64
1
768
1344
64
1
768
1408
64
1
768
1472
64
1
768
1536
64
1
768
1600
64
1
768
1664
64
1
768
1728
64
1
768
1792
64
1
768
1856
64
1
768
1920
64
1
768
1984
64
1
64
0
64
0
320
64
64
0
576
128
64
0
832
192
64
0
2368
256
64
0
2624
320
64
0
2880
384
64
0
3136
448
64
0
4672
512
64
0
4928
576
64
0
5184
640
64
0
5440
704
64
0
6976
768
64
0
7232
832
64
0
7488
896
64
0
7744
960
64
0
832
1024
64
1
832
1088
64
1
832
1152
64
1
832
1216
64
1
832
1280
64
1
832
1344
64
1
832
1408
64
1
832
1472
64
1
832
1536
64
1
832
1600
64
1
832
1664
64
1
832
1728
64
1
832
1792
64
1
832
1856
64
1
832
1920
64
1
832
1984
64
1
128
0
64
0
384
64
64
0
640
128
64
0
896
192
64
0
2432
256
64
0
2688
320
64
0
2944
384
64
0
3200
448
64
0
4736
512
64
0
4992
576
64
0
5248
640
64
0
5504
704
64
0
7040
768
64
0
7296
832
64
0
7552
896
64
0
7808
960
64
0
896
1024
64
1
896
1088
64
1
896
1152
64
1
896
1216
64
1
896
1280
64
1
896
1344
64
1
896
1408
64
1
896
1472
64
1
896
1536
64
1
896
1600
64
1
896
1664
64
1
896
1728
64
1
896
1792
64
1
896
1856
64
1
896
1920
64
1
896
1984
64
1
192
0
64
0
448
64
64
0
704
128
64
0
960
192
64
0
2496
256
64
0
2752
320
64
0
3008
384
64
0
3264
448
64
0
4800
512
64
0
5056
576
64
0
5312
640
64
0
5568
704
64
0
7104
768
64
0
7360
832
64
0
7616
896
64
0
7872
960
64
0
960
1024
64
1
960
1088
64
1
960
1152
64
1
960
1216
64
1
960
1280
64
1
960
1344
64
1
960
1408
64
1
960
1472
64
1
960
1536
64
1
960
1600
64
1
960
1664
64
1
960
1728
64
1
960
1792
64
1
960
1856
64
1
960
1920
64
1
960
1984
64
1
256
0
64
0
512
64
64
0
768
128
64
0
1024
192
64
0
2560
256
64
0
2816
320
64
0
3072
384
64
0
3328
448
64
0
4864
512
64
0
5120
576
64
0
5376
640
64
0
5632
704
64
0
7168
768
64
0
7424
832
64
0
7680
896
64
0
7936
960
64
0
1024
1024
64
1
1024
1088
64
1
1024
1152
64
1
1024
1216
64
1
1024
1280
64
1
1024
1344
64
1
1024
1408
64
1
1024
1472
64
1
1024
1536
64
1
1024
1600
64
1
1024
1664
64
1
1024
1728
64
1
1024
1792
64
1
1024
1856
64
1
1024
1920
64
1
1024
1984
64
1
320
0
64
0
576
64
64
0
832
128
64
0
1088
192
64
0
2624
256
64
0
2880
320
64
0
3136
384
64
0
3392
448
64
0
4928
512
64
0
5184
576
64
0
5440
640
64
0
5696
704
64
0
7232
768
64
0
7488
832
64
0
7744
896
64
0
8000
960
64
0
1088
1024
64
1
1088
1088
64
1
1088
1152
64
1
1088
1216
64
1
1088
1280
64
1
1088
1344
64
1
1088
1408
64
1
1088
1472
64
1
1088
1536
64
1
1088
1600
64
1
1088
1664
64
1
1088
1728
64
1
1088
1792
64
1
1088
1856
64
1
1088
1920
64
1
1088
1984
64
1
384
0
64
0
640
64
64
0
896
128
64
0
0
192
64
1
2688
256
64
0
2944
320
64
0
3200
384
64
0
0
448
64
1
4992
512
64
0
5248
576
64
0
5504
640
64
0
0
704
64
1
7296
768
64
0
7552
832
64
0
7808
896
64
0
0
960
64
1
1152
1024
64
1
1152
1088
64
1
1152
1152
64
1
1152
1216
64
1
1152
1280
64
1
1152
1344
64
1
1152
1408
64
1
1152
1472
64
1
1152
1536
64
1
1152
1600
64
1
1152
1664
64
1
1152
1728
64
1
1152
1792
64
1
1152
1856
64
1
1152
1920
64
1
1152
1984
64
1
448
0
64
0
704
64
64
0
960
128
64
0
64
192
64
1
2752
256
64
0
3008
320
64
0
3264
384
64
0
64
448
64
1
5056
512
64
0
5312
576
64
0
5568
640
64
0
64
704
64
1
7360
768
64
0
7616
832
64
0
7872
896
64
0
64
960
64
1
1216
1024
64
1
1216
1088
64
1
1216
1152
64
1
1216
1216
64
1
1216
1280
64
1
1216
1344
64
1
1216
1408
64
1
1216
1472
64
1
1216
1536
64
1
1216
1600
64
1
1216
1664
64
1
1216
1728
64
1
1216
1792
64
1
1216
1856
64
1
1216
1920
64
1
1216
1984
64
1
0
0
64
1
1280
64
64
0
1536
128
64
0
1792
192
64
0
0
256
64
1
3584
320
64
0
3840
384
64
0
4096
448
64
0
0
512
64
1
5888
576
64
0
6144
640
64
0
6400
704
64
0
0
768
64
1
8192
832
64
0
8448
896
64
0
8704
960
64
0
1280
1024
64
1
1280
1088
64
1
1280
1152
64
1
1280
1216
64
1
1280
1280
64
1
1280
1344
64
1
1280
1408
64
1
1280
1472
64
1
1280
1536
64
1
1280
1600
64
1
1280
1664
64
1
1280
1728
64
1
1280
1792
64
1
1280
1856
64
1
1280
1920
64
1
1280
1984
64
1
64
0
64
1
1344
64
64
0
1600
128
64
0
1856
192
64
0
64
256
64
1
3648
320
64
0
3904
384
64
0
4160
448
64
0
64
512
64
1
5952
576
64
0
6208
640
64
0
6464
704
64
0
64
768
64
1
8256
832
64
0
8512
896
64
0
8768
960
64
0
1344
1024
64
1
1344
1088
64
1
1344
1152
64
1
1344
1216
64
1
1344
1280
64
1
1344
1344
64
1
1344
1408
64
1
1344
1472
64
1
1344
1536
64
1
1344
1600
64
1
1344
1664
64
1
1344
1728
64
1
1344
1792
64
1
1344
1856
64
1
1344
1920
64
1
1344
1984
64
1
1152
0
64
0
1408
64
64
0
1664
128
64
0
1920
192
64
0
3456
256
64
0
3712
320
64
0
3968
384
64
0
4224
448
64
0
5760
512
64
0
6016
576
64
0
6272
640
64
0
6528
704
64
0
8064
768
64
0
8320
832
64
0
8576
896
64
0
8832
960
64
0
1408
1024
64
1
1408
1088
64
1
1408
1152
64
1
1408
1216
64
1
1408
1280
64
1
1408
1344
64
1
1408
1408
64
1
1408
1472
64
1
1408
1536
64
1
1408
1600
64
1
1408
1664
64
1
1408
1728
64
1
1408
1792
64
1
1408
1856
64
1
1408
1920
64
1
1408
1984
64
1
1216
0
64
0
1472
64
64
0
1728
128
64
0
1984
192
64
0
3520
256
64
0
3776
320
64
0
4032
384
64
0
4288
448
64
0
5824
512
64
0
6080
576
64
0
6336
640
64
0
6592
704
64
0
8128
768
64
0
8384
832
64
0
8640
896
64
0
8896
960
64
0
1472
1024
64
1
1472
1088
64
1
1472
1152
64
1
1472
1216
64
1
1472
1280
64
1
1472
1344
64
1
1472
1408
64
1
1472
1472
64
1
1472
1536
64
1
1472
1600
64
1
1472
1664
64
1
1472
1728
64
1
1472
1792
64
1
1472
1856
64
1
1472
1920
64
1
1472
1984
64
1
1280
0
64
0
1536
64
64
0
1792
128
64
0
2048
192
64
0
3584
256
64
0
3840
320
64
0
4096
384
64
0
4352
448
64
0
5888
512
64
0
6144
576
64
0
6400
640
64
0
6656
704
64
0
8192
768
64
0
8448
832
64
0
8704
896
64
0
8960
960
64
0
1536
1024
64
1
1536
1088
64
1
1536
1152
64
1
1536
1216
64
1
1536
1280
64
1
1536
1344
64
1
1536
1408
64
1
1536
1472
64
1
1536
1536
64
1
1536
1600
64
1
1536
1664
64
1
1536
1728
64
1
1536
1792
64
1
1536
1856
64
1
1536
1920
64
1
1536
1984
64
1
1344
0
64
0
1600
64
64
0
1856
128
64
0
2112
192
64
0
3648
256
64
0
3904
320
64
0
4160
384
64
0
4416
448
64
0
5952
512
64
0
6208
576
64
0
6464
640
64
0
6720
704
64
0
8256
768
64
0
8512
832
64
0
8768
896
64
0
9024
960
64
0
1600
1024
64
1
1600
1088
64
1
1600
1152
64
1
1600
1216
64
1
1600
1280
64
1
1600
1344
64
1
1600
1408
64
1
1600
1472
64
1
1600
1536
64
1
1600
1600
64
1
1600
1664
64
1
1600
1728
64
1
1600
1792
64
1
1600
1856
64
1
1600
1920
64
1
1600
1984
64
1
1408
0
64
0
1664
64
64
0
1920
128
64
0
2176
192
64
0
3712
256
64
0
3968
320
64
0
4224
384
64
0
4480
448
64
0
6016
512
64
0
6272
576
64
0
6528
640
64
0
6784
704
64
0
8320
768
64
0
8576
832
64
0
8832
896
64
0
9088
960
64
0
1664
1024
64
1
1664
1088
64
1
1664
1152
64
1
1664
1216
64
1
1664
1280
64
1
1664
1344
64
1
1664
1408
64
1
1664
1472
64
1
1664
1536
64
1
1664
1600
64
1
1664
1664
64
1
1664
1728
64
1
1664
1792
64
1
1664
1856
64
1
1664
1920
64
1
1664
1984
64
1
1472
0
64
0
1728
64
64
0
1984
128
64
0
2240
192
64
0
3776
256
64
0
4032
320
64
0
4288
384
64
0
4544
448
64
0
6080
512
64
0
6336
576
64
0
6592
640
64
0
6848
704
64
0
8384
768
64
0
8640
832
64
0
8896
896
64
0
9152
960
64
0
1728
1024
64
1
1728
1088
64
1
1728
1152
64
1
1728
1216
64
1
1728
1280
64
1
1728
1344
64
1
1728
1408
64
1
1728
1472
64
1
1728
1536
64
1
1728
1600
64
1
1728
1664
64
1
1728
1728
64
1
1728
1792
64
1
1728
1856
64
1
1728
1920
64
1
1728
1984
64
1
1536
0
64
0
1792
64
64
0
2048
128
64
0
0
192
64
1
3840
256
64
0
4096
320
64
0
4352
384
64
0
0
448
64
1
6144
512
64
0
6400
576
64
0
6656
640
64
0
0
704
64
1
8448
768
64
0
8704
832
64
0
8960
896
64
0
0
960
64
1
1792
1024
64
1
1792
1088
64
1
1792
1152
64
1
1792
1216
64
1
1792
1280
64
1
1792
1344
64
1
1792
1408
64
1
1792
1472
64
1
1792
1536
64
1
1792
1600
64
1
1792
1664
64
1
1792
1728
64
1
1792
1792
64
1
1792
1856
64
1
1792
1920
64
1
1792
1984
64
1
1600
0
64
0
1856
64
64
0
2112
128
64
0
64
192
64
1
3904
256
64
0
4160
320
64
0
4416
384
64
0
64
448
64
1
6208
512
64
0
6464
576
64
0
6720
640
64
0
64
704
64
1
8512
768
64
0
8768
832
64
0
9024
896
64
0
64
960
64
1
1856
1024
64
1
1856
1088
64
1
1856
1152
64
1
1856
1216
64
1
1856
1280
64
1
1856
1344
64
1
1856
1408
64
1
1856
1472
64
1
1856
1536
64
1
1856
1600
64
1
1856
1664
64
1
1856
1728
64
1
1856
1792
64
1
1856
1856
64
1
1856
1920
64
1
1856
1984
64
1
0
0
64
1
2432
64
64
0
2688
128
64
0
2944
192
64
0
0
256
64
1
4736
320
64
0
4992
384
64
0
5248
448
64
0
0
512
64
1
7040
576
64
0
7296
640
64
0
7552
704
64
0
0
768
64
1
9344
832
64
0
9600
896
64
0
9856
960
64
0
1920
1024
64
1
1920
1088
64
1
1920
1152
64
1
1920
1216
64
1
1920
1280
64
1
1920
1344
64
1
1920
1408
64
1
1920
1472
64
1
1920
1536
64
1
1920
1600
64
1
1920
1664
64
1
1920
1728
64
1
1920
1792
64
1
1920
1856
64
1
1920
1920
64
1
1920
1984
64
1
64
0
64
1
2496
64
64
0
2752
128
64
0
3008
192
64
0
64
256
64
1
4800
320
64
0
5056
384
64
0
5312
448
64
0
64
512
64
1
7104
576
64
0
7360
640
64
0
7616
704
64
0
64
768
64
1
9408
832
64
0
9664
896
64
0
9920
960
64
0
1984
1024
64
1
1984
1088
64
1
1984
1152
64
1
1984
1216
64
1
1984
1280
64
1
1984
1344
64
1
1984
1408
64
1
1984
1472
64
1
1984
1536
64
1
1984
1600
64
1
1984
1664
64
1
1984
1728
64
1
1984
1792
64
1
1984
1856
64
1
1984
1920
64
1
1984
1984
64
1
2304
0
64
0
2560
64
64
0
2816
128
64
0
3072
192
64
0
4608
256
64
0
4864
320
64
0
5120
384
64
0
5376
448
64
0
6912
512
64
0
7168
576
64
0
7424
640
64
0
7680
704
64
0
9216
768
64
0
9472
832
64
0
9728
896
64
0
9984
960
64
0
2048
1024
64
1
2048
1088
64
1
2048
1152
64
1
2048
1216
64
1
2048
1280
64
1
2048
1344
64
1
2048
1408
64
1
2048
1472
64
1
2048
1536
64
1
2048
1600
64
1
2048
1664
64
1
2048
1728
64
1
2048
1792
64
1
2048
1856
64
1
2048
1920
64
1
2048
1984
64
1
2368
0
64
0
2624
64
64
0
2880
128
64
0
3136
192
64
0
4672
256
64
0
4928
320
64
0
5184
384
64
0
5440
448
64
0
6976
512
64
0
7232
576
64
0
7488
640
64
0
7744
704
64
0
9280
768
64
0
9536
832
64
0
9792
896
64
0
10048
960
64
0
2112
1024
64
1
2112
1088
64
1
2112
1152
64
1
2112
1216
64
1
2112
1280
64
1
2112
1344
64
1
2112
1408
64
1
2112
1472
64
1
2112
1536
64
1
2112
1600
64
1
2112
1664
64
1
2112
1728
64
1
2112
1792
64
1
2112
1856
64
1
2112
1920
64
1
2112
1984
64
1
2432
0
64
0
2688
64
64
0
2944
128
64
0
3200
192
64
0
4736
256
64
0
4992
320
64
0
5248
384
64
0
5504
448
64
0
7040
512
64
0
7296
576
64
0
7552
640
64
0
7808
704
64
0
9344
768
64
0
9600
832
64
0
9856
896
64
0
10112
960
64
0
2176
1024
64
1
2176
1088
64
1
2176
1152
64
1
2176
1216
64
1
2176
1280
64
1
2176
1344
64
1
2176
1408
64
1
2176
1472
64
1
2176
1536
64
1
2176
1600
64
1
2176
1664
64
1
2176
1728
64
1
2176
1792
64
1
2176
1856
64
1
2176
1920
64
1
2176
1984
64
1
2496
0
64
0
2752
64
64
0
3008
128
64
0
3264
192
64
0
4800
256
64
0
5056
320
64
0
5312
384
64
0
5568
448
64
0
7104
512
64
0
7360
576
64
0
7616
640
64
0
7872
704
64
0
9408
768
64
0
9664
832
64
0
9920
896
64
0
10176
960
64
0
2240
1024
64
1
2240
1088
64
1
2240
1152
64
1
2240
1216
64
1
2240
1280
64
1
2240
1344
64
1
2240
1408
64
1
2240
1472
64
1
2240
1536
64
1
2240
1600
64
1
2240
1664
64
1
2240
1728
64
1
2240
1792
64
1
2240
1856
64
1
2240
1920
64
1
2240
1984
64
1
2560
0
64
0
2816
64
64
0
3072
128
64
0
3328
192
64
0
4864
256
64
0
5120
320
64
0
5376
384
64
0
5632
448
64
0
7168
512
64
0
7424
576
64
0
7680
640
64
0
7936
704
64
0
9472
768
64
0
9728
832
64
0
9984
896
64
0
10240
960
64
0
2304
1024
64
1
2304
1088
64
1
2304
1152
64
1
2304
1216
64
1
2304
1280
64
1
2304
1344
64
1
2304
1408
64
1
2304
1472
64
1
2304
1536
64
1
2304
1600
64
1
2304
1664
64
1
2304
1728
64
1
2304
1792
64
1
2304
1856
64
1
2304
1920
64
1
2304
1984
64
1
2624
0
64
0
2880
64
64
0
3136
128
64
0
3392
192
64
0
4928
256
64
0
5184
320
64
0
5440
384
64
0
5696
448
64
0
7232
512
64
0
7488
576
64
0
7744
640
64
0
8000
704
64
0
9536
768
64
0
9792
832
64
0
10048
896
64
0
10304
960
64
0
2368
1024
64
1
2368
1088
64
1
2368
1152
64
1
2368
1216
64
1
2368
1280
64
1
2368
1344
64
1
2368
1408
64
1
2368
1472
64
1
2368
1536
64
1
2368
1600
64
1
2368
1664
64
1
2368
1728
64
1
2368
1792
64
1
2368
1856
64
1
2368
1920
64
1
2368
1984
64
1
2688
0
64
0
2944
64
64
0
3200
128
64
0
0
192
64
1
4992
256
64
0
5248
320
64
0
5504
384
64
0
0
448
64
1
7296
512
64
0
7552
576
64
0
7808
640
64
0
0
704
64
1
9600
768
64
0
9856
832
64
0
10112
896
64
0
0
960
64
1
2432
1024
64
1
2432
1088
64
1
2432
1152
64
1
2432
1216
64
1
2432
1280
64
1
2432
1344
64
1
2432
1408
64
1
2432
1472
64
1
2432
1536
64
1
2432
1600
64
1
2432
1664
64
1
2432
1728
64
1
2432
1792
64
1
2432
1856
64
1
2432
1920
64
1
2432
1984
64
1
2752
0
64
0
3008
64
64
0
3264
128
64
0
64
192
64
1
5056
256
64
0
5312
320
64
0
5568
384
64
0
64
448
64
1
7360
512
64
0
7616
576
64
0
7872
640
64
0
64
704
64
1
9664
768
64
0
9920
832
64
0
10176
896
64
0
64
960
64
1
2496
1024
64
1
2496
1088
64
1
2496
1152
64
1
2496
1216
64
1
2496
1280
64
1
2496
1344
64
1
2496
1408
64
1
2496
1472
64
1
2496
1536
64
1
2496
1600
64
1
2496
1664
64
1
2496
1728
64
1
2496
1792
64
1
2496
1856
64
1
2496
1920
64
1
2496
1984
64
1
0
0
64
1
3584
64
64
0
3840
128
64
0
4096
192
64
0
0
256
64
1
5888
320
64
0
6144
384
64
0
6400
448
64
0
0
512
64
1
8192
576
64
0
8448
640
64
0
8704
704
64
0
0
768
64
1
0
832
64
1
0
896
64
1
0
960
64
1
2560
1024
64
1
2560
1088
64
1
2560
1152
64
1
2560
1216
64
1
2560
1280
64
1
2560
1344
64
1
2560
1408
64
1
2560
1472
64
1
2560
1536
64
1
2560
1600
64
1
2560
1664
64
1
2560
1728
64
1
2560
1792
64
1
2560
1856
64
1
2560
1920
64
1
2560
1984
64
1
64
0
64
1
3648
64
64
0
3904
128
64
0
4160
192
64
0
64
256
64
1
5952
320
64
0
6208
384
64
0
6464
448
64
0
64
512
64
1
8256
576
64
0
8512
640
64
0
8768
704
64
0
64
768
64
1
64
832
64
1
64
896
64
1
64
960
64
1
2624
1024
64
1
2624
1088
64
1
2624
1152
64
1
2624
1216
64
1
2624
1280
64
1
2624
1344
64
1
2624
1408
64
1
2624
1472
64
1
2624
1536
64
1
2624
1600
64
1
2624
1664
64
1
2624
1728
64
1
2624
1792
64
1
2624
1856
64
1
2624
1920
64
1
2624
1984
64
1
3456
0
64
0
3712
64
64
0
3968
128
64
0
4224
192
64
0
5760
256
64
0
6016
320
64
0
6272
384
64
0
6528
448
64
0
8064
512
64
0
8320
576
64
0
8576
640
64
0
8832
704
64
0
0
768
64
1
0
832
64
1
0
896
64
1
0
960
64
1
2688
1024
64
1
2688
1088
64
1
2688
1152
64
1
2688
1216
64
1
2688
1280
64
1
2688
1344
64
1
2688
1408
64
1
2688
1472
64
1
2688
1536
64
1
2688
1600
64
1
2688
1664
64
1
2688
1728
64
1
2688
1792
64
1
2688
1856
64
1
2688
1920
64
1
2688
1984
64
1
3520
0
64
0
3776
64
64
0
4032
128
64
0
4288
192
64
0
5824
256
64
0
6080
320
64
0
6336
384
64
0
6592
448
64
0
8128
512
64
0
8384
576
64
0
8640
640
64
0
8896
704
64
0
64
768
64
1
64
832
64
1
64
896
64
1
64
960
64
1
2752
1024
64
1
2752
1088
64
1
2752
1152
64
1
2752
1216
64
1
2752
1280
64
1
2752
1344
64
1
2752
1408
64
1
2752
1472
64
1
2752
1536
64
1
2752
1600
64
1
2752
1664
64
1
2752
1728
64
1
2752
1792
64
1
2752
1856
64
1
2752
1920
64
1
2752
1984
64
1
3584
0
64
0
3840
64
64
0
4096
128
64
0
4352
192
64
0
5888
256
64
0
6144
320
64
0
6400
384
64
0
6656
448
64
0
8192
512
64
0
8448
576
64
0
8704
640
64
0
8960
704
64
0
0
768
64
1
0
832
64
1
0
896
64
1
0
960
64
1
2816
1024
64
1
2816
1088
64
1
2816
1152
64
1
2816
1216
64
1
2816
1280
64
1
2816
1344
64
1
2816
1408
64
1
2816
1472
64
1
2816
1536
64
1
2816
1600
64
1
2816
1664
64
1
2816
1728
64
1
2816
1792
64
1
2816
1856
64
1
2816
1920
64
1
2816
1984
64
1
3648
0
64
0
3904
64
64
0
4160
128
64
0
4416
192
64
0
5952
256
64
0
6208
320
64
0
6464
384
64
0
6720
448
64
0
8256
512
64
0
8512
576
64
0
8768
640
64
0
9024
704
64
0
64
768
64
1
64
832
64
1
64
896
64
1
64
960
64
1
2880
1024
64
1
2880
1088
64
1
2880
1152
64
1
2880
1216
64
1
2880
1280
64
1
2880
1344
64
1
2880
1408
64
1
2880
1472
64
1
2880
1536
64
1
2880
1600
64
1
2880
1664
64
1
2880
1728
64
1
2880
1792
64
1
2880
1856
64
1
2880
1920
64
1
2880
1984
64
1
3712
0
64
0
3968
64
64
0
4224
128
64
0
4480
192
64
0
6016
256
64
0
6272
320
64
0
6528
384
64
0
6784
448
64
0
8320
512
64
0
8576
576
64
0
8832
640
64
0
9088
704
64
0
0
768
64
1
0
832
64
1
0
896
64
1
0
960
64
1
2944
1024
64
1
2944
1088
64
1
2944
1152
64
1
2944
1216
64
1
2944
1280
64
1
2944
1344
64
1
2944
1408
64
1
2944
1472
64
1
2944
1536
64
1
2944
1600
64
1
2944
1664
64
1
2944
1728
64
1
2944
1792
64
1
2944
1856
64
1
2944
1920
64
1
2944
1984
64
1
3776
0
64
0
4032
64
64
0
4288
128
64
0
4544
192
64
0
6080
256
64
0
6336
320
64
0
6592
384
64
0
6848
448
64
0
8384
512
64
0
8640
576
64
0
8896
640
64
0
9152
704
64
0
64
768
64
1
64
832
64
1
64
896
64
1
64
960
64
1
3008
1024
64
1
3008
1088
64
1
3008
1152
64
1
3008
1216
64
1
3008
1280
64
1
3008
1344
64
1
3008
1408
64
1
3008
1472
64
1
3008
1536
64
1
3008
1600
64
1
3008
1664
64
1
3008
1728
64
1
3008
1792
64
1
3008
1856
64
1
3008
1920
64
1
3008
1984
64
1
3840
0
64
0
4096
64
64
0
4352
128
64
0
0
192
64
1
6144
256
64
0
6400
320
64
0
6656
384
64
0
0
448
64
1
8448
512
64
0
8704
576
64
0
8960
640
64
0
0
704
64
1
0
768
64
1
0
832
64
1
0
896
64
1
0
960
64
1
3072
1024
64
1
3072
1088
64
1
3072
1152
64
1
3072
1216
64
1
3072
1280
64
1
3072
1344
64
1
3072
1408
64
1
3072
1472
64
1
3072
1536
64
1
3072
1600
64
1
3072
1664
64
1
3072
1728
64
1
3072
1792
64
1
3072
1856
64
1
3072
1920
64
1
3072
1984
64
1
3904
0
64
0
4160
64
64
0
4416
128
64
0
64
192
64
1
6208
256
64
0
6464
320
64
0
6720
384
64
0
64
448
64
1
8512
512
64
0
8768
576
64
0
9024
640
64
0
64
704
64
1
64
768
64
1
64
832
64
1
64
896
64
1
64
960
64
1
3136
1024
64
1
3136
1088
64
1
3136
1152
64
1
3136
1216
64
1
3136
1280
64
1
3136
1344
64
1
3136
1408
64
1
3136
1472
64
1
3136
1536
64
1
3136
1600
64
1
3136
1664
64
1
3136
1728
64
1
3136
1792
64
1
3136
1856
64
1
3136
1920
64
1
3136
1984
64
1
