0
0
64
0
1024
64
64
0
2048
128
64
0
3072
192
64
0
4096
256
64
0
5120
320
64
0
6144
384
64
0
7168
448
64
0
8192
512
64
0
9216
576
64
0
10240
640
64
0
11264
704
64
0
12288
768
64
0
13312
832
64
0
14336
896
64
0
15360
960
64
0
16384
1024
64
0
17408
1088
64
0
18432
1152
64
0
19456
1216
64
0
20480
1280
64
0
21504
1344
64
0
22528
1408
64
0
23552
1472
64
0
24576
1536
64
0
25600
1600
64
0
26624
1664
64
0
27648
1728
64
0
28672
1792
64
0
29696
1856
64
0
30720
1920
64
0
31744
1984
64
0
64
0
64
0
1088
64
64
0
2112
128
64
0
3136
192
64
0
4160
256
64
0
5184
320
64
0
6208
384
64
0
7232
448
64
0
8256
512
64
0
9280
576
64
0
10304
640
64
0
11328
704
64
0
12352
768
64
0
13376
832
64
0
14400
896
64
0
15424
960
64
0
16448
1024
64
0
17472
1088
64
0
18496
1152
64
0
19520
1216
64
0
20544
1280
64
0
21568
1344
64
0
22592
1408
64
0
23616
1472
64
0
24640
1536
64
0
25664
1600
64
0
26688
1664
64
0
27712
1728
64
0
28736
1792
64
0
29760
1856
64
0
30784
1920
64
0
31808
1984
64
0
128
0
64
0
1152
64
64
0
2176
128
64
0
3200
192
64
0
4224
256
64
0
5248
320
64
0
6272
384
64
0
7296
448
64
0
8320
512
64
0
9344
576
64
0
10368
640
64
0
11392
704
64
0
12416
768
64
0
13440
832
64
0
14464
896
64
0
15488
960
64
0
16512
1024
64
0
17536
1088
64
0
18560
1152
64
0
19584
1216
64
0
20608
1280
64
0
21632
1344
64
0
22656
1408
64
0
23680
1472
64
0
24704
1536
64
0
25728
1600
64
0
26752
1664
64
0
27776
1728
64
0
28800
1792
64
0
29824
1856
64
0
30848
1920
64
0
31872
1984
64
0
192
0
64
0
1216
64
64
0
2240
128
64
0
3264
192
64
0
4288
256
64
0
5312
320
64
0
6336
384
64
0
7360
448
64
0
8384
512
64
0
9408
576
64
0
10432
640
64
0
11456
704
64
0
12480
768
64
0
13504
832
64
0
14528
896
64
0
15552
960
64
0
16576
1024
64
0
17600
1088
64
0
18624
1152
64
0
19648
1216
64
0
20672
1280
64
0
21696
1344
64
0
22720
1408
64
0
23744
1472
64
0
24768
1536
64
0
25792
1600
64
0
26816
1664
64
0
27840
1728
64
0
28864
1792
64
0
29888
1856
64
0
30912
1920
64
0
31936
1984
64
0
256
0
64
0
1280
64
64
0
2304
128
64
0
3328
192
64
0
4352
256
64
0
5376
320
64
0
6400
384
64
0
7424
448
64
0
8448
512
64
0
9472
576
64
0
10496
640
64
0
11520
704
64
0
12544
768
64
0
13568
832
64
0
14592
896
64
0
15616
960
64
0
16640
1024
64
0
17664
1088
64
0
18688
1152
64
0
19712
1216
64
0
20736
1280
64
0
21760
1344
64
0
22784
1408
64
0
23808
1472
64
0
24832
1536
64
0
25856
1600
64
0
26880
1664
64
0
27904
1728
64
0
28928
1792
64
0
29952
1856
64
0
30976
1920
64
0
32000
1984
64
0
320
0
64
0
1344
64
64
0
2368
128
64
0
3392
192
64
0
4416
256
64
0
5440
320
64
0
6464
384
64
0
7488
448
64
0
8512
512
64
0
9536
576
64
0
10560
640
64
0
11584
704
64
0
12608
768
64
0
13632
832
64
0
14656
896
64
0
15680
960
64
0
16704
1024
64
0
17728
1088
64
0
18752
1152
64
0
19776
1216
64
0
20800
1280
64
0
21824
1344
64
0
22848
1408
64
0
23872
1472
64
0
24896
1536
64
0
25920
1600
64
0
26944
1664
64
0
27968
1728
64
0
28992
1792
64
0
30016
1856
64
0
31040
1920
64
0
32064
1984
64
0
384
0
64
0
1408
64
64
0
2432
128
64
0
3456
192
64
0
4480
256
64
0
5504
320
64
0
6528
384
64
0
7552
448
64
0
8576
512
64
0
9600
576
64
0
10624
640
64
0
11648
704
64
0
12672
768
64
0
13696
832
64
0
14720
896
64
0
15744
960
64
0
16768
1024
64
0
17792
1088
64
0
18816
1152
64
0
19840
1216
64
0
20864
1280
64
0
21888
1344
64
0
22912
1408
64
0
23936
1472
64
0
24960
1536
64
0
25984
1600
64
0
27008
1664
64
0
28032
1728
64
0
29056
1792
64
0
30080
1856
64
0
31104
1920
64
0
32128
1984
64
0
448
0
64
0
1472
64
64
0
2496
128
64
0
3520
192
64
0
4544
256
64
0
5568
320
64
0
6592
384
64
0
7616
448
64
0
8640
512
64
0
9664
576
64
0
10688
640
64
0
11712
704
64
0
12736
768
64
0
13760
832
64
0
14784
896
64
0
15808
960
64
0
16832
1024
64
0
17856
1088
64
0
18880
1152
64
0
19904
1216
64
0
20928
1280
64
0
21952
1344
64
0
22976
1408
64
0
24000
1472
64
0
25024
1536
64
0
26048
1600
64
0
27072
1664
64
0
28096
1728
64
0
29120
1792
64
0
30144
1856
64
0
31168
1920
64
0
32192
1984
64
0
512
0
64
0
1536
64
64
0
2560
128
64
0
3584
192
64
0
4608
256
64
0
5632
320
64
0
6656
384
64
0
7680
448
64
0
8704
512
64
0
9728
576
64
0
10752
640
64
0
11776
704
64
0
12800
768
64
0
13824
832
64
0
14848
896
64
0
15872
960
64
0
16896
1024
64
0
17920
1088
64
0
18944
1152
64
0
19968
1216
64
0
20992
1280
64
0
22016
1344
64
0
23040
1408
64
0
24064
1472
64
0
25088
1536
64
0
26112
1600
64
0
27136
1664
64
0
28160
1728
64
0
29184
1792
64
0
30208
1856
64
0
31232
1920
64
0
32256
1984
64
0
576
0
64
0
1600
64
64
0
2624
128
64
0
3648
192
64
0
4672
256
64
0
5696
320
64
0
6720
384
64
0
7744
448
64
0
8768
512
64
0
9792
576
64
0
10816
640
64
0
11840
704
64
0
12864
768
64
0
13888
832
64
0
14912
896
64
0
15936
960
64
0
16960
1024
64
0
17984
1088
64
0
19008
1152
64
0
20032
1216
64
0
21056
1280
64
0
22080
1344
64
0
23104
1408
64
0
24128
1472
64
0
25152
1536
64
0
26176
1600
64
0
27200
1664
64
0
28224
1728
64
0
29248
1792
64
0
30272
1856
64
0
31296
1920
64
0
32320
1984
64
0
640
0
64
0
1664
64
64
0
2688
128
64
0
3712
192
64
0
4736
256
64
0
5760
320
64
0
6784
384
64
0
7808
448
64
0
8832
512
64
0
9856
576
64
0
10880
640
64
0
11904
704
64
0
12928
768
64
0
13952
832
64
0
14976
896
64
0
16000
960
64
0
17024
1024
64
0
18048
1088
64
0
19072
1152
64
0
20096
1216
64
0
21120
1280
64
0
22144
1344
64
0
23168
1408
64
0
24192
1472
64
0
25216
1536
64
0
26240
1600
64
0
27264
1664
64
0
28288
1728
64
0
29312
1792
64
0
30336
1856
64
0
31360
1920
64
0
32384
1984
64
0
704
0
64
0
1728
64
64
0
2752
128
64
0
3776
192
64
0
4800
256
64
0
5824
320
64
0
6848
384
64
0
7872
448
64
0
8896
512
64
0
9920
576
64
0
10944
640
64
0
11968
704
64
0
12992
768
64
0
14016
832
64
0
15040
896
64
0
16064
960
64
0
17088
1024
64
0
18112
1088
64
0
19136
1152
64
0
20160
1216
64
0
21184
1280
64
0
22208
1344
64
0
23232
1408
64
0
24256
1472
64
0
25280
1536
64
0
26304
1600
64
0
27328
1664
64
0
28352
1728
64
0
29376
1792
64
0
30400
1856
64
0
31424
1920
64
0
32448
1984
64
0
768
0
64
0
1792
64
64
0
2816
128
64
0
3840
192
64
0
4864
256
64
0
5888
320
64
0
6912
384
64
0
7936
448
64
0
8960
512
64
0
9984
576
64
0
11008
640
64
0
12032
704
64
0
13056
768
64
0
14080
832
64
0
15104
896
64
0
16128
960
64
0
17152
1024
64
0
18176
1088
64
0
19200
1152
64
0
20224
1216
64
0
21248
1280
64
0
22272
1344
64
0
23296
1408
64
0
24320
1472
64
0
25344
1536
64
0
26368
1600
64
0
27392
1664
64
0
28416
1728
64
0
29440
1792
64
0
30464
1856
64
0
31488
1920
64
0
32512
1984
64
0
832
0
64
0
1856
64
64
0
2880
128
64
0
3904
192
64
0
4928
256
64
0
5952
320
64
0
6976
384
64
0
8000
448
64
0
9024
512
64
0
10048
576
64
0
11072
640
64
0
12096
704
64
0
13120
768
64
0
14144
832
64
0
15168
896
64
0
16192
960
64
0
17216
1024
64
0
18240
1088
64
0
19264
1152
64
0
20288
1216
64
0
21312
1280
64
0
22336
1344
64
0
23360
1408
64
0
24384
1472
64
0
25408
1536
64
0
26432
1600
64
0
27456
1664
64
0
28480
1728
64
0
29504
1792
64
0
30528
1856
64
0
31552
1920
64
0
32576
1984
64
0
896
0
64
0
1920
64
64
0
2944
128
64
0
3968
192
64
0
4992
256
64
0
6016
320
64
0
7040
384
64
0
8064
448
64
0
9088
512
64
0
10112
576
64
0
11136
640
64
0
12160
704
64
0
13184
768
64
0
14208
832
64
0
15232
896
64
0
16256
960
64
0
17280
1024
64
0
18304
1088
64
0
19328
1152
64
0
20352
1216
64
0
21376
1280
64
0
22400
1344
64
0
23424
1408
64
0
24448
1472
64
0
25472
1536
64
0
26496
1600
64
0
27520
1664
64
0
28544
1728
64
0
29568
1792
64
0
30592
1856
64
0
31616
1920
64
0
32640
1984
64
0
960
0
64
0
1984
64
64
0
3008
128
64
0
4032
192
64
0
5056
256
64
0
6080
320
64
0
7104
384
64
0
8128
448
64
0
9152
512
64
0
10176
576
64
0
11200
640
64
0
12224
704
64
0
13248
768
64
0
14272
832
64
0
15296
896
64
0
16320
960
64
0
17344
1024
64
0
18368
1088
64
0
19392
1152
64
0
20416
1216
64
0
21440
1280
64
0
22464
1344
64
0
23488
1408
64
0
24512
1472
64
0
25536
1536
64
0
26560
1600
64
0
27584
1664
64
0
28608
1728
64
0
29632
1792
64
0
30656
1856
64
0
31680
1920
64
0
32704
1984
64
0
32768
0
64
0
33792
64
64
0
34816
128
64
0
35840
192
64
0
36864
256
64
0
37888
320
64
0
38912
384
64
0
39936
448
64
0
40960
512
64
0
41984
576
64
0
43008
640
64
0
44032
704
64
0
45056
768
64
0
46080
832
64
0
47104
896
64
0
48128
960
64
0
49152
1024
64
0
50176
1088
64
0
51200
1152
64
0
52224
1216
64
0
53248
1280
64
0
54272
1344
64
0
55296
1408
64
0
56320
1472
64
0
57344
1536
64
0
58368
1600
64
0
59392
1664
64
0
60416
1728
64
0
61440
1792
64
0
62464
1856
64
0
63488
1920
64
0
64512
1984
64
0
32832
0
64
0
33856
64
64
0
34880
128
64
0
35904
192
64
0
36928
256
64
0
37952
320
64
0
38976
384
64
0
40000
448
64
0
41024
512
64
0
42048
576
64
0
43072
640
64
0
44096
704
64
0
45120
768
64
0
46144
832
64
0
47168
896
64
0
48192
960
64
0
49216
1024
64
0
50240
1088
64
0
51264
1152
64
0
52288
1216
64
0
53312
1280
64
0
54336
1344
64
0
55360
1408
64
0
56384
1472
64
0
57408
1536
64
0
58432
1600
64
0
59456
1664
64
0
60480
1728
64
0
61504
1792
64
0
62528
1856
64
0
63552
1920
64
0
64576
1984
64
0
32896
0
64
0
33920
64
64
0
34944
128
64
0
35968
192
64
0
36992
256
64
0
38016
320
64
0
39040
384
64
0
40064
448
64
0
41088
512
64
0
42112
576
64
0
43136
640
64
0
44160
704
64
0
45184
768
64
0
46208
832
64
0
47232
896
64
0
48256
960
64
0
49280
1024
64
0
50304
1088
64
0
51328
1152
64
0
52352
1216
64
0
53376
1280
64
0
54400
1344
64
0
55424
1408
64
0
56448
1472
64
0
57472
1536
64
0
58496
1600
64
0
59520
1664
64
0
60544
1728
64
0
61568
1792
64
0
62592
1856
64
0
63616
1920
64
0
64640
1984
64
0
32960
0
64
0
33984
64
64
0
35008
128
64
0
36032
192
64
0
37056
256
64
0
38080
320
64
0
39104
384
64
0
40128
448
64
0
41152
512
64
0
42176
576
64
0
43200
640
64
0
44224
704
64
0
45248
768
64
0
46272
832
64
0
47296
896
64
0
48320
960
64
0
49344
1024
64
0
50368
1088
64
0
51392
1152
64
0
52416
1216
64
0
53440
1280
64
0
54464
1344
64
0
55488
1408
64
0
56512
1472
64
0
57536
1536
64
0
58560
1600
64
0
59584
1664
64
0
60608
1728
64
0
61632
1792
64
0
62656
1856
64
0
63680
1920
64
0
64704
1984
64
0
33024
0
64
0
34048
64
64
0
35072
128
64
0
36096
192
64
0
37120
256
64
0
38144
320
64
0
39168
384
64
0
40192
448
64
0
41216
512
64
0
42240
576
64
0
43264
640
64
0
44288
704
64
0
45312
768
64
0
46336
832
64
0
47360
896
64
0
48384
960
64
0
49408
1024
64
0
50432
1088
64
0
51456
1152
64
0
52480
1216
64
0
53504
1280
64
0
54528
1344
64
0
55552
1408
64
0
56576
1472
64
0
57600
1536
64
0
58624
1600
64
0
59648
1664
64
0
60672
1728
64
0
61696
1792
64
0
62720
1856
64
0
63744
1920
64
0
64768
1984
64
0
33088
0
64
0
34112
64
64
0
35136
128
64
0
36160
192
64
0
37184
256
64
0
38208
320
64
0
39232
384
64
0
40256
448
64
0
41280
512
64
0
42304
576
64
0
43328
640
64
0
44352
704
64
0
45376
768
64
0
46400
832
64
0
47424
896
64
0
48448
960
64
0
49472
1024
64
0
50496
1088
64
0
51520
1152
64
0
52544
1216
64
0
53568
1280
64
0
54592
1344
64
0
55616
1408
64
0
56640
1472
64
0
57664
1536
64
0
58688
1600
64
0
59712
1664
64
0
60736
1728
64
0
61760
1792
64
0
62784
1856
64
0
63808
1920
64
0
64832
1984
64
0
33152
0
64
0
34176
64
64
0
35200
128
64
0
36224
192
64
0
37248
256
64
0
38272
320
64
0
39296
384
64
0
40320
448
64
0
41344
512
64
0
42368
576
64
0
43392
640
64
0
44416
704
64
0
45440
768
64
0
46464
832
64
0
47488
896
64
0
48512
960
64
0
49536
1024
64
0
50560
1088
64
0
51584
1152
64
0
52608
1216
64
0
53632
1280
64
0
54656
1344
64
0
55680
1408
64
0
56704
1472
64
0
57728
1536
64
0
58752
1600
64
0
59776
1664
64
0
60800
1728
64
0
61824
1792
64
0
62848
1856
64
0
63872
1920
64
0
64896
1984
64
0
33216
0
64
0
34240
64
64
0
35264
128
64
0
36288
192
64
0
37312
256
64
0
38336
320
64
0
39360
384
64
0
40384
448
64
0
41408
512
64
0
42432
576
64
0
43456
640
64
0
44480
704
64
0
45504
768
64
0
46528
832
64
0
47552
896
64
0
48576
960
64
0
49600
1024
64
0
50624
1088
64
0
51648
1152
64
0
52672
1216
64
0
53696
1280
64
0
54720
1344
64
0
55744
1408
64
0
56768
1472
64
0
57792
1536
64
0
58816
1600
64
0
59840
1664
64
0
60864
1728
64
0
61888
1792
64
0
62912
1856
64
0
63936
1920
64
0
64960
1984
64
0
33280
0
64
0
34304
64
64
0
35328
128
64
0
36352
192
64
0
37376
256
64
0
38400
320
64
0
39424
384
64
0
40448
448
64
0
41472
512
64
0
42496
576
64
0
43520
640
64
0
44544
704
64
0
45568
768
64
0
46592
832
64
0
47616
896
64
0
48640
960
64
0
49664
1024
64
0
50688
1088
64
0
51712
1152
64
0
52736
1216
64
0
53760
1280
64
0
54784
1344
64
0
55808
1408
64
0
56832
1472
64
0
57856
1536
64
0
58880
1600
64
0
59904
1664
64
0
60928
1728
64
0
61952
1792
64
0
62976
1856
64
0
64000
1920
64
0
65024
1984
64
0
33344
0
64
0
34368
64
64
0
35392
128
64
0
36416
192
64
0
37440
256
64
0
38464
320
64
0
39488
384
64
0
40512
448
64
0
41536
512
64
0
42560
576
64
0
43584
640
64
0
44608
704
64
0
45632
768
64
0
46656
832
64
0
47680
896
64
0
48704
960
64
0
49728
1024
64
0
50752
1088
64
0
51776
1152
64
0
52800
1216
64
0
53824
1280
64
0
54848
1344
64
0
55872
1408
64
0
56896
1472
64
0
57920
1536
64
0
58944
1600
64
0
59968
1664
64
0
60992
1728
64
0
62016
1792
64
0
63040
1856
64
0
64064
1920
64
0
65088
1984
64
0
33408
0
64
0
34432
64
64
0
35456
128
64
0
36480
192
64
0
37504
256
64
0
38528
320
64
0
39552
384
64
0
40576
448
64
0
41600
512
64
0
42624
576
64
0
43648
640
64
0
44672
704
64
0
45696
768
64
0
46720
832
64
0
47744
896
64
0
48768
960
64
0
49792
1024
64
0
50816
1088
64
0
51840
1152
64
0
52864
1216
64
0
53888
1280
64
0
54912
1344
64
0
55936
1408
64
0
56960
1472
64
0
57984
1536
64
0
59008
1600
64
0
60032
1664
64
0
61056
1728
64
0
62080
1792
64
0
63104
1856
64
0
64128
1920
64
0
65152
1984
64
0
33472
0
64
0
34496
64
64
0
35520
128
64
0
36544
192
64
0
37568
256
64
0
38592
320
64
0
39616
384
64
0
40640
448
64
0
41664
512
64
0
42688
576
64
0
43712
640
64
0
44736
704
64
0
45760
768
64
0
46784
832
64
0
47808
896
64
0
48832
960
64
0
49856
1024
64
0
50880
1088
64
0
51904
1152
64
0
52928
1216
64
0
53952
1280
64
0
54976
1344
64
0
56000
1408
64
0
57024
1472
64
0
58048
1536
64
0
59072
1600
64
0
60096
1664
64
0
61120
1728
64
0
62144
1792
64
0
63168
1856
64
0
64192
1920
64
0
65216
1984
64
0
33536
0
64
0
34560
64
64
0
35584
128
64
0
36608
192
64
0
37632
256
64
0
38656
320
64
0
39680
384
64
0
40704
448
64
0
41728
512
64
0
42752
576
64
0
43776
640
64
0
44800
704
64
0
45824
768
64
0
46848
832
64
0
47872
896
64
0
48896
960
64
0
49920
1024
64
0
50944
1088
64
0
51968
1152
64
0
52992
1216
64
0
54016
1280
64
0
55040
1344
64
0
56064
1408
64
0
57088
1472
64
0
58112
1536
64
0
59136
1600
64
0
60160
1664
64
0
61184
1728
64
0
62208
1792
64
0
63232
1856
64
0
64256
1920
64
0
65280
1984
64
0
33600
0
64
0
34624
64
64
0
35648
128
64
0
36672
192
64
0
37696
256
64
0
38720
320
64
0
39744
384
64
0
40768
448
64
0
41792
512
64
0
42816
576
64
0
43840
640
64
0
44864
704
64
0
45888
768
64
0
46912
832
64
0
47936
896
64
0
48960
960
64
0
49984
1024
64
0
51008
1088
64
0
52032
1152
64
0
53056
1216
64
0
54080
1280
64
0
55104
1344
64
0
56128
1408
64
0
57152
1472
64
0
58176
1536
64
0
59200
1600
64
0
60224
1664
64
0
61248
1728
64
0
62272
1792
64
0
63296
1856
64
0
64320
1920
64
0
65344
1984
64
0
33664
0
64
0
34688
64
64
0
35712
128
64
0
36736
192
64
0
37760
256
64
0
38784
320
64
0
39808
384
64
0
40832
448
64
0
41856
512
64
0
42880
576
64
0
43904
640
64
0
44928
704
64
0
45952
768
64
0
46976
832
64
0
48000
896
64
0
49024
960
64
0
50048
1024
64
0
51072
1088
64
0
52096
1152
64
0
53120
1216
64
0
54144
1280
64
0
55168
1344
64
0
56192
1408
64
0
57216
1472
64
0
58240
1536
64
0
59264
1600
64
0
60288
1664
64
0
61312
1728
64
0
62336
1792
64
0
63360
1856
64
0
64384
1920
64
0
65408
1984
64
0
33728
0
64
0
34752
64
64
0
35776
128
64
0
36800
192
64
0
37824
256
64
0
38848
320
64
0
39872
384
64
0
40896
448
64
0
41920
512
64
0
42944
576
64
0
43968
640
64
0
44992
704
64
0
46016
768
64
0
47040
832
64
0
48064
896
64
0
49088
960
64
0
50112
1024
64
0
51136
1088
64
0
52160
1152
64
0
53184
1216
64
0
54208
1280
64
0
55232
1344
64
0
56256
1408
64
0
57280
1472
64
0
58304
1536
64
0
59328
1600
64
0
60352
1664
64
0
61376
1728
64
0
62400
1792
64
0
63424
1856
64
0
64448
1920
64
0
65472
1984
64
0
65536
0
64
0
66560
64
64
0
67584
128
64
0
68608
192
64
0
69632
256
64
0
70656
320
64
0
71680
384
64
0
72704
448
64
0
73728
512
64
0
74752
576
64
0
75776
640
64
0
76800
704
64
0
77824
768
64
0
78848
832
64
0
79872
896
64
0
80896
960
64
0
81920
1024
64
0
82944
1088
64
0
83968
1152
64
0
84992
1216
64
0
86016
1280
64
0
87040
1344
64
0
88064
1408
64
0
89088
1472
64
0
90112
1536
64
0
91136
1600
64
0
92160
1664
64
0
93184
1728
64
0
94208
1792
64
0
95232
1856
64
0
96256
1920
64
0
97280
1984
64
0
65600
0
64
0
66624
64
64
0
67648
128
64
0
68672
192
64
0
69696
256
64
0
70720
320
64
0
71744
384
64
0
72768
448
64
0
73792
512
64
0
74816
576
64
0
75840
640
64
0
76864
704
64
0
77888
768
64
0
78912
832
64
0
79936
896
64
0
80960
960
64
0
81984
1024
64
0
83008
1088
64
0
84032
1152
64
0
85056
1216
64
0
86080
1280
64
0
87104
1344
64
0
88128
1408
64
0
89152
1472
64
0
90176
1536
64
0
91200
1600
64
0
92224
1664
64
0
93248
1728
64
0
94272
1792
64
0
95296
1856
64
0
96320
1920
64
0
97344
1984
64
0
65664
0
64
0
66688
64
64
0
67712
128
64
0
68736
192
64
0
69760
256
64
0
70784
320
64
0
71808
384
64
0
72832
448
64
0
73856
512
64
0
74880
576
64
0
75904
640
64
0
76928
704
64
0
77952
768
64
0
78976
832
64
0
80000
896
64
0
81024
960
64
0
82048
1024
64
0
83072
1088
64
0
84096
1152
64
0
85120
1216
64
0
86144
1280
64
0
87168
1344
64
0
88192
1408
64
0
89216
1472
64
0
90240
1536
64
0
91264
1600
64
0
92288
1664
64
0
93312
1728
64
0
94336
1792
64
0
95360
1856
64
0
96384
1920
64
0
97408
1984
64
0
65728
0
64
0
66752
64
64
0
67776
128
64
0
68800
192
64
0
69824
256
64
0
70848
320
64
0
71872
384
64
0
72896
448
64
0
73920
512
64
0
74944
576
64
0
75968
640
64
0
76992
704
64
0
78016
768
64
0
79040
832
64
0
80064
896
64
0
81088
960
64
0
82112
1024
64
0
83136
1088
64
0
84160
1152
64
0
85184
1216
64
0
86208
1280
64
0
87232
1344
64
0
88256
1408
64
0
89280
1472
64
0
90304
1536
64
0
91328
1600
64
0
92352
1664
64
0
93376
1728
64
0
94400
1792
64
0
95424
1856
64
0
96448
1920
64
0
97472
1984
64
0
65792
0
64
0
66816
64
64
0
67840
128
64
0
68864
192
64
0
69888
256
64
0
70912
320
64
0
71936
384
64
0
72960
448
64
0
73984
512
64
0
75008
576
64
0
76032
640
64
0
77056
704
64
0
78080
768
64
0
79104
832
64
0
80128
896
64
0
81152
960
64
0
82176
1024
64
0
83200
1088
64
0
84224
1152
64
0
85248
1216
64
0
86272
1280
64
0
87296
1344
64
0
88320
1408
64
0
89344
1472
64
0
90368
1536
64
0
91392
1600
64
0
92416
1664
64
0
93440
1728
64
0
94464
1792
64
0
95488
1856
64
0
96512
1920
64
0
97536
1984
64
0
65856
0
64
0
66880
64
64
0
67904
128
64
0
68928
192
64
0
69952
256
64
0
70976
320
64
0
72000
384
64
0
73024
448
64
0
74048
512
64
0
75072
576
64
0
76096
640
64
0
77120
704
64
0
78144
768
64
0
79168
832
64
0
80192
896
64
0
81216
960
64
0
82240
1024
64
0
83264
1088
64
0
84288
1152
64
0
85312
1216
64
0
86336
1280
64
0
87360
1344
64
0
88384
1408
64
0
89408
1472
64
0
90432
1536
64
0
91456
1600
64
0
92480
1664
64
0
93504
1728
64
0
94528
1792
64
0
95552
1856
64
0
96576
1920
64
0
97600
1984
64
0
65920
0
64
0
66944
64
64
0
67968
128
64
0
68992
192
64
0
70016
256
64
0
71040
320
64
0
72064
384
64
0
73088
448
64
0
74112
512
64
0
75136
576
64
0
76160
640
64
0
77184
704
64
0
78208
768
64
0
79232
832
64
0
80256
896
64
0
81280
960
64
0
82304
1024
64
0
83328
1088
64
0
84352
1152
64
0
85376
1216
64
0
86400
1280
64
0
87424
1344
64
0
88448
1408
64
0
89472
1472
64
0
90496
1536
64
0
91520
1600
64
0
92544
1664
64
0
93568
1728
64
0
94592
1792
64
0
95616
1856
64
0
96640
1920
64
0
97664
1984
64
0
65984
0
64
0
67008
64
64
0
68032
128
64
0
69056
192
64
0
70080
256
64
0
71104
320
64
0
72128
384
64
0
73152
448
64
0
74176
512
64
0
75200
576
64
0
76224
640
64
0
77248
704
64
0
78272
768
64
0
79296
832
64
0
80320
896
64
0
81344
960
64
0
82368
1024
64
0
83392
1088
64
0
84416
1152
64
0
85440
1216
64
0
86464
1280
64
0
87488
1344
64
0
88512
1408
64
0
89536
1472
64
0
90560
1536
64
0
91584
1600
64
0
92608
1664
64
0
93632
1728
64
0
94656
1792
64
0
95680
1856
64
0
96704
1920
64
0
97728
1984
64
0
66048
0
64
0
67072
64
64
0
68096
128
64
0
69120
192
64
0
70144
256
64
0
71168
320
64
0
72192
384
64
0
73216
448
64
0
74240
512
64
0
75264
576
64
0
76288
640
64
0
77312
704
64
0
78336
768
64
0
79360
832
64
0
80384
896
64
0
81408
960
64
0
82432
1024
64
0
83456
1088
64
0
84480
1152
64
0
85504
1216
64
0
86528
1280
64
0
87552
1344
64
0
88576
1408
64
0
89600
1472
64
0
90624
1536
64
0
91648
1600
64
0
92672
1664
64
0
93696
1728
64
0
94720
1792
64
0
95744
1856
64
0
96768
1920
64
0
97792
1984
64
0
66112
0
64
0
67136
64
64
0
68160
128
64
0
69184
192
64
0
70208
256
64
0
71232
320
64
0
72256
384
64
0
73280
448
64
0
74304
512
64
0
75328
576
64
0
76352
640
64
0
77376
704
64
0
78400
768
64
0
79424
832
64
0
80448
896
64
0
81472
960
64
0
82496
1024
64
0
83520
1088
64
0
84544
1152
64
0
85568
1216
64
0
86592
1280
64
0
87616
1344
64
0
88640
1408
64
0
89664
1472
64
0
90688
1536
64
0
91712
1600
64
0
92736
1664
64
0
93760
1728
64
0
94784
1792
64
0
95808
1856
64
0
96832
1920
64
0
97856
1984
64
0
66176
0
64
0
67200
64
64
0
68224
128
64
0
69248
192
64
0
70272
256
64
0
71296
320
64
0
72320
384
64
0
73344
448
64
0
74368
512
64
0
75392
576
64
0
76416
640
64
0
77440
704
64
0
78464
768
64
0
79488
832
64
0
80512
896
64
0
81536
960
64
0
82560
1024
64
0
83584
1088
64
0
84608
1152
64
0
85632
1216
64
0
86656
1280
64
0
87680
1344
64
0
88704
1408
64
0
89728
1472
64
0
90752
1536
64
0
91776
1600
64
0
92800
1664
64
0
93824
1728
64
0
94848
1792
64
0
95872
1856
64
0
96896
1920
64
0
97920
1984
64
0
66240
0
64
0
67264
64
64
0
68288
128
64
0
69312
192
64
0
70336
256
64
0
71360
320
64
0
72384
384
64
0
73408
448
64
0
74432
512
64
0
75456
576
64
0
76480
640
64
0
77504
704
64
0
78528
768
64
0
79552
832
64
0
80576
896
64
0
81600
960
64
0
82624
1024
64
0
83648
1088
64
0
84672
1152
64
0
85696
1216
64
0
86720
1280
64
0
87744
1344
64
0
88768
1408
64
0
89792
1472
64
0
90816
1536
64
0
91840
1600
64
0
92864
1664
64
0
93888
1728
64
0
94912
1792
64
0
95936
1856
64
0
96960
1920
64
0
97984
1984
64
0
66304
0
64
0
67328
64
64
0
68352
128
64
0
69376
192
64
0
70400
256
64
0
71424
320
64
0
72448
384
64
0
73472
448
64
0
74496
512
64
0
75520
576
64
0
76544
640
64
0
77568
704
64
0
78592
768
64
0
79616
832
64
0
80640
896
64
0
81664
960
64
0
82688
1024
64
0
83712
1088
64
0
84736
1152
64
0
85760
1216
64
0
86784
1280
64
0
87808
1344
64
0
88832
1408
64
0
89856
1472
64
0
90880
1536
64
0
91904
1600
64
0
92928
1664
64
0
93952
1728
64
0
94976
1792
64
0
96000
1856
64
0
97024
1920
64
0
98048
1984
64
0
66368
0
64
0
67392
64
64
0
68416
128
64
0
69440
192
64
0
70464
256
64
0
71488
320
64
0
72512
384
64
0
73536
448
64
0
74560
512
64
0
75584
576
64
0
76608
640
64
0
77632
704
64
0
78656
768
64
0
79680
832
64
0
80704
896
64
0
81728
960
64
0
82752
1024
64
0
83776
1088
64
0
84800
1152
64
0
85824
1216
64
0
86848
1280
64
0
87872
1344
64
0
88896
1408
64
0
89920
1472
64
0
90944
1536
64
0
91968
1600
64
0
92992
1664
64
0
94016
1728
64
0
95040
1792
64
0
96064
1856
64
0
97088
1920
64
0
98112
1984
64
0
66432
0
64
0
67456
64
64
0
68480
128
64
0
69504
192
64
0
70528
256
64
0
71552
320
64
0
72576
384
64
0
73600
448
64
0
74624
512
64
0
75648
576
64
0
76672
640
64
0
77696
704
64
0
78720
768
64
0
79744
832
64
0
80768
896
64
0
81792
960
64
0
82816
1024
64
0
83840
1088
64
0
84864
1152
64
0
85888
1216
64
0
86912
1280
64
0
87936
1344
64
0
88960
1408
64
0
89984
1472
64
0
91008
1536
64
0
92032
1600
64
0
93056
1664
64
0
94080
1728
64
0
95104
1792
64
0
96128
1856
64
0
97152
1920
64
0
98176
1984
64
0
66496
0
64
0
67520
64
64
0
68544
128
64
0
69568
192
64
0
70592
256
64
0
71616
320
64
0
72640
384
64
0
73664
448
64
0
74688
512
64
0
75712
576
64
0
76736
640
64
0
77760
704
64
0
78784
768
64
0
79808
832
64
0
80832
896
64
0
81856
960
64
0
82880
1024
64
0
83904
1088
64
0
84928
1152
64
0
85952
1216
64
0
86976
1280
64
0
88000
1344
64
0
89024
1408
64
0
90048
1472
64
0
91072
1536
64
0
92096
1600
64
0
93120
1664
64
0
94144
1728
64
0
95168
1792
64
0
96192
1856
64
0
97216
1920
64
0
98240
1984
64
0
98304
0
64
0
99328
64
64
0
100352
128
64
0
101376
192
64
0
102400
256
64
0
103424
320
64
0
104448
384
64
0
105472
448
64
0
106496
512
64
0
107520
576
64
0
108544
640
64
0
109568
704
64
0
110592
768
64
0
111616
832
64
0
112640
896
64
0
113664
960
64
0
114688
1024
64
0
115712
1088
64
0
116736
1152
64
0
117760
1216
64
0
118784
1280
64
0
119808
1344
64
0
120832
1408
64
0
121856
1472
64
0
122880
1536
64
0
123904
1600
64
0
124928
1664
64
0
125952
1728
64
0
126976
1792
64
0
128000
1856
64
0
129024
1920
64
0
130048
1984
64
0
98368
0
64
0
99392
64
64
0
100416
128
64
0
101440
192
64
0
102464
256
64
0
103488
320
64
0
104512
384
64
0
105536
448
64
0
106560
512
64
0
107584
576
64
0
108608
640
64
0
109632
704
64
0
110656
768
64
0
111680
832
64
0
112704
896
64
0
113728
960
64
0
114752
1024
64
0
115776
1088
64
0
116800
1152
64
0
117824
1216
64
0
118848
1280
64
0
119872
1344
64
0
120896
1408
64
0
121920
1472
64
0
122944
1536
64
0
123968
1600
64
0
124992
1664
64
0
126016
1728
64
0
127040
1792
64
0
128064
1856
64
0
129088
1920
64
0
130112
1984
64
0
98432
0
64
0
99456
64
64
0
100480
128
64
0
101504
192
64
0
102528
256
64
0
103552
320
64
0
104576
384
64
0
105600
448
64
0
106624
512
64
0
107648
576
64
0
108672
640
64
0
109696
704
64
0
110720
768
64
0
111744
832
64
0
112768
896
64
0
113792
960
64
0
114816
1024
64
0
115840
1088
64
0
116864
1152
64
0
117888
1216
64
0
118912
1280
64
0
119936
1344
64
0
120960
1408
64
0
121984
1472
64
0
123008
1536
64
0
124032
1600
64
0
125056
1664
64
0
126080
1728
64
0
127104
1792
64
0
128128
1856
64
0
129152
1920
64
0
130176
1984
64
0
98496
0
64
0
99520
64
64
0
100544
128
64
0
101568
192
64
0
102592
256
64
0
103616
320
64
0
104640
384
64
0
105664
448
64
0
106688
512
64
0
107712
576
64
0
108736
640
64
0
109760
704
64
0
110784
768
64
0
111808
832
64
0
112832
896
64
0
113856
960
64
0
114880
1024
64
0
115904
1088
64
0
116928
1152
64
0
117952
1216
64
0
118976
1280
64
0
120000
1344
64
0
121024
1408
64
0
122048
1472
64
0
123072
1536
64
0
124096
1600
64
0
125120
1664
64
0
126144
1728
64
0
127168
1792
64
0
128192
1856
64
0
129216
1920
64
0
130240
1984
64
0
98560
0
64
0
99584
64
64
0
100608
128
64
0
101632
192
64
0
102656
256
64
0
103680
320
64
0
104704
384
64
0
105728
448
64
0
106752
512
64
0
107776
576
64
0
108800
640
64
0
109824
704
64
0
110848
768
64
0
111872
832
64
0
112896
896
64
0
113920
960
64
0
114944
1024
64
0
115968
1088
64
0
116992
1152
64
0
118016
1216
64
0
119040
1280
64
0
120064
1344
64
0
121088
1408
64
0
122112
1472
64
0
123136
1536
64
0
124160
1600
64
0
125184
1664
64
0
126208
1728
64
0
127232
1792
64
0
128256
1856
64
0
129280
1920
64
0
130304
1984
64
0
98624
0
64
0
99648
64
64
0
100672
128
64
0
101696
192
64
0
102720
256
64
0
103744
320
64
0
104768
384
64
0
105792
448
64
0
106816
512
64
0
107840
576
64
0
108864
640
64
0
109888
704
64
0
110912
768
64
0
111936
832
64
0
112960
896
64
0
113984
960
64
0
115008
1024
64
0
116032
1088
64
0
117056
1152
64
0
118080
1216
64
0
119104
1280
64
0
120128
1344
64
0
121152
1408
64
0
122176
1472
64
0
123200
1536
64
0
124224
1600
64
0
125248
1664
64
0
126272
1728
64
0
127296
1792
64
0
128320
1856
64
0
129344
1920
64
0
130368
1984
64
0
98688
0
64
0
99712
64
64
0
100736
128
64
0
101760
192
64
0
102784
256
64
0
103808
320
64
0
104832
384
64
0
105856
448
64
0
106880
512
64
0
107904
576
64
0
108928
640
64
0
109952
704
64
0
110976
768
64
0
112000
832
64
0
113024
896
64
0
114048
960
64
0
115072
1024
64
0
116096
1088
64
0
117120
1152
64
0
118144
1216
64
0
119168
1280
64
0
120192
1344
64
0
121216
1408
64
0
122240
1472
64
0
123264
1536
64
0
124288
1600
64
0
125312
1664
64
0
126336
1728
64
0
127360
1792
64
0
128384
1856
64
0
129408
1920
64
0
130432
1984
64
0
98752
0
64
0
99776
64
64
0
100800
128
64
0
101824
192
64
0
102848
256
64
0
103872
320
64
0
104896
384
64
0
105920
448
64
0
106944
512
64
0
107968
576
64
0
108992
640
64
0
110016
704
64
0
111040
768
64
0
112064
832
64
0
113088
896
64
0
114112
960
64
0
115136
1024
64
0
116160
1088
64
0
117184
1152
64
0
118208
1216
64
0
119232
1280
64
0
120256
1344
64
0
121280
1408
64
0
122304
1472
64
0
123328
1536
64
0
124352
1600
64
0
125376
1664
64
0
126400
1728
64
0
127424
1792
64
0
128448
1856
64
0
129472
1920
64
0
130496
1984
64
0
98816
0
64
0
99840
64
64
0
100864
128
64
0
101888
192
64
0
102912
256
64
0
103936
320
64
0
104960
384
64
0
105984
448
64
0
107008
512
64
0
108032
576
64
0
109056
640
64
0
110080
704
64
0
111104
768
64
0
112128
832
64
0
113152
896
64
0
114176
960
64
0
115200
1024
64
0
116224
1088
64
0
117248
1152
64
0
118272
1216
64
0
119296
1280
64
0
120320
1344
64
0
121344
1408
64
0
122368
1472
64
0
123392
1536
64
0
124416
1600
64
0
125440
1664
64
0
126464
1728
64
0
127488
1792
64
0
128512
1856
64
0
129536
1920
64
0
130560
1984
64
0
98880
0
64
0
99904
64
64
0
100928
128
64
0
101952
192
64
0
102976
256
64
0
104000
320
64
0
105024
384
64
0
106048
448
64
0
107072
512
64
0
108096
576
64
0
109120
640
64
0
110144
704
64
0
111168
768
64
0
112192
832
64
0
113216
896
64
0
114240
960
64
0
115264
1024
64
0
116288
1088
64
0
117312
1152
64
0
118336
1216
64
0
119360
1280
64
0
120384
1344
64
0
121408
1408
64
0
122432
1472
64
0
123456
1536
64
0
124480
1600
64
0
125504
1664
64
0
126528
1728
64
0
127552
1792
64
0
128576
1856
64
0
129600
1920
64
0
130624
1984
64
0
98944
0
64
0
99968
64
64
0
100992
128
64
0
102016
192
64
0
103040
256
64
0
104064
320
64
0
105088
384
64
0
106112
448
64
0
107136
512
64
0
108160
576
64
0
109184
640
64
0
110208
704
64
0
111232
768
64
0
112256
832
64
0
113280
896
64
0
114304
960
64
0
115328
1024
64
0
116352
1088
64
0
117376
1152
64
0
118400
1216
64
0
119424
1280
64
0
120448
1344
64
0
121472
1408
64
0
122496
1472
64
0
123520
1536
64
0
124544
1600
64
0
125568
1664
64
0
126592
1728
64
0
127616
1792
64
0
128640
1856
64
0
129664
1920
64
0
130688
1984
64
0
99008
0
64
0
100032
64
64
0
101056
128
64
0
102080
192
64
0
103104
256
64
0
104128
320
64
0
105152
384
64
0
106176
448
64
0
107200
512
64
0
108224
576
64
0
109248
640
64
0
110272
704
64
0
111296
768
64
0
112320
832
64
0
113344
896
64
0
114368
960
64
0
115392
1024
64
0
116416
1088
64
0
117440
1152
64
0
118464
1216
64
0
119488
1280
64
0
120512
1344
64
0
121536
1408
64
0
122560
1472
64
0
123584
1536
64
0
124608
1600
64
0
125632
1664
64
0
126656
1728
64
0
127680
1792
64
0
128704
1856
64
0
129728
1920
64
0
130752
1984
64
0
99072
0
64
0
100096
64
64
0
101120
128
64
0
102144
192
64
0
103168
256
64
0
104192
320
64
0
105216
384
64
0
106240
448
64
0
107264
512
64
0
108288
576
64
0
109312
640
64
0
110336
704
64
0
111360
768
64
0
112384
832
64
0
113408
896
64
0
114432
960
64
0
115456
1024
64
0
116480
1088
64
0
117504
1152
64
0
118528
1216
64
0
119552
1280
64
0
120576
1344
64
0
121600
1408
64
0
122624
1472
64
0
123648
1536
64
0
124672
1600
64
0
125696
1664
64
0
126720
1728
64
0
127744
1792
64
0
128768
1856
64
0
129792
1920
64
0
130816
1984
64
0
99136
0
64
0
100160
64
64
0
101184
128
64
0
102208
192
64
0
103232
256
64
0
104256
320
64
0
105280
384
64
0
106304
448
64
0
107328
512
64
0
108352
576
64
0
109376
640
64
0
110400
704
64
0
111424
768
64
0
112448
832
64
0
113472
896
64
0
114496
960
64
0
115520
1024
64
0
116544
1088
64
0
117568
1152
64
0
118592
1216
64
0
119616
1280
64
0
120640
1344
64
0
121664
1408
64
0
122688
1472
64
0
123712
1536
64
0
124736
1600
64
0
125760
1664
64
0
126784
1728
64
0
127808
1792
64
0
128832
1856
64
0
129856
1920
64
0
130880
1984
64
0
99200
0
64
0
100224
64
64
0
101248
128
64
0
102272
192
64
0
103296
256
64
0
104320
320
64
0
105344
384
64
0
106368
448
64
0
107392
512
64
0
108416
576
64
0
109440
640
64
0
110464
704
64
0
111488
768
64
0
112512
832
64
0
113536
896
64
0
114560
960
64
0
115584
1024
64
0
116608
1088
64
0
117632
1152
64
0
118656
1216
64
0
119680
1280
64
0
120704
1344
64
0
121728
1408
64
0
122752
1472
64
0
123776
1536
64
0
124800
1600
64
0
125824
1664
64
0
126848
1728
64
0
127872
1792
64
0
128896
1856
64
0
129920
1920
64
0
130944
1984
64
0
99264
0
64
0
100288
64
64
0
101312
128
64
0
102336
192
64
0
103360
256
64
0
104384
320
64
0
105408
384
64
0
106432
448
64
0
107456
512
64
0
108480
576
64
0
109504
640
64
0
110528
704
64
0
111552
768
64
0
112576
832
64
0
113600
896
64
0
114624
960
64
0
115648
1024
64
0
116672
1088
64
0
117696
1152
64
0
118720
1216
64
0
119744
1280
64
0
120768
1344
64
0
121792
1408
64
0
122816
1472
64
0
123840
1536
64
0
124864
1600
64
0
125888
1664
64
0
126912
1728
64
0
127936
1792
64
0
128960
1856
64
0
129984
1920
64
0
131008
1984
64
0
131072
0
64
0
132096
64
64
0
133120
128
64
0
134144
192
64
0
135168
256
64
0
136192
320
64
0
137216
384
64
0
138240
448
64
0
139264
512
64
0
140288
576
64
0
141312
640
64
0
142336
704
64
0
143360
768
64
0
144384
832
64
0
145408
896
64
0
146432
960
64
0
147456
1024
64
0
148480
1088
64
0
149504
1152
64
0
150528
1216
64
0
151552
1280
64
0
152576
1344
64
0
153600
1408
64
0
154624
1472
64
0
155648
1536
64
0
156672
1600
64
0
157696
1664
64
0
158720
1728
64
0
159744
1792
64
0
160768
1856
64
0
161792
1920
64
0
162816
1984
64
0
131136
0
64
0
132160
64
64
0
133184
128
64
0
134208
192
64
0
135232
256
64
0
136256
320
64
0
137280
384
64
0
138304
448
64
0
139328
512
64
0
140352
576
64
0
141376
640
64
0
142400
704
64
0
143424
768
64
0
144448
832
64
0
145472
896
64
0
146496
960
64
0
147520
1024
64
0
148544
1088
64
0
149568
1152
64
0
150592
1216
64
0
151616
1280
64
0
152640
1344
64
0
153664
1408
64
0
154688
1472
64
0
155712
1536
64
0
156736
1600
64
0
157760
1664
64
0
158784
1728
64
0
159808
1792
64
0
160832
1856
64
0
161856
1920
64
0
162880
1984
64
0
131200
0
64
0
132224
64
64
0
133248
128
64
0
134272
192
64
0
135296
256
64
0
136320
320
64
0
137344
384
64
0
138368
448
64
0
139392
512
64
0
140416
576
64
0
141440
640
64
0
142464
704
64
0
143488
768
64
0
144512
832
64
0
145536
896
64
0
146560
960
64
0
147584
1024
64
0
148608
1088
64
0
149632
1152
64
0
150656
1216
64
0
151680
1280
64
0
152704
1344
64
0
153728
1408
64
0
154752
1472
64
0
155776
1536
64
0
156800
1600
64
0
157824
1664
64
0
158848
1728
64
0
159872
1792
64
0
160896
1856
64
0
161920
1920
64
0
162944
1984
64
0
131264
0
64
0
132288
64
64
0
133312
128
64
0
134336
192
64
0
135360
256
64
0
136384
320
64
0
137408
384
64
0
138432
448
64
0
139456
512
64
0
140480
576
64
0
141504
640
64
0
142528
704
64
0
143552
768
64
0
144576
832
64
0
145600
896
64
0
146624
960
64
0
147648
1024
64
0
148672
1088
64
0
149696
1152
64
0
150720
1216
64
0
151744
1280
64
0
152768
1344
64
0
153792
1408
64
0
154816
1472
64
0
155840
1536
64
0
156864
1600
64
0
157888
1664
64
0
158912
1728
64
0
159936
1792
64
0
160960
1856
64
0
161984
1920
64
0
163008
1984
64
0
131328
0
64
0
132352
64
64
0
133376
128
64
0
134400
192
64
0
135424
256
64
0
136448
320
64
0
137472
384
64
0
138496
448
64
0
139520
512
64
0
140544
576
64
0
141568
640
64
0
142592
704
64
0
143616
768
64
0
144640
832
64
0
145664
896
64
0
146688
960
64
0
147712
1024
64
0
148736
1088
64
0
149760
1152
64
0
150784
1216
64
0
151808
1280
64
0
152832
1344
64
0
153856
1408
64
0
154880
1472
64
0
155904
1536
64
0
156928
1600
64
0
157952
1664
64
0
158976
1728
64
0
160000
1792
64
0
161024
1856
64
0
162048
1920
64
0
163072
1984
64
0
131392
0
64
0
132416
64
64
0
133440
128
64
0
134464
192
64
0
135488
256
64
0
136512
320
64
0
137536
384
64
0
138560
448
64
0
139584
512
64
0
140608
576
64
0
141632
640
64
0
142656
704
64
0
143680
768
64
0
144704
832
64
0
145728
896
64
0
146752
960
64
0
147776
1024
64
0
148800
1088
64
0
149824
1152
64
0
150848
1216
64
0
151872
1280
64
0
152896
1344
64
0
153920
1408
64
0
154944
1472
64
0
155968
1536
64
0
156992
1600
64
0
158016
1664
64
0
159040
1728
64
0
160064
1792
64
0
161088
1856
64
0
162112
1920
64
0
163136
1984
64
0
131456
0
64
0
132480
64
64
0
133504
128
64
0
134528
192
64
0
135552
256
64
0
136576
320
64
0
137600
384
64
0
138624
448
64
0
139648
512
64
0
140672
576
64
0
141696
640
64
0
142720
704
64
0
143744
768
64
0
144768
832
64
0
145792
896
64
0
146816
960
64
0
147840
1024
64
0
148864
1088
64
0
149888
1152
64
0
150912
1216
64
0
151936
1280
64
0
152960
1344
64
0
153984
1408
64
0
155008
1472
64
0
156032
1536
64
0
157056
1600
64
0
158080
1664
64
0
159104
1728
64
0
160128
1792
64
0
161152
1856
64
0
162176
1920
64
0
163200
1984
64
0
131520
0
64
0
132544
64
64
0
133568
128
64
0
134592
192
64
0
135616
256
64
0
136640
320
64
0
137664
384
64
0
138688
448
64
0
139712
512
64
0
140736
576
64
0
141760
640
64
0
142784
704
64
0
143808
768
64
0
144832
832
64
0
145856
896
64
0
146880
960
64
0
147904
1024
64
0
148928
1088
64
0
149952
1152
64
0
150976
1216
64
0
152000
1280
64
0
153024
1344
64
0
154048
1408
64
0
155072
1472
64
0
156096
1536
64
0
157120
1600
64
0
158144
1664
64
0
159168
1728
64
0
160192
1792
64
0
161216
1856
64
0
162240
1920
64
0
163264
1984
64
0
131584
0
64
0
132608
64
64
0
133632
128
64
0
134656
192
64
0
135680
256
64
0
136704
320
64
0
137728
384
64
0
138752
448
64
0
139776
512
64
0
140800
576
64
0
141824
640
64
0
142848
704
64
0
143872
768
64
0
144896
832
64
0
145920
896
64
0
146944
960
64
0
147968
1024
64
0
148992
1088
64
0
150016
1152
64
0
151040
1216
64
0
152064
1280
64
0
153088
1344
64
0
154112
1408
64
0
155136
1472
64
0
156160
1536
64
0
157184
1600
64
0
158208
1664
64
0
159232
1728
64
0
160256
1792
64
0
161280
1856
64
0
162304
1920
64
0
163328
1984
64
0
131648
0
64
0
132672
64
64
0
133696
128
64
0
134720
192
64
0
135744
256
64
0
136768
320
64
0
137792
384
64
0
138816
448
64
0
139840
512
64
0
140864
576
64
0
141888
640
64
0
142912
704
64
0
143936
768
64
0
144960
832
64
0
145984
896
64
0
147008
960
64
0
148032
1024
64
0
149056
1088
64
0
150080
1152
64
0
151104
1216
64
0
152128
1280
64
0
153152
1344
64
0
154176
1408
64
0
155200
1472
64
0
156224
1536
64
0
157248
1600
64
0
158272
1664
64
0
159296
1728
64
0
160320
1792
64
0
161344
1856
64
0
162368
1920
64
0
163392
1984
64
0
131712
0
64
0
132736
64
64
0
133760
128
64
0
134784
192
64
0
135808
256
64
0
136832
320
64
0
137856
384
64
0
138880
448
64
0
139904
512
64
0
140928
576
64
0
141952
640
64
0
142976
704
64
0
144000
768
64
0
145024
832
64
0
146048
896
64
0
147072
960
64
0
148096
1024
64
0
149120
1088
64
0
150144
1152
64
0
151168
1216
64
0
152192
1280
64
0
153216
1344
64
0
154240
1408
64
0
155264
1472
64
0
156288
1536
64
0
157312
1600
64
0
158336
1664
64
0
159360
1728
64
0
160384
1792
64
0
161408
1856
64
0
162432
1920
64
0
163456
1984
64
0
131776
0
64
0
132800
64
64
0
133824
128
64
0
134848
192
64
0
135872
256
64
0
136896
320
64
0
137920
384
64
0
138944
448
64
0
139968
512
64
0
140992
576
64
0
142016
640
64
0
143040
704
64
0
144064
768
64
0
145088
832
64
0
146112
896
64
0
147136
960
64
0
148160
1024
64
0
149184
1088
64
0
150208
1152
64
0
151232
1216
64
0
152256
1280
64
0
153280
1344
64
0
154304
1408
64
0
155328
1472
64
0
156352
1536
64
0
157376
1600
64
0
158400
1664
64
0
159424
1728
64
0
160448
1792
64
0
161472
1856
64
0
162496
1920
64
0
163520
1984
64
0
131840
0
64
0
132864
64
64
0
133888
128
64
0
134912
192
64
0
135936
256
64
0
136960
320
64
0
137984
384
64
0
139008
448
64
0
140032
512
64
0
141056
576
64
0
142080
640
64
0
143104
704
64
0
144128
768
64
0
145152
832
64
0
146176
896
64
0
147200
960
64
0
148224
1024
64
0
149248
1088
64
0
150272
1152
64
0
151296
1216
64
0
152320
1280
64
0
153344
1344
64
0
154368
1408
64
0
155392
1472
64
0
156416
1536
64
0
157440
1600
64
0
158464
1664
64
0
159488
1728
64
0
160512
1792
64
0
161536
1856
64
0
162560
1920
64
0
163584
1984
64
0
131904
0
64
0
132928
64
64
0
133952
128
64
0
134976
192
64
0
136000
256
64
0
137024
320
64
0
138048
384
64
0
139072
448
64
0
140096
512
64
0
141120
576
64
0
142144
640
64
0
143168
704
64
0
144192
768
64
0
145216
832
64
0
146240
896
64
0
147264
960
64
0
148288
1024
64
0
149312
1088
64
0
150336
1152
64
0
151360
1216
64
0
152384
1280
64
0
153408
1344
64
0
154432
1408
64
0
155456
1472
64
0
156480
1536
64
0
157504
1600
64
0
158528
1664
64
0
159552
1728
64
0
160576
1792
64
0
161600
1856
64
0
162624
1920
64
0
163648
1984
64
0
131968
0
64
0
132992
64
64
0
134016
128
64
0
135040
192
64
0
136064
256
64
0
137088
320
64
0
138112
384
64
0
139136
448
64
0
140160
512
64
0
141184
576
64
0
142208
640
64
0
143232
704
64
0
144256
768
64
0
145280
832
64
0
146304
896
64
0
147328
960
64
0
148352
1024
64
0
149376
1088
64
0
150400
1152
64
0
151424
1216
64
0
152448
1280
64
0
153472
1344
64
0
154496
1408
64
0
155520
1472
64
0
156544
1536
64
0
157568
1600
64
0
158592
1664
64
0
159616
1728
64
0
160640
1792
64
0
161664
1856
64
0
162688
1920
64
0
163712
1984
64
0
132032
0
64
0
133056
64
64
0
134080
128
64
0
135104
192
64
0
136128
256
64
0
137152
320
64
0
138176
384
64
0
139200
448
64
0
140224
512
64
0
141248
576
64
0
142272
640
64
0
143296
704
64
0
144320
768
64
0
145344
832
64
0
146368
896
64
0
147392
960
64
0
148416
1024
64
0
149440
1088
64
0
150464
1152
64
0
151488
1216
64
0
152512
1280
64
0
153536
1344
64
0
154560
1408
64
0
155584
1472
64
0
156608
1536
64
0
157632
1600
64
0
158656
1664
64
0
159680
1728
64
0
160704
1792
64
0
161728
1856
64
0
162752
1920
64
0
163776
1984
64
0
163840
0
64
0
164864
64
64
0
165888
128
64
0
166912
192
64
0
167936
256
64
0
168960
320
64
0
169984
384
64
0
171008
448
64
0
172032
512
64
0
173056
576
64
0
174080
640
64
0
175104
704
64
0
176128
768
64
0
177152
832
64
0
178176
896
64
0
179200
960
64
0
180224
1024
64
0
181248
1088
64
0
182272
1152
64
0
183296
1216
64
0
184320
1280
64
0
185344
1344
64
0
186368
1408
64
0
187392
1472
64
0
188416
1536
64
0
189440
1600
64
0
190464
1664
64
0
191488
1728
64
0
192512
1792
64
0
193536
1856
64
0
194560
1920
64
0
195584
1984
64
0
163904
0
64
0
164928
64
64
0
165952
128
64
0
166976
192
64
0
168000
256
64
0
169024
320
64
0
170048
384
64
0
171072
448
64
0
172096
512
64
0
173120
576
64
0
174144
640
64
0
175168
704
64
0
176192
768
64
0
177216
832
64
0
178240
896
64
0
179264
960
64
0
180288
1024
64
0
181312
1088
64
0
182336
1152
64
0
183360
1216
64
0
184384
1280
64
0
185408
1344
64
0
186432
1408
64
0
187456
1472
64
0
188480
1536
64
0
189504
1600
64
0
190528
1664
64
0
191552
1728
64
0
192576
1792
64
0
193600
1856
64
0
194624
1920
64
0
195648
1984
64
0
163968
0
64
0
164992
64
64
0
166016
128
64
0
167040
192
64
0
168064
256
64
0
169088
320
64
0
170112
384
64
0
171136
448
64
0
172160
512
64
0
173184
576
64
0
174208
640
64
0
175232
704
64
0
176256
768
64
0
177280
832
64
0
178304
896
64
0
179328
960
64
0
180352
1024
64
0
181376
1088
64
0
182400
1152
64
0
183424
1216
64
0
184448
1280
64
0
185472
1344
64
0
186496
1408
64
0
187520
1472
64
0
188544
1536
64
0
189568
1600
64
0
190592
1664
64
0
191616
1728
64
0
192640
1792
64
0
193664
1856
64
0
194688
1920
64
0
195712
1984
64
0
164032
0
64
0
165056
64
64
0
166080
128
64
0
167104
192
64
0
168128
256
64
0
169152
320
64
0
170176
384
64
0
171200
448
64
0
172224
512
64
0
173248
576
64
0
174272
640
64
0
175296
704
64
0
176320
768
64
0
177344
832
64
0
178368
896
64
0
179392
960
64
0
180416
1024
64
0
181440
1088
64
0
182464
1152
64
0
183488
1216
64
0
184512
1280
64
0
185536
1344
64
0
186560
1408
64
0
187584
1472
64
0
188608
1536
64
0
189632
1600
64
0
190656
1664
64
0
191680
1728
64
0
192704
1792
64
0
193728
1856
64
0
194752
1920
64
0
195776
1984
64
0
164096
0
64
0
165120
64
64
0
166144
128
64
0
167168
192
64
0
168192
256
64
0
169216
320
64
0
170240
384
64
0
171264
448
64
0
172288
512
64
0
173312
576
64
0
174336
640
64
0
175360
704
64
0
176384
768
64
0
177408
832
64
0
178432
896
64
0
179456
960
64
0
180480
1024
64
0
181504
1088
64
0
182528
1152
64
0
183552
1216
64
0
184576
1280
64
0
185600
1344
64
0
186624
1408
64
0
187648
1472
64
0
188672
1536
64
0
189696
1600
64
0
190720
1664
64
0
191744
1728
64
0
192768
1792
64
0
193792
1856
64
0
194816
1920
64
0
195840
1984
64
0
164160
0
64
0
165184
64
64
0
166208
128
64
0
167232
192
64
0
168256
256
64
0
169280
320
64
0
170304
384
64
0
171328
448
64
0
172352
512
64
0
173376
576
64
0
174400
640
64
0
175424
704
64
0
176448
768
64
0
177472
832
64
0
178496
896
64
0
179520
960
64
0
180544
1024
64
0
181568
1088
64
0
182592
1152
64
0
183616
1216
64
0
184640
1280
64
0
185664
1344
64
0
186688
1408
64
0
187712
1472
64
0
188736
1536
64
0
189760
1600
64
0
190784
1664
64
0
191808
1728
64
0
192832
1792
64
0
193856
1856
64
0
194880
1920
64
0
195904
1984
64
0
164224
0
64
0
165248
64
64
0
166272
128
64
0
167296
192
64
0
168320
256
64
0
169344
320
64
0
170368
384
64
0
171392
448
64
0
172416
512
64
0
173440
576
64
0
174464
640
64
0
175488
704
64
0
176512
768
64
0
177536
832
64
0
178560
896
64
0
179584
960
64
0
180608
1024
64
0
181632
1088
64
0
182656
1152
64
0
183680
1216
64
0
184704
1280
64
0
185728
1344
64
0
186752
1408
64
0
187776
1472
64
0
188800
1536
64
0
189824
1600
64
0
190848
1664
64
0
191872
1728
64
0
192896
1792
64
0
193920
1856
64
0
194944
1920
64
0
195968
1984
64
0
164288
0
64
0
165312
64
64
0
166336
128
64
0
167360
192
64
0
168384
256
64
0
169408
320
64
0
170432
384
64
0
171456
448
64
0
172480
512
64
0
173504
576
64
0
174528
640
64
0
175552
704
64
0
176576
768
64
0
177600
832
64
0
178624
896
64
0
179648
960
64
0
180672
1024
64
0
181696
1088
64
0
182720
1152
64
0
183744
1216
64
0
184768
1280
64
0
185792
1344
64
0
186816
1408
64
0
187840
1472
64
0
188864
1536
64
0
189888
1600
64
0
190912
1664
64
0
191936
1728
64
0
192960
1792
64
0
193984
1856
64
0
195008
1920
64
0
196032
1984
64
0
164352
0
64
0
165376
64
64
0
166400
128
64
0
167424
192
64
0
168448
256
64
0
169472
320
64
0
170496
384
64
0
171520
448
64
0
172544
512
64
0
173568
576
64
0
174592
640
64
0
175616
704
64
0
176640
768
64
0
177664
832
64
0
178688
896
64
0
179712
960
64
0
180736
1024
64
0
181760
1088
64
0
182784
1152
64
0
183808
1216
64
0
184832
1280
64
0
185856
1344
64
0
186880
1408
64
0
187904
1472
64
0
188928
1536
64
0
189952
1600
64
0
190976
1664
64
0
192000
1728
64
0
193024
1792
64
0
194048
1856
64
0
195072
1920
64
0
196096
1984
64
0
164416
0
64
0
165440
64
64
0
166464
128
64
0
167488
192
64
0
168512
256
64
0
169536
320
64
0
170560
384
64
0
171584
448
64
0
172608
512
64
0
173632
576
64
0
174656
640
64
0
175680
704
64
0
176704
768
64
0
177728
832
64
0
178752
896
64
0
179776
960
64
0
180800
1024
64
0
181824
1088
64
0
182848
1152
64
0
183872
1216
64
0
184896
1280
64
0
185920
1344
64
0
186944
1408
64
0
187968
1472
64
0
188992
1536
64
0
190016
1600
64
0
191040
1664
64
0
192064
1728
64
0
193088
1792
64
0
194112
1856
64
0
195136
1920
64
0
196160
1984
64
0
164480
0
64
0
165504
64
64
0
166528
128
64
0
167552
192
64
0
168576
256
64
0
169600
320
64
0
170624
384
64
0
171648
448
64
0
172672
512
64
0
173696
576
64
0
174720
640
64
0
175744
704
64
0
176768
768
64
0
177792
832
64
0
178816
896
64
0
179840
960
64
0
180864
1024
64
0
181888
1088
64
0
182912
1152
64
0
183936
1216
64
0
184960
1280
64
0
185984
1344
64
0
187008
1408
64
0
188032
1472
64
0
189056
1536
64
0
190080
1600
64
0
191104
1664
64
0
192128
1728
64
0
193152
1792
64
0
194176
1856
64
0
195200
1920
64
0
196224
1984
64
0
164544
0
64
0
165568
64
64
0
166592
128
64
0
167616
192
64
0
168640
256
64
0
169664
320
64
0
170688
384
64
0
171712
448
64
0
172736
512
64
0
173760
576
64
0
174784
640
64
0
175808
704
64
0
176832
768
64
0
177856
832
64
0
178880
896
64
0
179904
960
64
0
180928
1024
64
0
181952
1088
64
0
182976
1152
64
0
184000
1216
64
0
185024
1280
64
0
186048
1344
64
0
187072
1408
64
0
188096
1472
64
0
189120
1536
64
0
190144
1600
64
0
191168
1664
64
0
192192
1728
64
0
193216
1792
64
0
194240
1856
64
0
195264
1920
64
0
196288
1984
64
0
164608
0
64
0
165632
64
64
0
166656
128
64
0
167680
192
64
0
168704
256
64
0
169728
320
64
0
170752
384
64
0
171776
448
64
0
172800
512
64
0
173824
576
64
0
174848
640
64
0
175872
704
64
0
176896
768
64
0
177920
832
64
0
178944
896
64
0
179968
960
64
0
180992
1024
64
0
182016
1088
64
0
183040
1152
64
0
184064
1216
64
0
185088
1280
64
0
186112
1344
64
0
187136
1408
64
0
188160
1472
64
0
189184
1536
64
0
190208
1600
64
0
191232
1664
64
0
192256
1728
64
0
193280
1792
64
0
194304
1856
64
0
195328
1920
64
0
196352
1984
64
0
164672
0
64
0
165696
64
64
0
166720
128
64
0
167744
192
64
0
168768
256
64
0
169792
320
64
0
170816
384
64
0
171840
448
64
0
172864
512
64
0
173888
576
64
0
174912
640
64
0
175936
704
64
0
176960
768
64
0
177984
832
64
0
179008
896
64
0
180032
960
64
0
181056
1024
64
0
182080
1088
64
0
183104
1152
64
0
184128
1216
64
0
185152
1280
64
0
186176
1344
64
0
187200
1408
64
0
188224
1472
64
0
189248
1536
64
0
190272
1600
64
0
191296
1664
64
0
192320
1728
64
0
193344
1792
64
0
194368
1856
64
0
195392
1920
64
0
196416
1984
64
0
164736
0
64
0
165760
64
64
0
166784
128
64
0
167808
192
64
0
168832
256
64
0
169856
320
64
0
170880
384
64
0
171904
448
64
0
172928
512
64
0
173952
576
64
0
174976
640
64
0
176000
704
64
0
177024
768
64
0
178048
832
64
0
179072
896
64
0
180096
960
64
0
181120
1024
64
0
182144
1088
64
0
183168
1152
64
0
184192
1216
64
0
185216
1280
64
0
186240
1344
64
0
187264
1408
64
0
188288
1472
64
0
189312
1536
64
0
190336
1600
64
0
191360
1664
64
0
192384
1728
64
0
193408
1792
64
0
194432
1856
64
0
195456
1920
64
0
196480
1984
64
0
164800
0
64
0
165824
64
64
0
166848
128
64
0
167872
192
64
0
168896
256
64
0
169920
320
64
0
170944
384
64
0
171968
448
64
0
172992
512
64
0
174016
576
64
0
175040
640
64
0
176064
704
64
0
177088
768
64
0
178112
832
64
0
179136
896
64
0
180160
960
64
0
181184
1024
64
0
182208
1088
64
0
183232
1152
64
0
184256
1216
64
0
185280
1280
64
0
186304
1344
64
0
187328
1408
64
0
188352
1472
64
0
189376
1536
64
0
190400
1600
64
0
191424
1664
64
0
192448
1728
64
0
193472
1792
64
0
194496
1856
64
0
195520
1920
64
0
196544
1984
64
0
196608
0
64
0
197632
64
64
0
198656
128
64
0
199680
192
64
0
0
256
64
1
0
320
64
1
0
384
64
1
0
448
64
1
0
512
64
1
0
576
64
1
0
640
64
1
0
704
64
1
0
768
64
1
0
832
64
1
0
896
64
1
0
960
64
1
0
1024
64
1
0
1088
64
1
0
1152
64
1
0
1216
64
1
0
1280
64
1
0
1344
64
1
0
1408
64
1
0
1472
64
1
0
1536
64
1
0
1600
64
1
0
1664
64
1
0
1728
64
1
0
1792
64
1
0
1856
64
1
0
1920
64
1
0
1984
64
1
196672
0
64
0
197696
64
64
0
198720
128
64
0
199744
192
64
0
64
256
64
1
64
320
64
1
64
384
64
1
64
448
64
1
64
512
64
1
64
576
64
1
64
640
64
1
64
704
64
1
64
768
64
1
64
832
64
1
64
896
64
1
64
960
64
1
64
1024
64
1
64
1088
64
1
64
1152
64
1
64
1216
64
1
64
1280
64
1
64
1344
64
1
64
1408
64
1
64
1472
64
1
64
1536
64
1
64
1600
64
1
64
1664
64
1
64
1728
64
1
64
1792
64
1
64
1856
64
1
64
1920
64
1
64
1984
64
1
196736
0
64
0
197760
64
64
0
198784
128
64
0
199808
192
64
0
128
256
64
1
128
320
64
1
128
384
64
1
128
448
64
1
128
512
64
1
128
576
64
1
128
640
64
1
128
704
64
1
128
768
64
1
128
832
64
1
128
896
64
1
128
960
64
1
128
1024
64
1
128
1088
64
1
128
1152
64
1
128
1216
64
1
128
1280
64
1
128
1344
64
1
128
1408
64
1
128
1472
64
1
128
1536
64
1
128
1600
64
1
128
1664
64
1
128
1728
64
1
128
1792
64
1
128
1856
64
1
128
1920
64
1
128
1984
64
1
196800
0
64
0
197824
64
64
0
198848
128
64
0
199872
192
64
0
192
256
64
1
192
320
64
1
192
384
64
1
192
448
64
1
192
512
64
1
192
576
64
1
192
640
64
1
192
704
64
1
192
768
64
1
192
832
64
1
192
896
64
1
192
960
64
1
192
1024
64
1
192
1088
64
1
192
1152
64
1
192
1216
64
1
192
1280
64
1
192
1344
64
1
192
1408
64
1
192
1472
64
1
192
1536
64
1
192
1600
64
1
192
1664
64
1
192
1728
64
1
192
1792
64
1
192
1856
64
1
192
1920
64
1
192
1984
64
1
196864
0
64
0
197888
64
64
0
198912
128
64
0
199936
192
64
0
256
256
64
1
256
320
64
1
256
384
64
1
256
448
64
1
256
512
64
1
256
576
64
1
256
640
64
1
256
704
64
1
256
768
64
1
256
832
64
1
256
896
64
1
256
960
64
1
256
1024
64
1
256
1088
64
1
256
1152
64
1
256
1216
64
1
256
1280
64
1
256
1344
64
1
256
1408
64
1
256
1472
64
1
256
1536
64
1
256
1600
64
1
256
1664
64
1
256
1728
64
1
256
1792
64
1
256
1856
64
1
256
1920
64
1
256
1984
64
1
196928
0
64
0
197952
64
64
0
198976
128
64
0
200000
192
64
0
320
256
64
1
320
320
64
1
320
384
64
1
320
448
64
1
320
512
64
1
320
576
64
1
320
640
64
1
320
704
64
1
320
768
64
1
320
832
64
1
320
896
64
1
320
960
64
1
320
1024
64
1
320
1088
64
1
320
1152
64
1
320
1216
64
1
320
1280
64
1
320
1344
64
1
320
1408
64
1
320
1472
64
1
320
1536
64
1
320
1600
64
1
320
1664
64
1
320
1728
64
1
320
1792
64
1
320
1856
64
1
320
1920
64
1
320
1984
64
1
196992
0
64
0
198016
64
64
0
199040
128
64
0
200064
192
64
0
384
256
64
1
384
320
64
1
384
384
64
1
384
448
64
1
384
512
64
1
384
576
64
1
384
640
64
1
384
704
64
1
384
768
64
1
384
832
64
1
384
896
64
1
384
960
64
1
384
1024
64
1
384
1088
64
1
384
1152
64
1
384
1216
64
1
384
1280
64
1
384
1344
64
1
384
1408
64
1
384
1472
64
1
384
1536
64
1
384
1600
64
1
384
1664
64
1
384
1728
64
1
384
1792
64
1
384
1856
64
1
384
1920
64
1
384
1984
64
1
197056
0
64
0
198080
64
64
0
199104
128
64
0
200128
192
64
0
448
256
64
1
448
320
64
1
448
384
64
1
448
448
64
1
448
512
64
1
448
576
64
1
448
640
64
1
448
704
64
1
448
768
64
1
448
832
64
1
448
896
64
1
448
960
64
1
448
1024
64
1
448
1088
64
1
448
1152
64
1
448
1216
64
1
448
1280
64
1
448
1344
64
1
448
1408
64
1
448
1472
64
1
448
1536
64
1
448
1600
64
1
448
1664
64
1
448
1728
64
1
448
1792
64
1
448
1856
64
1
448
1920
64
1
448
1984
64
1
197120
0
64
0
198144
64
64
0
199168
128
64
0
200192
192
64
0
512
256
64
1
512
320
64
1
512
384
64
1
512
448
64
1
512
512
64
1
512
576
64
1
512
640
64
1
512
704
64
1
512
768
64
1
512
832
64
1
512
896
64
1
512
960
64
1
512
1024
64
1
512
1088
64
1
512
1152
64
1
512
1216
64
1
512
1280
64
1
512
1344
64
1
512
1408
64
1
512
1472
64
1
512
1536
64
1
512
1600
64
1
512
1664
64
1
512
1728
64
1
512
1792
64
1
512
1856
64
1
512
1920
64
1
512
1984
64
1
197184
0
64
0
198208
64
64
0
199232
128
64
0
200256
192
64
0
576
256
64
1
576
320
64
1
576
384
64
1
576
448
64
1
576
512
64
1
576
576
64
1
576
640
64
1
576
704
64
1
576
768
64
1
576
832
64
1
576
896
64
1
576
960
64
1
576
1024
64
1
576
1088
64
1
576
1152
64
1
576
1216
64
1
576
1280
64
1
576
1344
64
1
576
1408
64
1
576
1472
64
1
576
1536
64
1
576
1600
64
1
576
1664
64
1
576
1728
64
1
576
1792
64
1
576
1856
64
1
576
1920
64
1
576
1984
64
1
197248
0
64
0
198272
64
64
0
199296
128
64
0
200320
192
64
0
640
256
64
1
640
320
64
1
640
384
64
1
640
448
64
1
640
512
64
1
640
576
64
1
640
640
64
1
640
704
64
1
640
768
64
1
640
832
64
1
640
896
64
1
640
960
64
1
640
1024
64
1
640
1088
64
1
640
1152
64
1
640
1216
64
1
640
1280
64
1
640
1344
64
1
640
1408
64
1
640
1472
64
1
640
1536
64
1
640
1600
64
1
640
1664
64
1
640
1728
64
1
640
1792
64
1
640
1856
64
1
640
1920
64
1
640
1984
64
1
197312
0
64
0
198336
64
64
0
199360
128
64
0
200384
192
64
0
704
256
64
1
704
320
64
1
704
384
64
1
704
448
64
1
704
512
64
1
704
576
64
1
704
640
64
1
704
704
64
1
704
768
64
1
704
832
64
1
704
896
64
1
704
960
64
1
704
1024
64
1
704
1088
64
1
704
1152
64
1
704
1216
64
1
704
1280
64
1
704
1344
64
1
704
1408
64
1
704
1472
64
1
704
1536
64
1
704
1600
64
1
704
1664
64
1
704
1728
64
1
704
1792
64
1
704
1856
64
1
704
1920
64
1
704
1984
64
1
197376
0
64
0
198400
64
64
0
199424
128
64
0
200448
192
64
0
768
256
64
1
768
320
64
1
768
384
64
1
768
448
64
1
768
512
64
1
768
576
64
1
768
640
64
1
768
704
64
1
768
768
64
1
768
832
64
1
768
896
64
1
768
960
64
1
768
1024
64
1
768
1088
64
1
768
1152
64
1
768
1216
64
1
768
1280
64
1
768
1344
64
1
768
1408
64
1
768
1472
64
1
768
1536
64
1
768
1600
64
1
768
1664
64
1
768
1728
64
1
768
1792
64
1
768
1856
64
1
768
1920
64
1
768
1984
64
1
197440
0
64
0
198464
64
64
0
199488
128
64
0
200512
192
64
0
832
256
64
1
832
320
64
1
832
384
64
1
832
448
64
1
832
512
64
1
832
576
64
1
832
640
64
1
832
704
64
1
832
768
64
1
832
832
64
1
832
896
64
1
832
960
64
1
832
1024
64
1
832
1088
64
1
832
1152
64
1
832
1216
64
1
832
1280
64
1
832
1344
64
1
832
1408
64
1
832
1472
64
1
832
1536
64
1
832
1600
64
1
832
1664
64
1
832
1728
64
1
832
1792
64
1
832
1856
64
1
832
1920
64
1
832
1984
64
1
197504
0
64
0
198528
64
64
0
199552
128
64
0
200576
192
64
0
896
256
64
1
896
320
64
1
896
384
64
1
896
448
64
1
896
512
64
1
896
576
64
1
896
640
64
1
896
704
64
1
896
768
64
1
896
832
64
1
896
896
64
1
896
960
64
1
896
1024
64
1
896
1088
64
1
896
1152
64
1
896
1216
64
1
896
1280
64
1
896
1344
64
1
896
1408
64
1
896
1472
64
1
896
1536
64
1
896
1600
64
1
896
1664
64
1
896
1728
64
1
896
1792
64
1
896
1856
64
1
896
1920
64
1
896
1984
64
1
197568
0
64
0
198592
64
64
0
199616
128
64
0
200640
192
64
0
960
256
64
1
960
320
64
1
960
384
64
1
960
448
64
1
960
512
64
1
960
576
64
1
960
640
64
1
960
704
64
1
960
768
64
1
960
832
64
1
960
896
64
1
960
960
64
1
960
1024
64
1
960
1088
64
1
960
1152
64
1
960
1216
64
1
960
1280
64
1
960
1344
64
1
960
1408
64
1
960
1472
64
1
960
1536
64
1
960
1600
64
1
960
1664
64
1
960
1728
64
1
960
1792
64
1
960
1856
64
1
960
1920
64
1
960
1984
64
1
