0
0
64
0
128
64
64
0
256
128
64
0
384
192
64
0
512
256
64
0
896
320
64
0
1024
384
64
0
1152
448
64
0
1280
512
64
0
1408
576
64
0
1792
640
64
0
1920
704
64
0
2048
768
64
0
2176
832
64
0
2304
896
64
0
2688
960
64
0
2816
1024
64
0
2944
1088
64
0
3072
1152
64
0
3200
1216
64
0
3584
1280
64
0
3712
1344
64
0
3840
1408
64
0
3968
1472
64
0
4096
1536
64
0
0
1600
64
1
0
1664
64
1
0
1728
64
1
0
1792
64
1
0
1856
64
1
0
1920
64
1
0
1984
64
1
64
0
64
0
192
64
64
0
320
128
64
0
448
192
64
0
576
256
64
0
960
320
64
0
1088
384
64
0
1216
448
64
0
1344
512
64
0
1472
576
64
0
1856
640
64
0
1984
704
64
0
2112
768
64
0
2240
832
64
0
2368
896
64
0
2752
960
64
0
2880
1024
64
0
3008
1088
64
0
3136
1152
64
0
3264
1216
64
0
3648
1280
64
0
3776
1344
64
0
3904
1408
64
0
4032
1472
64
0
4160
1536
64
0
64
1600
64
1
64
1664
64
1
64
1728
64
1
64
1792
64
1
64
1856
64
1
64
1920
64
1
64
1984
64
1
128
0
64
0
256
64
64
0
384
128
64
0
512
192
64
0
640
256
64
0
1024
320
64
0
1152
384
64
0
1280
448
64
0
1408
512
64
0
1536
576
64
0
1920
640
64
0
2048
704
64
0
2176
768
64
0
2304
832
64
0
2432
896
64
0
2816
960
64
0
2944
1024
64
0
3072
1088
64
0
3200
1152
64
0
3328
1216
64
0
3712
1280
64
0
3840
1344
64
0
3968
1408
64
0
4096
1472
64
0
4224
1536
64
0
128
1600
64
1
128
1664
64
1
128
1728
64
1
128
1792
64
1
128
1856
64
1
128
1920
64
1
128
1984
64
1
192
0
64
0
320
64
64
0
448
128
64
0
576
192
64
0
704
256
64
0
1088
320
64
0
1216
384
64
0
1344
448
64
0
1472
512
64
0
1600
576
64
0
1984
640
64
0
2112
704
64
0
2240
768
64
0
2368
832
64
0
2496
896
64
0
2880
960
64
0
3008
1024
64
0
3136
1088
64
0
3264
1152
64
0
3392
1216
64
0
3776
1280
64
0
3904
1344
64
0
4032
1408
64
0
4160
1472
64
0
4288
1536
64
0
192
1600
64
1
192
1664
64
1
192
1728
64
1
192
1792
64
1
192
1856
64
1
192
1920
64
1
192
1984
64
1
256
0
64
0
384
64
64
0
512
128
64
0
640
192
64
0
768
256
64
0
1152
320
64
0
1280
384
64
0
1408
448
64
0
1536
512
64
0
1664
576
64
0
2048
640
64
0
2176
704
64
0
2304
768
64
0
2432
832
64
0
2560
896
64
0
2944
960
64
0
3072
1024
64
0
3200
1088
64
0
3328
1152
64
0
3456
1216
64
0
3840
1280
64
0
3968
1344
64
0
4096
1408
64
0
4224
1472
64
0
4352
1536
64
0
256
1600
64
1
256
1664
64
1
256
1728
64
1
256
1792
64
1
256
1856
64
1
256
1920
64
1
256
1984
64
1
320
0
64
0
448
64
64
0
576
128
64
0
704
192
64
0
832
256
64
0
1216
320
64
0
1344
384
64
0
1472
448
64
0
1600
512
64
0
1728
576
64
0
2112
640
64
0
2240
704
64
0
2368
768
64
0
2496
832
64
0
2624
896
64
0
3008
960
64
0
3136
1024
64
0
3264
1088
64
0
3392
1152
64
0
3520
1216
64
0
3904
1280
64
0
4032
1344
64
0
4160
1408
64
0
4288
1472
64
0
4416
1536
64
0
320
1600
64
1
320
1664
64
1
320
1728
64
1
320
1792
64
1
320
1856
64
1
320
1920
64
1
320
1984
64
1
896
0
64
0
1024
64
64
0
1152
128
64
0
1280
192
64
0
1408
256
64
0
1792
320
64
0
1920
384
64
0
2048
448
64
0
2176
512
64
0
2304
576
64
0
2688
640
64
0
2816
704
64
0
2944
768
64
0
3072
832
64
0
3200
896
64
0
3584
960
64
0
3712
1024
64
0
3840
1088
64
0
3968
1152
64
0
4096
1216
64
0
4480
1280
64
0
4608
1344
64
0
4736
1408
64
0
4864
1472
64
0
4992
1536
64
0
384
1600
64
1
384
1664
64
1
384
1728
64
1
384
1792
64
1
384
1856
64
1
384
1920
64
1
384
1984
64
1
960
0
64
0
1088
64
64
0
1216
128
64
0
1344
192
64
0
1472
256
64
0
1856
320
64
0
1984
384
64
0
2112
448
64
0
2240
512
64
0
2368
576
64
0
2752
640
64
0
2880
704
64
0
3008
768
64
0
3136
832
64
0
3264
896
64
0
3648
960
64
0
3776
1024
64
0
3904
1088
64
0
4032
1152
64
0
4160
1216
64
0
4544
1280
64
0
4672
1344
64
0
4800
1408
64
0
4928
1472
64
0
5056
1536
64
0
448
1600
64
1
448
1664
64
1
448
1728
64
1
448
1792
64
1
448
1856
64
1
448
1920
64
1
448
1984
64
1
1024
0
64
0
1152
64
64
0
1280
128
64
0
1408
192
64
0
1536
256
64
0
1920
320
64
0
2048
384
64
0
2176
448
64
0
2304
512
64
0
2432
576
64
0
2816
640
64
0
2944
704
64
0
3072
768
64
0
3200
832
64
0
3328
896
64
0
3712
960
64
0
3840
1024
64
0
3968
1088
64
0
4096
1152
64
0
4224
1216
64
0
4608
1280
64
0
4736
1344
64
0
4864
1408
64
0
4992
1472
64
0
5120
1536
64
0
512
1600
64
1
512
1664
64
1
512
1728
64
1
512
1792
64
1
512
1856
64
1
512
1920
64
1
512
1984
64
1
1088
0
64
0
1216
64
64
0
1344
128
64
0
1472
192
64
0
1600
256
64
0
1984
320
64
0
2112
384
64
0
2240
448
64
0
2368
512
64
0
2496
576
64
0
2880
640
64
0
3008
704
64
0
3136
768
64
0
3264
832
64
0
3392
896
64
0
3776
960
64
0
3904
1024
64
0
4032
1088
64
0
4160
1152
64
0
4288
1216
64
0
4672
1280
64
0
4800
1344
64
0
4928
1408
64
0
5056
1472
64
0
5184
1536
64
0
576
1600
64
1
576
1664
64
1
576
1728
64
1
576
1792
64
1
576
1856
64
1
576
1920
64
1
576
1984
64
1
1152
0
64
0
1280
64
64
0
1408
128
64
0
1536
192
64
0
1664
256
64
0
2048
320
64
0
2176
384
64
0
2304
448
64
0
2432
512
64
0
2560
576
64
0
2944
640
64
0
3072
704
64
0
3200
768
64
0
3328
832
64
0
3456
896
64
0
3840
960
64
0
3968
1024
64
0
4096
1088
64
0
4224
1152
64
0
4352
1216
64
0
4736
1280
64
0
4864
1344
64
0
4992
1408
64
0
5120
1472
64
0
5248
1536
64
0
640
1600
64
1
640
1664
64
1
640
1728
64
1
640
1792
64
1
640
1856
64
1
640
1920
64
1
640
1984
64
1
1216
0
64
0
1344
64
64
0
1472
128
64
0
1600
192
64
0
1728
256
64
0
2112
320
64
0
2240
384
64
0
2368
448
64
0
2496
512
64
0
2624
576
64
0
3008
640
64
0
3136
704
64
0
3264
768
64
0
3392
832
64
0
3520
896
64
0
3904
960
64
0
4032
1024
64
0
4160
1088
64
0
4288
1152
64
0
4416
1216
64
0
4800
1280
64
0
4928
1344
64
0
5056
1408
64
0
5184
1472
64
0
5312
1536
64
0
704
1600
64
1
704
1664
64
1
704
1728
64
1
704
1792
64
1
704
1856
64
1
704
1920
64
1
704
1984
64
1
1792
0
64
0
1920
64
64
0
2048
128
64
0
2176
192
64
0
2304
256
64
0
2688
320
64
0
2816
384
64
0
2944
448
64
0
3072
512
64
0
3200
576
64
0
3584
640
64
0
3712
704
64
0
3840
768
64
0
3968
832
64
0
4096
896
64
0
4480
960
64
0
4608
1024
64
0
4736
1088
64
0
4864
1152
64
0
4992
1216
64
0
5376
1280
64
0
5504
1344
64
0
5632
1408
64
0
5760
1472
64
0
5888
1536
64
0
768
1600
64
1
768
1664
64
1
768
1728
64
1
768
1792
64
1
768
1856
64
1
768
1920
64
1
768
1984
64
1
1856
0
64
0
1984
64
64
0
2112
128
64
0
2240
192
64
0
2368
256
64
0
2752
320
64
0
2880
384
64
0
3008
448
64
0
3136
512
64
0
3264
576
64
0
3648
640
64
0
3776
704
64
0
3904
768
64
0
4032
832
64
0
4160
896
64
0
4544
960
64
0
4672
1024
64
0
4800
1088
64
0
4928
1152
64
0
5056
1216
64
0
5440
1280
64
0
5568
1344
64
0
5696
1408
64
0
5824
1472
64
0
5952
1536
64
0
832
1600
64
1
832
1664
64
1
832
1728
64
1
832
1792
64
1
832
1856
64
1
832
1920
64
1
832
1984
64
1
1920
0
64
0
2048
64
64
0
2176
128
64
0
2304
192
64
0
2432
256
64
0
2816
320
64
0
2944
384
64
0
3072
448
64
0
3200
512
64
0
3328
576
64
0
3712
640
64
0
3840
704
64
0
3968
768
64
0
4096
832
64
0
4224
896
64
0
4608
960
64
0
4736
1024
64
0
4864
1088
64
0
4992
1152
64
0
5120
1216
64
0
5504
1280
64
0
5632
1344
64
0
5760
1408
64
0
5888
1472
64
0
6016
1536
64
0
896
1600
64
1
896
1664
64
1
896
1728
64
1
896
1792
64
1
896
1856
64
1
896
1920
64
1
896
1984
64
1
1984
0
64
0
2112
64
64
0
2240
128
64
0
2368
192
64
0
2496
256
64
0
2880
320
64
0
3008
384
64
0
3136
448
64
0
3264
512
64
0
3392
576
64
0
3776
640
64
0
3904
704
64
0
4032
768
64
0
4160
832
64
0
4288
896
64
0
4672
960
64
0
4800
1024
64
0
4928
1088
64
0
5056
1152
64
0
5184
1216
64
0
5568
1280
64
0
5696
1344
64
0
5824
1408
64
0
5952
1472
64
0
6080
1536
64
0
960
1600
64
1
960
1664
64
1
960
1728
64
1
960
1792
64
1
960
1856
64
1
960
1920
64
1
960
1984
64
1
2048
0
64
0
2176
64
64
0
2304
128
64
0
2432
192
64
0
2560
256
64
0
2944
320
64
0
3072
384
64
0
3200
448
64
0
3328
512
64
0
3456
576
64
0
3840
640
64
0
3968
704
64
0
4096
768
64
0
4224
832
64
0
4352
896
64
0
4736
960
64
0
4864
1024
64
0
4992
1088
64
0
5120
1152
64
0
5248
1216
64
0
5632
1280
64
0
5760
1344
64
0
5888
1408
64
0
6016
1472
64
0
6144
1536
64
0
1024
1600
64
1
1024
1664
64
1
1024
1728
64
1
1024
1792
64
1
1024
1856
64
1
1024
1920
64
1
1024
1984
64
1
2112
0
64
0
2240
64
64
0
2368
128
64
0
2496
192
64
0
2624
256
64
0
3008
320
64
0
3136
384
64
0
3264
448
64
0
3392
512
64
0
3520
576
64
0
3904
640
64
0
4032
704
64
0
4160
768
64
0
4288
832
64
0
4416
896
64
0
4800
960
64
0
4928
1024
64
0
5056
1088
64
0
5184
1152
64
0
5312
1216
64
0
5696
1280
64
0
5824
1344
64
0
5952
1408
64
0
6080
1472
64
0
6208
1536
64
0
1088
1600
64
1
1088
1664
64
1
1088
1728
64
1
1088
1792
64
1
1088
1856
64
1
1088
1920
64
1
1088
1984
64
1
