0
0
64
1
0
64
64
1
0
128
64
1
0
192
64
1
0
256
64
1
0
320
64
1
0
384
64
1
0
448
64
1
0
512
64
1
0
576
64
1
0
640
64
1
0
704
64
1
0
768
64
1
0
832
64
1
0
896
64
1
0
960
64
1
0
1024
64
1
0
1088
64
1
0
1152
64
1
0
1216
64
1
0
1280
64
1
0
1344
64
1
0
1408
64
1
0
1472
64
1
0
1536
64
1
0
1600
64
1
0
1664
64
1
0
1728
64
1
0
1792
64
1
0
1856
64
1
0
1920
64
1
0
1984
64
1
64
0
64
1
64
64
64
1
64
128
64
1
64
192
64
1
64
256
64
1
64
320
64
1
64
384
64
1
64
448
64
1
64
512
64
1
64
576
64
1
64
640
64
1
64
704
64
1
64
768
64
1
64
832
64
1
64
896
64
1
64
960
64
1
64
1024
64
1
64
1088
64
1
64
1152
64
1
64
1216
64
1
64
1280
64
1
64
1344
64
1
64
1408
64
1
64
1472
64
1
64
1536
64
1
64
1600
64
1
64
1664
64
1
64
1728
64
1
64
1792
64
1
64
1856
64
1
64
1920
64
1
64
1984
64
1
0
0
64
1
0
64
64
1
0
128
64
1
0
192
64
1
0
256
64
1
0
320
64
1
0
384
64
1
0
448
64
1
0
512
64
1
0
576
64
1
0
640
64
0
128
704
64
0
256
768
64
0
384
832
64
0
512
896
64
0
640
960
64
0
768
1024
64
0
0
1088
64
1
0
1152
64
1
0
1216
64
1
0
1280
64
1
0
1344
64
1
0
1408
64
1
896
1472
64
0
1024
1536
64
0
1152
1600
64
0
1280
1664
64
0
1408
1728
64
0
1536
1792
64
0
1664
1856
64
0
0
1920
64
1
0
1984
64
1
64
0
64
1
64
64
64
1
64
128
64
1
64
192
64
1
64
256
64
1
64
320
64
1
64
384
64
1
64
448
64
1
64
512
64
1
64
576
64
1
64
640
64
0
192
704
64
0
320
768
64
0
448
832
64
0
576
896
64
0
704
960
64
0
832
1024
64
0
64
1088
64
1
64
1152
64
1
64
1216
64
1
64
1280
64
1
64
1344
64
1
64
1408
64
1
960
1472
64
0
1088
1536
64
0
1216
1600
64
0
1344
1664
64
0
1472
1728
64
0
1600
1792
64
0
1728
1856
64
0
64
1920
64
1
64
1984
64
1
0
0
64
1
0
64
64
1
0
128
64
1
0
192
64
1
1792
256
64
0
1920
320
64
0
2048
384
64
0
2176
448
64
0
2304
512
64
0
2432
576
64
0
2560
640
64
0
0
704
64
1
0
768
64
1
0
832
64
1
0
896
64
1
0
960
64
1
0
1024
64
1
2688
1088
64
0
2816
1152
64
0
2944
1216
64
0
3072
1280
64
0
3200
1344
64
0
3328
1408
64
0
3456
1472
64
0
0
1536
64
1
0
1600
64
1
0
1664
64
1
0
1728
64
1
0
1792
64
1
0
1856
64
1
3584
1920
64
0
3712
1984
64
0
64
0
64
1
64
64
64
1
64
128
64
1
64
192
64
1
1856
256
64
0
1984
320
64
0
2112
384
64
0
2240
448
64
0
2368
512
64
0
2496
576
64
0
2624
640
64
0
64
704
64
1
64
768
64
1
64
832
64
1
64
896
64
1
64
960
64
1
64
1024
64
1
2752
1088
64
0
2880
1152
64
0
3008
1216
64
0
3136
1280
64
0
3264
1344
64
0
3392
1408
64
0
3520
1472
64
0
64
1536
64
1
64
1600
64
1
64
1664
64
1
64
1728
64
1
64
1792
64
1
64
1856
64
1
3648
1920
64
0
3776
1984
64
0
3840
0
64
0
3968
64
64
0
4096
128
64
0
4224
192
64
0
4352
256
64
0
0
320
64
1
0
384
64
1
0
448
64
1
0
512
64
1
0
576
64
1
0
640
64
1
4480
704
64
0
4608
768
64
0
4736
832
64
0
4864
896
64
0
4992
960
64
0
5120
1024
64
0
5248
1088
64
0
0
1152
64
1
0
1216
64
1
0
1280
64
1
0
1344
64
1
0
1408
64
1
0
1472
64
1
5376
1536
64
0
5504
1600
64
0
5632
1664
64
0
5760
1728
64
0
5888
1792
64
0
6016
1856
64
0
6144
1920
64
0
0
1984
64
1
3904
0
64
0
4032
64
64
0
4160
128
64
0
4288
192
64
0
4416
256
64
0
64
320
64
1
64
384
64
1
64
448
64
1
64
512
64
1
64
576
64
1
64
640
64
1
4544
704
64
0
4672
768
64
0
4800
832
64
0
4928
896
64
0
5056
960
64
0
5184
1024
64
0
5312
1088
64
0
64
1152
64
1
64
1216
64
1
64
1280
64
1
64
1344
64
1
64
1408
64
1
64
1472
64
1
5440
1536
64
0
5568
1600
64
0
5696
1664
64
0
5824
1728
64
0
5952
1792
64
0
6080
1856
64
0
6208
1920
64
0
64
1984
64
1
0
0
64
1
0
64
64
1
0
128
64
1
0
192
64
1
0
256
64
1
0
320
64
1
0
384
64
1
0
448
64
1
0
512
64
1
0
576
64
1
0
640
64
1
0
704
64
1
0
768
64
1
0
832
64
1
0
896
64
1
0
960
64
1
0
1024
64
1
0
1088
64
1
0
1152
64
1
0
1216
64
1
0
1280
64
1
0
1344
64
1
0
1408
64
1
0
1472
64
1
0
1536
64
1
0
1600
64
1
0
1664
64
1
0
1728
64
1
0
1792
64
1
0
1856
64
1
0
1920
64
1
0
1984
64
1
64
0
64
1
64
64
64
1
64
128
64
1
64
192
64
1
64
256
64
1
64
320
64
1
64
384
64
1
64
448
64
1
64
512
64
1
64
576
64
1
64
640
64
1
64
704
64
1
64
768
64
1
64
832
64
1
64
896
64
1
64
960
64
1
64
1024
64
1
64
1088
64
1
64
1152
64
1
64
1216
64
1
64
1280
64
1
64
1344
64
1
64
1408
64
1
64
1472
64
1
64
1536
64
1
64
1600
64
1
64
1664
64
1
64
1728
64
1
64
1792
64
1
64
1856
64
1
64
1920
64
1
64
1984
64
1
0
0
64
1
0
64
64
1
0
128
64
1
0
192
64
1
0
256
64
1
0
320
64
1
0
384
64
1
0
448
64
1
0
512
64
1
0
576
64
1
0
640
64
1
0
704
64
1
0
768
64
1
0
832
64
1
0
896
64
1
0
960
64
1
0
1024
64
1
0
1088
64
1
0
1152
64
1
0
1216
64
1
0
1280
64
1
0
1344
64
1
0
1408
64
1
0
1472
64
1
0
1536
64
1
0
1600
64
1
0
1664
64
1
0
1728
64
1
0
1792
64
1
0
1856
64
1
0
1920
64
1
0
1984
64
1
64
0
64
1
64
64
64
1
64
128
64
1
64
192
64
1
64
256
64
1
64
320
64
1
64
384
64
1
64
448
64
1
64
512
64
1
64
576
64
1
64
640
64
1
64
704
64
1
64
768
64
1
64
832
64
1
64
896
64
1
64
960
64
1
64
1024
64
1
64
1088
64
1
64
1152
64
1
64
1216
64
1
64
1280
64
1
64
1344
64
1
64
1408
64
1
64
1472
64
1
64
1536
64
1
64
1600
64
1
64
1664
64
1
64
1728
64
1
64
1792
64
1
64
1856
64
1
64
1920
64
1
64
1984
64
1
