0
0
64
1
0
64
64
1
0
128
64
1
0
192
64
1
0
256
64
1
0
320
64
1
0
384
64
1
0
448
64
1
0
512
64
1
0
576
64
1
0
640
64
1
0
704
64
1
0
768
64
0
128
832
64
0
256
896
64
0
384
960
64
0
512
1024
64
0
640
1088
64
0
768
1152
64
0
896
1216
64
0
1024
1280
64
0
0
1344
64
1
0
1408
64
1
1152
1472
64
0
1280
1536
64
0
1408
1600
64
0
1536
1664
64
0
1664
1728
64
0
1792
1792
64
0
1920
1856
64
0
2048
1920
64
0
2176
1984
64
0
64
0
64
1
64
64
64
1
64
128
64
1
64
192
64
1
64
256
64
1
64
320
64
1
64
384
64
1
64
448
64
1
64
512
64
1
64
576
64
1
64
640
64
1
64
704
64
1
64
768
64
0
192
832
64
0
320
896
64
0
448
960
64
0
576
1024
64
0
704
1088
64
0
832
1152
64
0
960
1216
64
0
1088
1280
64
0
64
1344
64
1
64
1408
64
1
1216
1472
64
0
1344
1536
64
0
1472
1600
64
0
1600
1664
64
0
1728
1728
64
0
1856
1792
64
0
1984
1856
64
0
2112
1920
64
0
2240
1984
64
0
0
0
64
1
0
64
64
1
2304
128
64
0
2432
192
64
0
2560
256
64
0
2688
320
64
0
2816
384
64
0
2944
448
64
0
3072
512
64
0
3200
576
64
0
3328
640
64
0
0
704
64
1
0
768
64
1
3456
832
64
0
3584
896
64
0
3712
960
64
0
3840
1024
64
0
3968
1088
64
0
4096
1152
64
0
4224
1216
64
0
4352
1280
64
0
4480
1344
64
0
0
1408
64
1
0
1472
64
1
4608
1536
64
0
4736
1600
64
0
4864
1664
64
0
4992
1728
64
0
5120
1792
64
0
5248
1856
64
0
5376
1920
64
0
5504
1984
64
0
64
0
64
1
64
64
64
1
2368
128
64
0
2496
192
64
0
2624
256
64
0
2752
320
64
0
2880
384
64
0
3008
448
64
0
3136
512
64
0
3264
576
64
0
3392
640
64
0
64
704
64
1
64
768
64
1
3520
832
64
0
3648
896
64
0
3776
960
64
0
3904
1024
64
0
4032
1088
64
0
4160
1152
64
0
4288
1216
64
0
4416
1280
64
0
4544
1344
64
0
64
1408
64
1
64
1472
64
1
4672
1536
64
0
4800
1600
64
0
4928
1664
64
0
5056
1728
64
0
5184
1792
64
0
5312
1856
64
0
5440
1920
64
0
5568
1984
64
0
5632
0
64
0
0
64
64
1
0
128
64
1
5760
192
64
0
5888
256
64
0
6016
320
64
0
6144
384
64
0
6272
448
64
0
6400
512
64
0
6528
576
64
0
6656
640
64
0
6784
704
64
0
0
768
64
1
0
832
64
1
6912
896
64
0
7040
960
64
0
7168
1024
64
0
7296
1088
64
0
7424
1152
64
0
7552
1216
64
0
7680
1280
64
0
7808
1344
64
0
7936
1408
64
0
0
1472
64
1
0
1536
64
1
8064
1600
64
0
8192
1664
64
0
8320
1728
64
0
8448
1792
64
0
8576
1856
64
0
8704
1920
64
0
8832
1984
64
0
5696
0
64
0
64
64
64
1
64
128
64
1
5824
192
64
0
5952
256
64
0
6080
320
64
0
6208
384
64
0
6336
448
64
0
6464
512
64
0
6592
576
64
0
6720
640
64
0
6848
704
64
0
64
768
64
1
64
832
64
1
6976
896
64
0
7104
960
64
0
7232
1024
64
0
7360
1088
64
0
7488
1152
64
0
7616
1216
64
0
7744
1280
64
0
7872
1344
64
0
8000
1408
64
0
64
1472
64
1
64
1536
64
1
8128
1600
64
0
8256
1664
64
0
8384
1728
64
0
8512
1792
64
0
8640
1856
64
0
8768
1920
64
0
8896
1984
64
0
8960
0
64
0
9088
64
64
0
0
128
64
1
0
192
64
1
9216
256
64
0
9344
320
64
0
9472
384
64
0
9600
448
64
0
9728
512
64
0
9856
576
64
0
9984
640
64
0
10112
704
64
0
10240
768
64
0
0
832
64
1
0
896
64
1
0
960
64
1
0
1024
64
1
0
1088
64
1
0
1152
64
1
0
1216
64
1
0
1280
64
1
0
1344
64
1
0
1408
64
1
0
1472
64
1
0
1536
64
1
0
1600
64
1
0
1664
64
1
0
1728
64
1
0
1792
64
1
0
1856
64
1
0
1920
64
1
0
1984
64
1
9024
0
64
0
9152
64
64
0
64
128
64
1
64
192
64
1
9280
256
64
0
9408
320
64
0
9536
384
64
0
9664
448
64
0
9792
512
64
0
9920
576
64
0
10048
640
64
0
10176
704
64
0
10304
768
64
0
64
832
64
1
64
896
64
1
64
960
64
1
64
1024
64
1
64
1088
64
1
64
1152
64
1
64
1216
64
1
64
1280
64
1
64
1344
64
1
64
1408
64
1
64
1472
64
1
64
1536
64
1
64
1600
64
1
64
1664
64
1
64
1728
64
1
64
1792
64
1
64
1856
64
1
64
1920
64
1
64
1984
64
1
