0
0
64
0
64
64
64
0
128
128
64
0
192
192
64
0
256
256
64
0
320
320
64
0
384
384
64
0
448
448
64
0
512
512
64
0
576
576
64
0
640
640
64
0
704
704
64
0
768
768
64
0
832
832
64
0
896
896
64
0
960
960
64
0
1024
1024
64
0
1088
1088
64
0
1152
1152
64
0
1216
1216
64
0
1280
1280
64
0
1344
1344
64
0
1408
1408
64
0
1472
1472
64
0
1536
1536
64
0
1600
1600
64
0
1664
1664
64
0
1728
1728
64
0
1792
1792
64
0
1856
1856
64
0
1920
1920
64
0
1984
1984
64
0
2048
2048
64
0
2112
2112
64
0
2176
2176
64
0
2240
2240
64
0
2304
2304
64
0
2368
2368
64
0
2432
2432
64
0
2496
2496
64
0
2560
2560
64
0
2624
2624
64
0
2688
2688
64
0
2752
2752
64
0
2816
2816
64
0
2880
2880
64
0
2944
2944
64
0
3008
3008
64
0
3072
3072
64
0
3136
3136
64
0
3200
3200
64
0
3264
3264
64
0
3328
3328
64
0
3392
3392
64
0
3456
3456
64
0
3520
3520
64
0
3584
3584
64
0
3648
3648
64
0
3712
3712
64
0
3776
3776
64
0
3840
3840
64
0
3904
3904
64
0
3968
3968
64
0
4032
4032
64
0
4096
4096
64
0
4160
4160
64
0
4224
4224
64
0
4288
4288
64
0
4352
4352
64
0
4416
4416
64
0
4480
4480
64
0
4544
4544
64
0
4608
4608
64
0
4672
4672
64
0
4736
4736
64
0
4800
4800
64
0
4864
4864
64
0
4928
4928
64
0
4992
4992
64
0
5056
5056
64
0
5120
5120
64
0
5184
5184
64
0
5248
5248
64
0
5312
5312
64
0
5376
5376
64
0
5440
5440
64
0
5504
5504
64
0
5568
5568
64
0
5632
5632
64
0
5696
5696
64
0
5760
5760
64
0
5824
5824
64
0
5888
5888
64
0
5952
5952
64
0
6016
6016
64
0
6080
6080
64
0
6144
6144
64
0
6208
6208
64
0
6272
6272
64
0
6336
6336
64
0
6400
6400
64
0
6464
6464
64
0
6528
6528
64
0
6592
6592
64
0
6656
6656
64
0
6720
6720
64
0
6784
6784
64
0
6848
6848
64
0
6912
6912
64
0
6976
6976
64
0
7040
7040
64
0
7104
7104
64
0
7168
7168
64
0
7232
7232
64
0
7296
7296
64
0
7360
7360
64
0
7424
7424
64
0
7488
7488
64
0
7552
7552
64
0
7616
7616
64
0
7680
7680
64
0
7744
7744
64
0
7808
7808
64
0
7872
7872
64
0
7936
7936
64
0
8000
8000
64
0
8064
8064
64
0
8128
8128
64
0
8192
8192
64
0
8256
8256
64
0
8320
8320
64
0
8384
8384
64
0
8448
8448
64
0
8512
8512
64
0
8576
8576
64
0
8640
8640
64
0
8704
8704
64
0
8768
8768
64
0
8832
8832
64
0
8896
8896
64
0
8960
8960
64
0
9024
9024
64
0
9088
9088
64
0
9152
9152
64
0
9216
9216
64
0
9280
9280
64
0
9344
9344
64
0
9408
9408
64
0
9472
9472
64
0
9536
9536
64
0
9600
9600
64
0
9664
9664
64
0
9728
9728
64
0
9792
9792
64
0
9856
9856
64
0
9920
9920
64
0
9984
9984
64
0
10048
10048
64
0
10112
10112
64
0
10176
10176
64
0
10240
10240
64
0
10304
10304
64
0
10368
10368
64
0
10432
10432
64
0
10496
10496
64
0
10560
10560
64
0
10624
10624
64
0
10688
10688
64
0
10752
10752
64
0
10816
10816
64
0
10880
10880
64
0
10944
10944
64
0
11008
11008
64
0
11072
11072
64
0
11136
11136
64
0
11200
11200
64
0
11264
11264
64
0
11328
11328
64
0
11392
11392
64
0
11456
11456
64
0
11520
11520
64
0
11584
11584
64
0
11648
11648
64
0
11712
11712
64
0
11776
11776
64
0
11840
11840
64
0
11904
11904
64
0
11968
11968
64
0
12032
12032
64
0
12096
12096
64
0
12160
12160
64
0
12224
12224
64
0
12288
12288
64
0
12352
12352
64
0
12416
12416
64
0
12480
12480
64
0
12544
12544
64
0
12608
12608
64
0
12672
12672
64
0
12736
12736
64
0
12800
12800
64
0
12864
12864
64
0
12928
12928
64
0
12992
12992
64
0
13056
13056
64
0
13120
13120
64
0
13184
13184
64
0
13248
13248
64
0
13312
13312
64
0
13376
13376
64
0
13440
13440
64
0
13504
13504
64
0
13568
13568
64
0
13632
13632
64
0
13696
13696
64
0
13760
13760
64
0
13824
13824
64
0
13888
13888
64
0
13952
13952
64
0
14016
14016
64
0
14080
14080
64
0
14144
14144
64
0
14208
14208
64
0
14272
14272
64
0
14336
14336
64
0
14400
14400
64
0
14464
14464
64
0
14528
14528
64
0
14592
14592
64
0
14656
14656
64
0
14720
14720
64
0
14784
14784
64
0
14848
14848
64
0
14912
14912
64
0
14976
14976
64
0
15040
15040
64
0
15104
15104
64
0
15168
15168
64
0
15232
15232
64
0
15296
15296
64
0
15360
15360
64
0
15424
15424
64
0
15488
15488
64
0
15552
15552
64
0
15616
15616
64
0
15680
15680
64
0
15744
15744
64
0
15808
15808
64
0
15872
15872
64
0
15936
15936
64
0
16000
16000
64
0
16064
16064
64
0
16128
16128
64
0
16192
16192
64
0
16256
16256
64
0
16320
16320
64
0
16384
16384
64
0
16448
16448
64
0
16512
16512
64
0
16576
16576
64
0
16640
16640
64
0
16704
16704
64
0
16768
16768
64
0
16832
16832
64
0
16896
16896
64
0
16960
16960
64
0
17024
17024
64
0
17088
17088
64
0
17152
17152
64
0
17216
17216
64
0
17280
17280
64
0
17344
17344
64
0
17408
17408
64
0
17472
17472
64
0
17536
17536
64
0
17600
17600
64
0
17664
17664
64
0
17728
17728
64
0
17792
17792
64
0
17856
17856
64
0
17920
17920
64
0
17984
17984
64
0
18048
18048
64
0
18112
18112
64
0
18176
18176
64
0
18240
18240
64
0
18304
18304
64
0
18368
18368
64
0
18432
18432
64
0
18496
18496
64
0
18560
18560
64
0
18624
18624
64
0
18688
18688
64
0
18752
18752
64
0
18816
18816
64
0
18880
18880
64
0
18944
18944
64
0
19008
19008
64
0
19072
19072
64
0
19136
19136
64
0
19200
19200
64
0
19264
19264
64
0
19328
19328
64
0
19392
19392
64
0
19456
19456
64
0
19520
19520
64
0
19584
19584
64
0
19648
19648
64
0
19712
19712
64
0
19776
19776
64
0
19840
19840
64
0
19904
19904
64
0
19968
19968
64
0
20032
20032
64
0
20096
20096
64
0
20160
20160
64
0
20224
20224
64
0
20288
20288
64
0
20352
20352
64
0
20416
20416
64
0
20480
20480
64
0
20544
20544
64
0
20608
20608
64
0
20672
20672
64
0
20736
20736
64
0
20800
20800
64
0
20864
20864
64
0
20928
20928
64
0
20992
20992
64
0
21056
21056
64
0
21120
21120
64
0
21184
21184
64
0
21248
21248
64
0
21312
21312
64
0
21376
21376
64
0
21440
21440
64
0
21504
21504
64
0
21568
21568
64
0
21632
21632
64
0
21696
21696
64
0
21760
21760
64
0
21824
21824
64
0
21888
21888
64
0
21952
21952
64
0
22016
22016
64
0
22080
22080
64
0
22144
22144
64
0
22208
22208
64
0
22272
22272
64
0
22336
22336
64
0
22400
22400
64
0
22464
22464
64
0
22528
22528
64
0
22592
22592
64
0
22656
22656
64
0
22720
22720
64
0
22784
22784
64
0
22848
22848
64
0
22912
22912
64
0
22976
22976
64
0
23040
23040
64
0
23104
23104
64
0
23168
23168
64
0
23232
23232
64
0
23296
23296
64
0
23360
23360
64
0
23424
23424
64
0
23488
23488
64
0
23552
23552
64
0
23616
23616
64
0
23680
23680
64
0
23744
23744
64
0
23808
23808
64
0
23872
23872
64
0
23936
23936
64
0
24000
24000
64
0
24064
24064
64
0
24128
24128
64
0
24192
24192
64
0
24256
24256
64
0
24320
24320
64
0
24384
24384
64
0
24448
24448
64
0
24512
24512
64
0
24576
24576
64
0
24640
24640
64
0
24704
24704
64
0
24768
24768
64
0
24832
24832
64
0
24896
24896
64
0
24960
24960
64
0
25024
25024
64
0
25088
25088
64
0
25152
25152
64
0
25216
25216
64
0
25280
25280
64
0
25344
25344
64
0
25408
25408
64
0
25472
25472
64
0
25536
25536
64
0
25600
25600
64
0
25664
25664
64
0
25728
25728
64
0
25792
25792
64
0
25856
25856
64
0
25920
25920
64
0
25984
25984
64
0
26048
26048
64
0
26112
26112
64
0
26176
26176
64
0
26240
26240
64
0
26304
26304
64
0
26368
26368
64
0
26432
26432
64
0
26496
26496
64
0
26560
26560
64
0
26624
26624
64
0
26688
26688
64
0
26752
26752
64
0
26816
26816
64
0
26880
26880
64
0
26944
26944
64
0
27008
27008
64
0
27072
27072
64
0
27136
27136
64
0
27200
27200
64
0
27264
27264
64
0
27328
27328
64
0
27392
27392
64
0
27456
27456
64
0
27520
27520
64
0
27584
27584
64
0
27648
27648
64
0
27712
27712
64
0
27776
27776
64
0
27840
27840
64
0
27904
27904
64
0
27968
27968
64
0
28032
28032
64
0
28096
28096
64
0
28160
28160
64
0
28224
28224
64
0
28288
28288
64
0
28352
28352
64
0
28416
28416
64
0
28480
28480
64
0
28544
28544
64
0
28608
28608
64
0
28672
28672
64
0
28736
28736
64
0
28800
28800
64
0
28864
28864
64
0
28928
28928
64
0
28992
28992
64
0
29056
29056
64
0
29120
29120
64
0
29184
29184
64
0
29248
29248
64
0
29312
29312
64
0
29376
29376
64
0
29440
29440
64
0
29504
29504
64
0
29568
29568
64
0
29632
29632
64
0
29696
29696
64
0
29760
29760
64
0
29824
29824
64
0
29888
29888
64
0
29952
29952
64
0
30016
30016
64
0
30080
30080
64
0
30144
30144
64
0
30208
30208
64
0
30272
30272
64
0
30336
30336
64
0
30400
30400
64
0
30464
30464
64
0
30528
30528
64
0
30592
30592
64
0
30656
30656
64
0
30720
30720
64
0
30784
30784
64
0
30848
30848
64
0
30912
30912
64
0
30976
30976
64
0
31040
31040
64
0
31104
31104
64
0
31168
31168
64
0
31232
31232
64
0
31296
31296
64
0
31360
31360
64
0
31424
31424
64
0
31488
31488
64
0
31552
31552
64
0
31616
31616
64
0
31680
31680
64
0
31744
31744
64
0
31808
31808
64
0
31872
31872
64
0
31936
31936
64
0
32000
32000
64
0
32064
32064
64
0
32128
32128
64
0
32192
32192
64
0
32256
32256
64
0
32320
32320
64
0
32384
32384
64
0
32448
32448
64
0
32512
32512
64
0
32576
32576
64
0
32640
32640
64
0
32704
32704
64
0
32768
32768
64
0
32832
32832
64
0
32896
32896
64
0
32960
32960
64
0
33024
33024
64
0
33088
33088
64
0
33152
33152
64
0
33216
33216
64
0
33280
33280
64
0
33344
33344
64
0
33408
33408
64
0
33472
33472
64
0
33536
33536
64
0
33600
33600
64
0
33664
33664
64
0
33728
33728
64
0
33792
33792
64
0
33856
33856
64
0
33920
33920
64
0
33984
33984
64
0
34048
34048
64
0
34112
34112
64
0
34176
34176
64
0
34240
34240
64
0
34304
34304
64
0
34368
34368
64
0
34432
34432
64
0
34496
34496
64
0
34560
34560
64
0
34624
34624
64
0
34688
34688
64
0
34752
34752
64
0
34816
34816
64
0
34880
34880
64
0
34944
34944
64
0
35008
35008
64
0
35072
35072
64
0
35136
35136
64
0
35200
35200
64
0
35264
35264
64
0
35328
35328
64
0
35392
35392
64
0
35456
35456
64
0
35520
35520
64
0
35584
35584
64
0
35648
35648
64
0
35712
35712
64
0
35776
35776
64
0
35840
35840
64
0
35904
35904
64
0
35968
35968
64
0
36032
36032
64
0
36096
36096
64
0
36160
36160
64
0
36224
36224
64
0
36288
36288
64
0
36352
36352
64
0
36416
36416
64
0
36480
36480
64
0
36544
36544
64
0
36608
36608
64
0
36672
36672
64
0
36736
36736
64
0
36800
36800
64
0
36864
36864
64
0
36928
36928
64
0
36992
36992
64
0
37056
37056
64
0
37120
37120
64
0
37184
37184
64
0
37248
37248
64
0
37312
37312
64
0
37376
37376
64
0
37440
37440
64
0
37504
37504
64
0
37568
37568
64
0
37632
37632
64
0
37696
37696
64
0
37760
37760
64
0
37824
37824
64
0
37888
37888
64
0
37952
37952
64
0
38016
38016
64
0
38080
38080
64
0
38144
38144
64
0
38208
38208
64
0
38272
38272
64
0
38336
38336
64
0
38400
38400
64
0
38464
38464
64
0
38528
38528
64
0
38592
38592
64
0
38656
38656
64
0
38720
38720
64
0
38784
38784
64
0
38848
38848
64
0
38912
38912
64
0
38976
38976
64
0
39040
39040
64
0
39104
39104
64
0
39168
39168
64
0
39232
39232
64
0
39296
39296
64
0
39360
39360
64
0
39424
39424
64
0
39488
39488
64
0
39552
39552
64
0
39616
39616
64
0
39680
39680
64
0
39744
39744
64
0
39808
39808
64
0
39872
39872
64
0
39936
39936
64
0
40000
40000
64
0
40064
40064
64
0
40128
40128
64
0
40192
40192
64
0
40256
40256
64
0
40320
40320
64
0
40384
40384
64
0
40448
40448
64
0
40512
40512
64
0
40576
40576
64
0
40640
40640
64
0
40704
40704
64
0
40768
40768
64
0
40832
40832
64
0
40896
40896
64
0
40960
40960
64
0
41024
41024
64
0
41088
41088
64
0
41152
41152
64
0
41216
41216
64
0
41280
41280
64
0
41344
41344
64
0
41408
41408
64
0
41472
41472
64
0
41536
41536
64
0
41600
41600
64
0
41664
41664
64
0
41728
41728
64
0
41792
41792
64
0
41856
41856
64
0
41920
41920
64
0
41984
41984
64
0
42048
42048
64
0
42112
42112
64
0
42176
42176
64
0
42240
42240
64
0
42304
42304
64
0
42368
42368
64
0
42432
42432
64
0
42496
42496
64
0
42560
42560
64
0
42624
42624
64
0
42688
42688
64
0
42752
42752
64
0
42816
42816
64
0
42880
42880
64
0
42944
42944
64
0
43008
43008
64
0
43072
43072
64
0
43136
43136
64
0
43200
43200
64
0
43264
43264
64
0
43328
43328
64
0
43392
43392
64
0
43456
43456
64
0
43520
43520
64
0
43584
43584
64
0
43648
43648
64
0
43712
43712
64
0
43776
43776
64
0
43840
43840
64
0
43904
43904
64
0
43968
43968
64
0
44032
44032
64
0
44096
44096
64
0
44160
44160
64
0
44224
44224
64
0
44288
44288
64
0
44352
44352
64
0
44416
44416
64
0
44480
44480
64
0
44544
44544
64
0
44608
44608
64
0
44672
44672
64
0
44736
44736
64
0
44800
44800
64
0
44864
44864
64
0
44928
44928
64
0
44992
44992
64
0
45056
45056
64
0
45120
45120
64
0
45184
45184
64
0
45248
45248
64
0
45312
45312
64
0
45376
45376
64
0
45440
45440
64
0
45504
45504
64
0
45568
45568
64
0
45632
45632
64
0
45696
45696
64
0
45760
45760
64
0
45824
45824
64
0
45888
45888
64
0
45952
45952
64
0
46016
46016
64
0
46080
46080
64
0
46144
46144
64
0
46208
46208
64
0
46272
46272
64
0
46336
46336
64
0
46400
46400
64
0
46464
46464
64
0
46528
46528
64
0
46592
46592
64
0
46656
46656
64
0
46720
46720
64
0
46784
46784
64
0
46848
46848
64
0
46912
46912
64
0
46976
46976
64
0
47040
47040
64
0
47104
47104
64
0
47168
47168
64
0
47232
47232
64
0
47296
47296
64
0
47360
47360
64
0
47424
47424
64
0
47488
47488
64
0
47552
47552
64
0
47616
47616
64
0
47680
47680
64
0
47744
47744
64
0
47808
47808
64
0
47872
47872
64
0
47936
47936
64
0
48000
48000
64
0
48064
48064
64
0
48128
48128
64
0
48192
48192
64
0
48256
48256
64
0
48320
48320
64
0
48384
48384
64
0
48448
48448
64
0
48512
48512
64
0
48576
48576
64
0
48640
48640
64
0
48704
48704
64
0
48768
48768
64
0
48832
48832
64
0
48896
48896
64
0
48960
48960
64
0
49024
49024
64
0
49088
49088
64
0
49152
49152
64
0
49216
49216
64
0
49280
49280
64
0
49344
49344
64
0
49408
49408
64
0
49472
49472
64
0
49536
49536
64
0
49600
49600
64
0
49664
49664
64
0
49728
49728
64
0
49792
49792
64
0
49856
49856
64
0
49920
49920
64
0
49984
49984
64
0
50048
50048
64
0
50112
50112
64
0
50176
50176
64
0
50240
50240
64
0
50304
50304
64
0
50368
50368
64
0
50432
50432
64
0
50496
50496
64
0
50560
50560
64
0
50624
50624
64
0
50688
50688
64
0
50752
50752
64
0
50816
50816
64
0
50880
50880
64
0
50944
50944
64
0
51008
51008
64
0
51072
51072
64
0
51136
51136
64
0
51200
51200
64
0
51264
51264
64
0
51328
51328
64
0
51392
51392
64
0
51456
51456
64
0
51520
51520
64
0
51584
51584
64
0
51648
51648
64
0
51712
51712
64
0
51776
51776
64
0
51840
51840
64
0
51904
51904
64
0
51968
51968
64
0
52032
52032
64
0
52096
52096
64
0
52160
52160
64
0
52224
52224
64
0
52288
52288
64
0
52352
52352
64
0
52416
52416
64
0
52480
52480
64
0
52544
52544
64
0
52608
52608
64
0
52672
52672
64
0
52736
52736
64
0
52800
52800
64
0
52864
52864
64
0
52928
52928
64
0
52992
52992
64
0
53056
53056
64
0
53120
53120
64
0
53184
53184
64
0
53248
53248
64
0
53312
53312
64
0
53376
53376
64
0
53440
53440
64
0
53504
53504
64
0
53568
53568
64
0
53632
53632
64
0
53696
53696
64
0
53760
53760
64
0
53824
53824
64
0
53888
53888
64
0
53952
53952
64
0
54016
54016
64
0
54080
54080
64
0
54144
54144
64
0
54208
54208
64
0
54272
54272
64
0
54336
54336
64
0
54400
54400
64
0
54464
54464
64
0
54528
54528
64
0
54592
54592
64
0
54656
54656
64
0
54720
54720
64
0
54784
54784
64
0
54848
54848
64
0
54912
54912
64
0
54976
54976
64
0
55040
55040
64
0
55104
55104
64
0
55168
55168
64
0
55232
55232
64
0
55296
55296
64
0
55360
55360
64
0
55424
55424
64
0
55488
55488
64
0
55552
55552
64
0
55616
55616
64
0
55680
55680
64
0
55744
55744
64
0
55808
55808
64
0
55872
55872
64
0
55936
55936
64
0
56000
56000
64
0
56064
56064
64
0
56128
56128
64
0
56192
56192
64
0
56256
56256
64
0
56320
56320
64
0
56384
56384
64
0
56448
56448
64
0
56512
56512
64
0
56576
56576
64
0
56640
56640
64
0
56704
56704
64
0
56768
56768
64
0
56832
56832
64
0
56896
56896
64
0
56960
56960
64
0
57024
57024
64
0
57088
57088
64
0
57152
57152
64
0
57216
57216
64
0
57280
57280
64
0
57344
57344
64
0
57408
57408
64
0
57472
57472
64
0
57536
57536
64
0
57600
57600
64
0
57664
57664
64
0
57728
57728
64
0
57792
57792
64
0
57856
57856
64
0
57920
57920
64
0
57984
57984
64
0
58048
58048
64
0
58112
58112
64
0
58176
58176
64
0
58240
58240
64
0
58304
58304
64
0
58368
58368
64
0
58432
58432
64
0
58496
58496
64
0
58560
58560
64
0
58624
58624
64
0
58688
58688
64
0
58752
58752
64
0
58816
58816
64
0
58880
58880
64
0
58944
58944
64
0
59008
59008
64
0
59072
59072
64
0
59136
59136
64
0
59200
59200
64
0
59264
59264
64
0
59328
59328
64
0
59392
59392
64
0
59456
59456
64
0
59520
59520
64
0
59584
59584
64
0
59648
59648
64
0
59712
59712
64
0
59776
59776
64
0
59840
59840
64
0
59904
59904
64
0
59968
59968
64
0
60032
60032
64
0
60096
60096
64
0
60160
60160
64
0
60224
60224
64
0
60288
60288
64
0
60352
60352
64
0
60416
60416
64
0
60480
60480
64
0
60544
60544
64
0
60608
60608
64
0
60672
60672
64
0
60736
60736
64
0
60800
60800
64
0
60864
60864
64
0
60928
60928
64
0
60992
60992
64
0
61056
61056
64
0
61120
61120
64
0
61184
61184
64
0
61248
61248
64
0
61312
61312
64
0
61376
61376
64
0
61440
61440
64
0
61504
61504
64
0
61568
61568
64
0
61632
61632
64
0
61696
61696
64
0
61760
61760
64
0
61824
61824
64
0
61888
61888
64
0
61952
61952
64
0
62016
62016
64
0
62080
62080
64
0
62144
62144
64
0
62208
62208
64
0
62272
62272
64
0
62336
62336
64
0
62400
62400
64
0
62464
62464
64
0
62528
62528
64
0
62592
62592
64
0
62656
62656
64
0
62720
62720
64
0
62784
62784
64
0
62848
62848
64
0
62912
62912
64
0
62976
62976
64
0
63040
63040
64
0
63104
63104
64
0
63168
63168
64
0
63232
63232
64
0
63296
63296
64
0
63360
63360
64
0
63424
63424
64
0
63488
63488
64
0
63552
63552
64
0
63616
63616
64
0
63680
63680
64
0
63744
63744
64
0
63808
63808
64
0
63872
63872
64
0
63936
63936
64
0
64000
64000
64
0
64064
64064
64
0
64128
64128
64
0
64192
64192
64
0
64256
64256
64
0
64320
64320
64
0
64384
64384
64
0
64448
64448
64
0
64512
64512
64
0
64576
64576
64
0
64640
64640
64
0
64704
64704
64
0
64768
64768
64
0
64832
64832
64
0
64896
64896
64
0
64960
64960
64
0
65024
65024
64
0
65088
65088
64
0
65152
65152
64
0
65216
65216
64
0
65280
65280
64
0
65344
65344
64
0
65408
65408
64
0
65472
65472
64
0
65536
65536
64
0
65600
65600
64
0
65664
65664
64
0
65728
65728
64
0
65792
65792
64
0
65856
65856
64
0
65920
65920
64
0
65984
65984
64
0
66048
66048
64
0
66112
66112
64
0
66176
66176
64
0
66240
66240
64
0
66304
66304
64
0
66368
66368
64
0
66432
66432
64
0
66496
66496
64
0
66560
66560
64
0
66624
66624
64
0
66688
66688
64
0
66752
66752
64
0
66816
66816
64
0
66880
66880
64
0
66944
66944
64
0
67008
67008
64
0
67072
67072
64
0
67136
67136
64
0
67200
67200
64
0
67264
67264
64
0
67328
67328
64
0
67392
67392
64
0
67456
67456
64
0
67520
67520
64
0
67584
67584
64
0
67648
67648
64
0
67712
67712
64
0
67776
67776
64
0
67840
67840
64
0
67904
67904
64
0
67968
67968
64
0
68032
68032
64
0
68096
68096
64
0
68160
68160
64
0
68224
68224
64
0
68288
68288
64
0
68352
68352
64
0
68416
68416
64
0
68480
68480
64
0
68544
68544
64
0
68608
68608
64
0
68672
68672
64
0
68736
68736
64
0
68800
68800
64
0
68864
68864
64
0
68928
68928
64
0
68992
68992
64
0
69056
69056
64
0
69120
69120
64
0
69184
69184
64
0
69248
69248
64
0
69312
69312
64
0
69376
69376
64
0
69440
69440
64
0
69504
69504
64
0
69568
69568
64
0
69632
69632
64
0
69696
69696
64
0
69760
69760
64
0
69824
69824
64
0
69888
69888
64
0
69952
69952
64
0
70016
70016
64
0
70080
70080
64
0
70144
70144
64
0
70208
70208
64
0
70272
70272
64
0
70336
70336
64
0
70400
70400
64
0
70464
70464
64
0
70528
70528
64
0
70592
70592
64
0
70656
70656
64
0
70720
70720
64
0
70784
70784
64
0
70848
70848
64
0
70912
70912
64
0
70976
70976
64
0
71040
71040
64
0
71104
71104
64
0
71168
71168
64
0
71232
71232
64
0
71296
71296
64
0
71360
71360
64
0
71424
71424
64
0
71488
71488
64
0
71552
71552
64
0
71616
71616
64
0
71680
71680
64
0
71744
71744
64
0
71808
71808
64
0
71872
71872
64
0
71936
71936
64
0
72000
72000
64
0
72064
72064
64
0
72128
72128
64
0
72192
72192
64
0
72256
72256
64
0
72320
72320
64
0
72384
72384
64
0
72448
72448
64
0
72512
72512
64
0
72576
72576
64
0
72640
72640
64
0
72704
72704
64
0
72768
72768
64
0
72832
72832
64
0
72896
72896
64
0
72960
72960
64
0
73024
73024
64
0
73088
73088
64
0
73152
73152
64
0
73216
73216
64
0
73280
73280
64
0
73344
73344
64
0
73408
73408
64
0
73472
73472
64
0
73536
73536
64
0
73600
73600
64
0
73664
73664
64
0
73728
73728
64
0
73792
73792
64
0
73856
73856
64
0
73920
73920
64
0
73984
73984
64
0
74048
74048
64
0
74112
74112
64
0
74176
74176
64
0
74240
74240
64
0
74304
74304
64
0
74368
74368
64
0
74432
74432
64
0
74496
74496
64
0
74560
74560
64
0
74624
74624
64
0
74688
74688
64
0
74752
74752
64
0
74816
74816
64
0
74880
74880
64
0
74944
74944
64
0
75008
75008
64
0
75072
75072
64
0
75136
75136
64
0
75200
75200
64
0
75264
75264
64
0
75328
75328
64
0
75392
75392
64
0
75456
75456
64
0
75520
75520
64
0
75584
75584
64
0
75648
75648
64
0
75712
75712
64
0
75776
75776
64
0
75840
75840
64
0
75904
75904
64
0
75968
75968
64
0
76032
76032
64
0
76096
76096
64
0
76160
76160
64
0
76224
76224
64
0
76288
76288
64
0
76352
76352
64
0
76416
76416
64
0
76480
76480
64
0
76544
76544
64
0
76608
76608
64
0
76672
76672
64
0
76736
76736
64
0
76800
76800
64
0
76864
76864
64
0
76928
76928
64
0
76992
76992
64
0
77056
77056
64
0
77120
77120
64
0
77184
77184
64
0
77248
77248
64
0
77312
77312
64
0
77376
77376
64
0
77440
77440
64
0
77504
77504
64
0
77568
77568
64
0
77632
77632
64
0
77696
77696
64
0
77760
77760
64
0
77824
77824
64
0
77888
77888
64
0
77952
77952
64
0
78016
78016
64
0
78080
78080
64
0
78144
78144
64
0
78208
78208
64
0
78272
78272
64
0
78336
78336
64
0
78400
78400
64
0
78464
78464
64
0
78528
78528
64
0
78592
78592
64
0
78656
78656
64
0
78720
78720
64
0
78784
78784
64
0
78848
78848
64
0
78912
78912
64
0
78976
78976
64
0
79040
79040
64
0
79104
79104
64
0
79168
79168
64
0
79232
79232
64
0
79296
79296
64
0
79360
79360
64
0
79424
79424
64
0
79488
79488
64
0
79552
79552
64
0
79616
79616
64
0
79680
79680
64
0
79744
79744
64
0
79808
79808
64
0
79872
79872
64
0
79936
79936
64
0
80000
80000
64
0
80064
80064
64
0
80128
80128
64
0
80192
80192
64
0
80256
80256
64
0
80320
80320
64
0
80384
80384
64
0
80448
80448
64
0
80512
80512
64
0
80576
80576
64
0
80640
80640
64
0
80704
80704
64
0
80768
80768
64
0
80832
80832
64
0
80896
80896
64
0
80960
80960
64
0
81024
81024
64
0
81088
81088
64
0
81152
81152
64
0
81216
81216
64
0
81280
81280
64
0
81344
81344
64
0
81408
81408
64
0
81472
81472
64
0
81536
81536
64
0
81600
81600
64
0
81664
81664
64
0
81728
81728
64
0
81792
81792
64
0
81856
81856
64
0
81920
81920
64
0
81984
81984
64
0
82048
82048
64
0
82112
82112
64
0
82176
82176
64
0
82240
82240
64
0
82304
82304
64
0
82368
82368
64
0
82432
82432
64
0
82496
82496
64
0
82560
82560
64
0
82624
82624
64
0
82688
82688
64
0
82752
82752
64
0
82816
82816
64
0
82880
82880
64
0
82944
82944
64
0
83008
83008
64
0
83072
83072
64
0
83136
83136
64
0
83200
83200
64
0
83264
83264
64
0
83328
83328
64
0
83392
83392
64
0
83456
83456
64
0
83520
83520
64
0
83584
83584
64
0
83648
83648
64
0
83712
83712
64
0
83776
83776
64
0
83840
83840
64
0
83904
83904
64
0
83968
83968
64
0
84032
84032
64
0
84096
84096
64
0
84160
84160
64
0
84224
84224
64
0
84288
84288
64
0
84352
84352
64
0
84416
84416
64
0
84480
84480
64
0
84544
84544
64
0
84608
84608
64
0
84672
84672
64
0
84736
84736
64
0
84800
84800
64
0
84864
84864
64
0
84928
84928
64
0
84992
84992
64
0
85056
85056
64
0
85120
85120
64
0
85184
85184
64
0
85248
85248
64
0
85312
85312
64
0
85376
85376
64
0
85440
85440
64
0
85504
85504
64
0
85568
85568
64
0
85632
85632
64
0
85696
85696
64
0
85760
85760
64
0
85824
85824
64
0
85888
85888
64
0
85952
85952
64
0
86016
86016
64
0
86080
86080
64
0
86144
86144
64
0
86208
86208
64
0
86272
86272
64
0
86336
86336
64
0
86400
86400
64
0
86464
86464
64
0
86528
86528
64
0
86592
86592
64
0
86656
86656
64
0
86720
86720
64
0
86784
86784
64
0
86848
86848
64
0
86912
86912
64
0
86976
86976
64
0
87040
87040
64
0
87104
87104
64
0
87168
87168
64
0
87232
87232
64
0
87296
87296
64
0
87360
87360
64
0
87424
87424
64
0
87488
87488
64
0
87552
87552
64
0
87616
87616
64
0
87680
87680
64
0
87744
87744
64
0
87808
87808
64
0
87872
87872
64
0
87936
87936
64
0
88000
88000
64
0
88064
88064
64
0
88128
88128
64
0
88192
88192
64
0
88256
88256
64
0
88320
88320
64
0
88384
88384
64
0
88448
88448
64
0
88512
88512
64
0
88576
88576
64
0
88640
88640
64
0
88704
88704
64
0
88768
88768
64
0
88832
88832
64
0
88896
88896
64
0
88960
88960
64
0
89024
89024
64
0
89088
89088
64
0
89152
89152
64
0
89216
89216
64
0
89280
89280
64
0
89344
89344
64
0
89408
89408
64
0
89472
89472
64
0
89536
89536
64
0
89600
89600
64
0
89664
89664
64
0
89728
89728
64
0
89792
89792
64
0
89856
89856
64
0
89920
89920
64
0
89984
89984
64
0
90048
90048
64
0
90112
90112
64
0
90176
90176
64
0
90240
90240
64
0
90304
90304
64
0
90368
90368
64
0
90432
90432
64
0
90496
90496
64
0
90560
90560
64
0
90624
90624
64
0
90688
90688
64
0
90752
90752
64
0
90816
90816
64
0
90880
90880
64
0
90944
90944
64
0
91008
91008
64
0
91072
91072
64
0
91136
91136
64
0
91200
91200
64
0
91264
91264
64
0
91328
91328
64
0
91392
91392
64
0
91456
91456
64
0
91520
91520
64
0
91584
91584
64
0
91648
91648
64
0
91712
91712
64
0
91776
91776
64
0
91840
91840
64
0
91904
91904
64
0
91968
91968
64
0
92032
92032
64
0
92096
92096
64
0
92160
92160
64
0
92224
92224
64
0
92288
92288
64
0
92352
92352
64
0
92416
92416
64
0
92480
92480
64
0
92544
92544
64
0
92608
92608
64
0
92672
92672
64
0
92736
92736
64
0
92800
92800
64
0
92864
92864
64
0
92928
92928
64
0
92992
92992
64
0
93056
93056
64
0
93120
93120
64
0
93184
93184
64
0
93248
93248
64
0
93312
93312
64
0
93376
93376
64
0
93440
93440
64
0
93504
93504
64
0
93568
93568
64
0
93632
93632
64
0
93696
93696
64
0
93760
93760
64
0
93824
93824
64
0
93888
93888
64
0
93952
93952
64
0
94016
94016
64
0
94080
94080
64
0
94144
94144
64
0
94208
94208
64
0
94272
94272
64
0
94336
94336
64
0
94400
94400
64
0
94464
94464
64
0
94528
94528
64
0
94592
94592
64
0
94656
94656
64
0
94720
94720
64
0
94784
94784
64
0
94848
94848
64
0
94912
94912
64
0
94976
94976
64
0
95040
95040
64
0
95104
95104
64
0
95168
95168
64
0
95232
95232
64
0
95296
95296
64
0
95360
95360
64
0
95424
95424
64
0
95488
95488
64
0
95552
95552
64
0
95616
95616
64
0
95680
95680
64
0
95744
95744
64
0
95808
95808
64
0
95872
95872
64
0
95936
95936
64
0
96000
96000
64
0
96064
96064
64
0
96128
96128
64
0
96192
96192
64
0
96256
96256
64
0
96320
96320
64
0
96384
96384
64
0
96448
96448
64
0
96512
96512
64
0
96576
96576
64
0
96640
96640
64
0
96704
96704
64
0
96768
96768
64
0
96832
96832
64
0
96896
96896
64
0
96960
96960
64
0
97024
97024
64
0
97088
97088
64
0
97152
97152
64
0
97216
97216
64
0
97280
97280
64
0
97344
97344
64
0
97408
97408
64
0
97472
97472
64
0
97536
97536
64
0
97600
97600
64
0
97664
97664
64
0
97728
97728
64
0
97792
97792
64
0
97856
97856
64
0
97920
97920
64
0
97984
97984
64
0
98048
98048
64
0
98112
98112
64
0
98176
98176
64
0
98240
98240
64
0
98304
98304
64
0
98368
98368
64
0
98432
98432
64
0
98496
98496
64
0
98560
98560
64
0
98624
98624
64
0
98688
98688
64
0
98752
98752
64
0
98816
98816
64
0
98880
98880
64
0
98944
98944
64
0
99008
99008
64
0
99072
99072
64
0
99136
99136
64
0
99200
99200
64
0
99264
99264
64
0
99328
99328
64
0
99392
99392
64
0
99456
99456
64
0
99520
99520
64
0
99584
99584
64
0
99648
99648
64
0
99712
99712
64
0
99776
99776
64
0
99840
99840
64
0
99904
99904
64
0
99968
99968
64
0
100032
100032
64
0
100096
100096
64
0
100160
100160
64
0
100224
100224
64
0
100288
100288
64
0
100352
100352
64
0
100416
100416
64
0
100480
100480
64
0
100544
100544
64
0
100608
100608
64
0
100672
100672
64
0
100736
100736
64
0
100800
100800
64
0
100864
100864
64
0
100928
100928
64
0
100992
100992
64
0
101056
101056
64
0
101120
101120
64
0
101184
101184
64
0
101248
101248
64
0
101312
101312
64
0
101376
101376
64
0
101440
101440
64
0
101504
101504
64
0
101568
101568
64
0
101632
101632
64
0
101696
101696
64
0
101760
101760
64
0
101824
101824
64
0
101888
101888
64
0
101952
101952
64
0
102016
102016
64
0
102080
102080
64
0
102144
102144
64
0
102208
102208
64
0
102272
102272
64
0
102336
102336
64
0
102400
102400
64
0
102464
102464
64
0
102528
102528
64
0
102592
102592
64
0
102656
102656
64
0
102720
102720
64
0
102784
102784
64
0
102848
102848
64
0
102912
102912
64
0
102976
102976
64
0
103040
103040
64
0
103104
103104
64
0
103168
103168
64
0
103232
103232
64
0
103296
103296
64
0
103360
103360
64
0
103424
103424
64
0
103488
103488
64
0
103552
103552
64
0
103616
103616
64
0
103680
103680
64
0
103744
103744
64
0
103808
103808
64
0
103872
103872
64
0
103936
103936
64
0
104000
104000
64
0
104064
104064
64
0
104128
104128
64
0
104192
104192
64
0
104256
104256
64
0
104320
104320
64
0
104384
104384
64
0
104448
104448
64
0
104512
104512
64
0
104576
104576
64
0
104640
104640
64
0
104704
104704
64
0
104768
104768
64
0
104832
104832
64
0
104896
104896
64
0
104960
104960
64
0
105024
105024
64
0
105088
105088
64
0
105152
105152
64
0
105216
105216
64
0
105280
105280
64
0
105344
105344
64
0
105408
105408
64
0
105472
105472
64
0
105536
105536
64
0
105600
105600
64
0
105664
105664
64
0
105728
105728
64
0
105792
105792
64
0
105856
105856
64
0
105920
105920
64
0
105984
105984
64
0
106048
106048
64
0
106112
106112
64
0
106176
106176
64
0
106240
106240
64
0
106304
106304
64
0
106368
106368
64
0
106432
106432
64
0
106496
106496
64
0
106560
106560
64
0
106624
106624
64
0
106688
106688
64
0
106752
106752
64
0
106816
106816
64
0
106880
106880
64
0
106944
106944
64
0
107008
107008
64
0
107072
107072
64
0
107136
107136
64
0
107200
107200
64
0
107264
107264
64
0
107328
107328
64
0
107392
107392
64
0
107456
107456
64
0
107520
107520
64
0
107584
107584
64
0
107648
107648
64
0
107712
107712
64
0
107776
107776
64
0
107840
107840
64
0
107904
107904
64
0
107968
107968
64
0
108032
108032
64
0
108096
108096
64
0
108160
108160
64
0
108224
108224
64
0
108288
108288
64
0
108352
108352
64
0
108416
108416
64
0
108480
108480
64
0
108544
108544
64
0
108608
108608
64
0
108672
108672
64
0
108736
108736
64
0
108800
108800
64
0
108864
108864
64
0
108928
108928
64
0
108992
108992
64
0
109056
109056
64
0
109120
109120
64
0
109184
109184
64
0
109248
109248
64
0
109312
109312
64
0
109376
109376
64
0
109440
109440
64
0
109504
109504
64
0
109568
109568
64
0
109632
109632
64
0
109696
109696
64
0
109760
109760
64
0
109824
109824
64
0
109888
109888
64
0
109952
109952
64
0
110016
110016
64
0
110080
110080
64
0
110144
110144
64
0
110208
110208
64
0
110272
110272
64
0
110336
110336
64
0
110400
110400
64
0
110464
110464
64
0
110528
110528
64
0
110592
110592
64
0
110656
110656
64
0
110720
110720
64
0
110784
110784
64
0
110848
110848
64
0
110912
110912
64
0
110976
110976
64
0
111040
111040
64
0
111104
111104
64
0
111168
111168
64
0
111232
111232
64
0
111296
111296
64
0
111360
111360
64
0
111424
111424
64
0
111488
111488
64
0
111552
111552
64
0
111616
111616
64
0
111680
111680
64
0
111744
111744
64
0
111808
111808
64
0
111872
111872
64
0
111936
111936
64
0
112000
112000
64
0
112064
112064
64
0
112128
112128
64
0
112192
112192
64
0
112256
112256
64
0
112320
112320
64
0
112384
112384
64
0
112448
112448
64
0
112512
112512
64
0
112576
112576
64
0
112640
112640
64
0
112704
112704
64
0
112768
112768
64
0
112832
112832
64
0
112896
112896
64
0
112960
112960
64
0
113024
113024
64
0
113088
113088
64
0
113152
113152
64
0
113216
113216
64
0
113280
113280
64
0
113344
113344
64
0
113408
113408
64
0
113472
113472
64
0
113536
113536
64
0
113600
113600
64
0
113664
113664
64
0
113728
113728
64
0
113792
113792
64
0
113856
113856
64
0
113920
113920
64
0
113984
113984
64
0
114048
114048
64
0
114112
114112
64
0
114176
114176
64
0
114240
114240
64
0
114304
114304
64
0
114368
114368
64
0
114432
114432
64
0
114496
114496
64
0
114560
114560
64
0
114624
114624
64
0
114688
114688
64
0
114752
114752
64
0
114816
114816
64
0
114880
114880
64
0
114944
114944
64
0
115008
115008
64
0
115072
115072
64
0
115136
115136
64
0
115200
115200
64
0
115264
115264
64
0
115328
115328
64
0
115392
115392
64
0
115456
115456
64
0
115520
115520
64
0
115584
115584
64
0
115648
115648
64
0
115712
115712
64
0
115776
115776
64
0
115840
115840
64
0
115904
115904
64
0
115968
115968
64
0
116032
116032
64
0
116096
116096
64
0
116160
116160
64
0
116224
116224
64
0
116288
116288
64
0
116352
116352
64
0
116416
116416
64
0
116480
116480
64
0
116544
116544
64
0
116608
116608
64
0
116672
116672
64
0
116736
116736
64
0
116800
116800
64
0
116864
116864
64
0
116928
116928
64
0
116992
116992
64
0
117056
117056
64
0
117120
117120
64
0
117184
117184
64
0
117248
117248
64
0
117312
117312
64
0
117376
117376
64
0
117440
117440
64
0
117504
117504
64
0
117568
117568
64
0
117632
117632
64
0
117696
117696
64
0
117760
117760
64
0
117824
117824
64
0
117888
117888
64
0
117952
117952
64
0
118016
118016
64
0
118080
118080
64
0
118144
118144
64
0
118208
118208
64
0
118272
118272
64
0
118336
118336
64
0
118400
118400
64
0
118464
118464
64
0
118528
118528
64
0
118592
118592
64
0
118656
118656
64
0
118720
118720
64
0
118784
118784
64
0
118848
118848
64
0
118912
118912
64
0
118976
118976
64
0
119040
119040
64
0
119104
119104
64
0
119168
119168
64
0
119232
119232
64
0
119296
119296
64
0
119360
119360
64
0
119424
119424
64
0
119488
119488
64
0
119552
119552
64
0
119616
119616
64
0
119680
119680
64
0
119744
119744
64
0
119808
119808
64
0
119872
119872
64
0
119936
119936
64
0
120000
120000
64
0
120064
120064
64
0
120128
120128
64
0
120192
120192
64
0
120256
120256
64
0
120320
120320
64
0
120384
120384
64
0
120448
120448
64
0
120512
120512
64
0
120576
120576
64
0
120640
120640
64
0
120704
120704
64
0
120768
120768
64
0
120832
120832
64
0
120896
120896
64
0
120960
120960
64
0
121024
121024
64
0
121088
121088
64
0
121152
121152
64
0
121216
121216
64
0
121280
121280
64
0
121344
121344
64
0
121408
121408
64
0
121472
121472
64
0
121536
121536
64
0
121600
121600
64
0
121664
121664
64
0
121728
121728
64
0
121792
121792
64
0
121856
121856
64
0
121920
121920
64
0
121984
121984
64
0
122048
122048
64
0
122112
122112
64
0
122176
122176
64
0
122240
122240
64
0
122304
122304
64
0
122368
122368
64
0
122432
122432
64
0
122496
122496
64
0
122560
122560
64
0
122624
122624
64
0
122688
122688
64
0
122752
122752
64
0
122816
122816
64
0
122880
122880
64
0
122944
122944
64
0
123008
123008
64
0
123072
123072
64
0
123136
123136
64
0
123200
123200
64
0
123264
123264
64
0
123328
123328
64
0
123392
123392
64
0
123456
123456
64
0
123520
123520
64
0
123584
123584
64
0
123648
123648
64
0
123712
123712
64
0
123776
123776
64
0
123840
123840
64
0
123904
123904
64
0
123968
123968
64
0
124032
124032
64
0
124096
124096
64
0
124160
124160
64
0
124224
124224
64
0
124288
124288
64
0
124352
124352
64
0
124416
124416
64
0
124480
124480
64
0
124544
124544
64
0
124608
124608
64
0
124672
124672
64
0
124736
124736
64
0
124800
124800
64
0
124864
124864
64
0
124928
124928
64
0
124992
124992
64
0
125056
125056
64
0
125120
125120
64
0
125184
125184
64
0
125248
125248
64
0
125312
125312
64
0
125376
125376
64
0
125440
125440
64
0
125504
125504
64
0
125568
125568
64
0
125632
125632
64
0
125696
125696
64
0
125760
125760
64
0
125824
125824
64
0
125888
125888
64
0
125952
125952
64
0
126016
126016
64
0
126080
126080
64
0
126144
126144
64
0
126208
126208
64
0
126272
126272
64
0
126336
126336
64
0
126400
126400
64
0
126464
126464
64
0
126528
126528
64
0
126592
126592
64
0
126656
126656
64
0
126720
126720
64
0
126784
126784
64
0
126848
126848
64
0
126912
126912
64
0
126976
126976
64
0
127040
127040
64
0
127104
127104
64
0
127168
127168
64
0
127232
127232
64
0
127296
127296
64
0
127360
127360
64
0
127424
127424
64
0
127488
127488
64
0
127552
127552
64
0
127616
127616
64
0
127680
127680
64
0
127744
127744
64
0
127808
127808
64
0
127872
127872
64
0
127936
127936
64
0
128000
128000
64
0
128064
128064
64
0
128128
128128
64
0
128192
128192
64
0
128256
128256
64
0
128320
128320
64
0
128384
128384
64
0
128448
128448
64
0
128512
128512
64
0
128576
128576
64
0
128640
128640
64
0
128704
128704
64
0
128768
128768
64
0
128832
128832
64
0
128896
128896
64
0
128960
128960
64
0
129024
129024
64
0
129088
129088
64
0
129152
129152
64
0
129216
129216
64
0
129280
129280
64
0
129344
129344
64
0
129408
129408
64
0
129472
129472
64
0
129536
129536
64
0
129600
129600
64
0
129664
129664
64
0
129728
129728
64
0
129792
129792
64
0
129856
129856
64
0
129920
129920
64
0
129984
129984
64
0
130048
130048
64
0
130112
130112
64
0
130176
130176
64
0
130240
130240
64
0
130304
130304
64
0
130368
130368
64
0
130432
130432
64
0
130496
130496
64
0
130560
130560
64
0
130624
130624
64
0
130688
130688
64
0
130752
130752
64
0
130816
130816
64
0
130880
130880
64
0
130944
130944
64
0
131008
131008
64
0
131072
131072
64
0
131136
131136
64
0
131200
131200
64
0
131264
131264
64
0
131328
131328
64
0
131392
131392
64
0
131456
131456
64
0
131520
131520
64
0
131584
131584
64
0
131648
131648
64
0
131712
131712
64
0
131776
131776
64
0
131840
131840
64
0
131904
131904
64
0
131968
131968
64
0
132032
132032
64
0
132096
132096
64
0
132160
132160
64
0
132224
132224
64
0
132288
132288
64
0
132352
132352
64
0
132416
132416
64
0
132480
132480
64
0
132544
132544
64
0
132608
132608
64
0
132672
132672
64
0
132736
132736
64
0
132800
132800
64
0
132864
132864
64
0
132928
132928
64
0
132992
132992
64
0
133056
133056
64
0
133120
133120
64
0
133184
133184
64
0
133248
133248
64
0
133312
133312
64
0
133376
133376
64
0
133440
133440
64
0
133504
133504
64
0
133568
133568
64
0
133632
133632
64
0
133696
133696
64
0
133760
133760
64
0
133824
133824
64
0
133888
133888
64
0
133952
133952
64
0
134016
134016
64
0
134080
134080
64
0
134144
134144
64
0
134208
134208
64
0
134272
134272
64
0
134336
134336
64
0
134400
134400
64
0
134464
134464
64
0
134528
134528
64
0
134592
134592
64
0
134656
134656
64
0
134720
134720
64
0
134784
134784
64
0
134848
134848
64
0
134912
134912
64
0
134976
134976
64
0
135040
135040
64
0
135104
135104
64
0
135168
135168
64
0
135232
135232
64
0
135296
135296
64
0
135360
135360
64
0
135424
135424
64
0
135488
135488
64
0
135552
135552
64
0
135616
135616
64
0
135680
135680
64
0
135744
135744
64
0
135808
135808
64
0
135872
135872
64
0
135936
135936
64
0
136000
136000
64
0
136064
136064
64
0
136128
136128
64
0
136192
136192
64
0
136256
136256
64
0
136320
136320
64
0
136384
136384
64
0
136448
136448
64
0
136512
136512
64
0
136576
136576
64
0
136640
136640
64
0
136704
136704
64
0
136768
136768
64
0
136832
136832
64
0
136896
136896
64
0
136960
136960
64
0
137024
137024
64
0
137088
137088
64
0
137152
137152
64
0
137216
137216
64
0
137280
137280
64
0
137344
137344
64
0
137408
137408
64
0
137472
137472
64
0
137536
137536
64
0
137600
137600
64
0
137664
137664
64
0
137728
137728
64
0
137792
137792
64
0
137856
137856
64
0
137920
137920
64
0
137984
137984
64
0
138048
138048
64
0
138112
138112
64
0
138176
138176
64
0
138240
138240
64
0
138304
138304
64
0
138368
138368
64
0
138432
138432
64
0
138496
138496
64
0
138560
138560
64
0
138624
138624
64
0
138688
138688
64
0
138752
138752
64
0
138816
138816
64
0
138880
138880
64
0
138944
138944
64
0
139008
139008
64
0
139072
139072
64
0
139136
139136
64
0
139200
139200
64
0
139264
139264
64
0
139328
139328
64
0
139392
139392
64
0
139456
139456
64
0
139520
139520
64
0
139584
139584
64
0
139648
139648
64
0
139712
139712
64
0
139776
139776
64
0
139840
139840
64
0
139904
139904
64
0
139968
139968
64
0
140032
140032
64
0
140096
140096
64
0
140160
140160
64
0
140224
140224
64
0
140288
140288
64
0
140352
140352
64
0
140416
140416
64
0
140480
140480
64
0
140544
140544
64
0
140608
140608
64
0
140672
140672
64
0
140736
140736
64
0
140800
140800
64
0
140864
140864
64
0
140928
140928
64
0
140992
140992
64
0
141056
141056
64
0
141120
141120
64
0
141184
141184
64
0
141248
141248
64
0
141312
141312
64
0
141376
141376
64
0
141440
141440
64
0
141504
141504
64
0
141568
141568
64
0
141632
141632
64
0
141696
141696
64
0
141760
141760
64
0
141824
141824
64
0
141888
141888
64
0
141952
141952
64
0
142016
142016
64
0
142080
142080
64
0
142144
142144
64
0
142208
142208
64
0
142272
142272
64
0
142336
142336
64
0
142400
142400
64
0
142464
142464
64
0
142528
142528
64
0
142592
142592
64
0
142656
142656
64
0
142720
142720
64
0
142784
142784
64
0
142848
142848
64
0
142912
142912
64
0
142976
142976
64
0
143040
143040
64
0
143104
143104
64
0
143168
143168
64
0
143232
143232
64
0
143296
143296
64
0
143360
143360
64
0
143424
143424
64
0
143488
143488
64
0
143552
143552
64
0
143616
143616
64
0
143680
143680
64
0
143744
143744
64
0
143808
143808
64
0
143872
143872
64
0
143936
143936
64
0
144000
144000
64
0
144064
144064
64
0
144128
144128
64
0
144192
144192
64
0
144256
144256
64
0
144320
144320
64
0
144384
144384
64
0
144448
144448
64
0
144512
144512
64
0
144576
144576
64
0
144640
144640
64
0
144704
144704
64
0
144768
144768
64
0
144832
144832
64
0
144896
144896
64
0
144960
144960
64
0
145024
145024
64
0
145088
145088
64
0
145152
145152
64
0
145216
145216
64
0
145280
145280
64
0
145344
145344
64
0
145408
145408
64
0
145472
145472
64
0
145536
145536
64
0
145600
145600
64
0
145664
145664
64
0
145728
145728
64
0
145792
145792
64
0
145856
145856
64
0
145920
145920
64
0
145984
145984
64
0
146048
146048
64
0
146112
146112
64
0
146176
146176
64
0
146240
146240
64
0
146304
146304
64
0
146368
146368
64
0
146432
146432
64
0
146496
146496
64
0
146560
146560
64
0
146624
146624
64
0
146688
146688
64
0
146752
146752
64
0
146816
146816
64
0
146880
146880
64
0
146944
146944
64
0
147008
147008
64
0
147072
147072
64
0
147136
147136
64
0
147200
147200
64
0
147264
147264
64
0
147328
147328
64
0
147392
147392
64
0
147456
147456
64
0
147520
147520
64
0
147584
147584
64
0
147648
147648
64
0
147712
147712
64
0
147776
147776
64
0
147840
147840
64
0
147904
147904
64
0
147968
147968
64
0
148032
148032
64
0
148096
148096
64
0
148160
148160
64
0
148224
148224
64
0
148288
148288
64
0
148352
148352
64
0
148416
148416
64
0
148480
148480
64
0
148544
148544
64
0
148608
148608
64
0
148672
148672
64
0
148736
148736
64
0
148800
148800
64
0
148864
148864
64
0
148928
148928
64
0
148992
148992
64
0
149056
149056
64
0
149120
149120
64
0
149184
149184
64
0
149248
149248
64
0
149312
149312
64
0
149376
149376
64
0
149440
149440
64
0
149504
149504
64
0
149568
149568
64
0
149632
149632
64
0
149696
149696
64
0
149760
149760
64
0
149824
149824
64
0
149888
149888
64
0
149952
149952
64
0
150016
150016
64
0
150080
150080
64
0
150144
150144
64
0
150208
150208
64
0
150272
150272
64
0
150336
150336
64
0
150400
150400
64
0
150464
150464
64
0
150528
150528
64
0
150592
150592
64
0
150656
150656
64
0
150720
150720
64
0
150784
150784
64
0
150848
150848
64
0
150912
150912
64
0
150976
150976
64
0
151040
151040
64
0
151104
151104
64
0
151168
151168
64
0
151232
151232
64
0
151296
151296
64
0
151360
151360
64
0
151424
151424
64
0
151488
151488
64
0
151552
151552
64
0
151616
151616
64
0
151680
151680
64
0
151744
151744
64
0
151808
151808
64
0
151872
151872
64
0
151936
151936
64
0
152000
152000
64
0
152064
152064
64
0
152128
152128
64
0
152192
152192
64
0
152256
152256
64
0
152320
152320
64
0
152384
152384
64
0
152448
152448
64
0
152512
152512
64
0
152576
152576
64
0
152640
152640
64
0
152704
152704
64
0
152768
152768
64
0
152832
152832
64
0
152896
152896
64
0
152960
152960
64
0
153024
153024
64
0
153088
153088
64
0
153152
153152
64
0
153216
153216
64
0
153280
153280
64
0
153344
153344
64
0
153408
153408
64
0
153472
153472
64
0
153536
153536
64
0
153600
153600
64
0
153664
153664
64
0
153728
153728
64
0
153792
153792
64
0
153856
153856
64
0
153920
153920
64
0
153984
153984
64
0
154048
154048
64
0
154112
154112
64
0
154176
154176
64
0
154240
154240
64
0
154304
154304
64
0
154368
154368
64
0
154432
154432
64
0
154496
154496
64
0
154560
154560
64
0
154624
154624
64
0
154688
154688
64
0
154752
154752
64
0
154816
154816
64
0
154880
154880
64
0
154944
154944
64
0
155008
155008
64
0
155072
155072
64
0
155136
155136
64
0
155200
155200
64
0
155264
155264
64
0
155328
155328
64
0
155392
155392
64
0
155456
155456
64
0
155520
155520
64
0
155584
155584
64
0
155648
155648
64
0
155712
155712
64
0
155776
155776
64
0
155840
155840
64
0
155904
155904
64
0
155968
155968
64
0
156032
156032
64
0
156096
156096
64
0
156160
156160
64
0
156224
156224
64
0
156288
156288
64
0
156352
156352
64
0
156416
156416
64
0
156480
156480
64
0
156544
156544
64
0
156608
156608
64
0
156672
156672
64
0
156736
156736
64
0
156800
156800
64
0
156864
156864
64
0
156928
156928
64
0
156992
156992
64
0
157056
157056
64
0
157120
157120
64
0
157184
157184
64
0
157248
157248
64
0
157312
157312
64
0
157376
157376
64
0
157440
157440
64
0
157504
157504
64
0
157568
157568
64
0
157632
157632
64
0
157696
157696
64
0
157760
157760
64
0
157824
157824
64
0
157888
157888
64
0
157952
157952
64
0
158016
158016
64
0
158080
158080
64
0
158144
158144
64
0
158208
158208
64
0
158272
158272
64
0
158336
158336
64
0
158400
158400
64
0
158464
158464
64
0
158528
158528
64
0
158592
158592
64
0
158656
158656
64
0
158720
158720
64
0
158784
158784
64
0
158848
158848
64
0
158912
158912
64
0
158976
158976
64
0
159040
159040
64
0
159104
159104
64
0
159168
159168
64
0
159232
159232
64
0
159296
159296
64
0
159360
159360
64
0
159424
159424
64
0
159488
159488
64
0
159552
159552
64
0
159616
159616
64
0
159680
159680
64
0
159744
159744
64
0
159808
159808
64
0
159872
159872
64
0
159936
159936
64
0
160000
160000
64
0
160064
160064
64
0
160128
160128
64
0
160192
160192
64
0
160256
160256
64
0
160320
160320
64
0
160384
160384
64
0
160448
160448
64
0
160512
160512
64
0
160576
160576
64
0
160640
160640
64
0
160704
160704
64
0
160768
160768
64
0
160832
160832
64
0
160896
160896
64
0
160960
160960
64
0
161024
161024
64
0
161088
161088
64
0
161152
161152
64
0
161216
161216
64
0
161280
161280
64
0
161344
161344
64
0
161408
161408
64
0
161472
161472
64
0
161536
161536
64
0
161600
161600
64
0
161664
161664
64
0
161728
161728
64
0
161792
161792
64
0
161856
161856
64
0
161920
161920
64
0
161984
161984
64
0
162048
162048
64
0
162112
162112
64
0
162176
162176
64
0
162240
162240
64
0
162304
162304
64
0
162368
162368
64
0
162432
162432
64
0
162496
162496
64
0
162560
162560
64
0
162624
162624
64
0
162688
162688
64
0
162752
162752
64
0
162816
162816
64
0
162880
162880
64
0
162944
162944
64
0
163008
163008
64
0
163072
163072
64
0
163136
163136
64
0
163200
163200
64
0
163264
163264
64
0
163328
163328
64
0
163392
163392
64
0
163456
163456
64
0
163520
163520
64
0
163584
163584
64
0
163648
163648
64
0
163712
163712
64
0
163776
163776
64
0
163840
163840
64
0
163904
163904
64
0
163968
163968
64
0
164032
164032
64
0
164096
164096
64
0
164160
164160
64
0
164224
164224
64
0
164288
164288
64
0
164352
164352
64
0
164416
164416
64
0
164480
164480
64
0
164544
164544
64
0
164608
164608
64
0
164672
164672
64
0
164736
164736
64
0
164800
164800
64
0
164864
164864
64
0
164928
164928
64
0
164992
164992
64
0
165056
165056
64
0
165120
165120
64
0
165184
165184
64
0
165248
165248
64
0
165312
165312
64
0
165376
165376
64
0
165440
165440
64
0
165504
165504
64
0
165568
165568
64
0
165632
165632
64
0
165696
165696
64
0
165760
165760
64
0
165824
165824
64
0
165888
165888
64
0
165952
165952
64
0
166016
166016
64
0
166080
166080
64
0
166144
166144
64
0
166208
166208
64
0
166272
166272
64
0
166336
166336
64
0
166400
166400
64
0
166464
166464
64
0
166528
166528
64
0
166592
166592
64
0
166656
166656
64
0
166720
166720
64
0
166784
166784
64
0
166848
166848
64
0
166912
166912
64
0
166976
166976
64
0
167040
167040
64
0
167104
167104
64
0
167168
167168
64
0
167232
167232
64
0
167296
167296
64
0
167360
167360
64
0
167424
167424
64
0
167488
167488
64
0
167552
167552
64
0
167616
167616
64
0
167680
167680
64
0
167744
167744
64
0
167808
167808
64
0
167872
167872
64
0
167936
167936
64
0
168000
168000
64
0
168064
168064
64
0
168128
168128
64
0
168192
168192
64
0
168256
168256
64
0
168320
168320
64
0
168384
168384
64
0
168448
168448
64
0
168512
168512
64
0
168576
168576
64
0
168640
168640
64
0
168704
168704
64
0
168768
168768
64
0
168832
168832
64
0
168896
168896
64
0
168960
168960
64
0
169024
169024
64
0
169088
169088
64
0
169152
169152
64
0
169216
169216
64
0
169280
169280
64
0
169344
169344
64
0
169408
169408
64
0
169472
169472
64
0
169536
169536
64
0
169600
169600
64
0
169664
169664
64
0
169728
169728
64
0
169792
169792
64
0
169856
169856
64
0
169920
169920
64
0
169984
169984
64
0
170048
170048
64
0
170112
170112
64
0
170176
170176
64
0
170240
170240
64
0
170304
170304
64
0
170368
170368
64
0
170432
170432
64
0
170496
170496
64
0
170560
170560
64
0
170624
170624
64
0
170688
170688
64
0
170752
170752
64
0
170816
170816
64
0
170880
170880
64
0
170944
170944
64
0
171008
171008
64
0
171072
171072
64
0
171136
171136
64
0
171200
171200
64
0
171264
171264
64
0
171328
171328
64
0
171392
171392
64
0
171456
171456
64
0
171520
171520
64
0
171584
171584
64
0
171648
171648
64
0
171712
171712
64
0
171776
171776
64
0
171840
171840
64
0
171904
171904
64
0
171968
171968
64
0
172032
172032
64
0
172096
172096
64
0
172160
172160
64
0
172224
172224
64
0
172288
172288
64
0
172352
172352
64
0
172416
172416
64
0
172480
172480
64
0
172544
172544
64
0
172608
172608
64
0
172672
172672
64
0
172736
172736
64
0
172800
172800
64
0
172864
172864
64
0
172928
172928
64
0
172992
172992
64
0
173056
173056
64
0
173120
173120
64
0
173184
173184
64
0
173248
173248
64
0
173312
173312
64
0
173376
173376
64
0
173440
173440
64
0
173504
173504
64
0
173568
173568
64
0
173632
173632
64
0
173696
173696
64
0
173760
173760
64
0
173824
173824
64
0
173888
173888
64
0
173952
173952
64
0
174016
174016
64
0
174080
174080
64
0
174144
174144
64
0
174208
174208
64
0
174272
174272
64
0
174336
174336
64
0
174400
174400
64
0
174464
174464
64
0
174528
174528
64
0
174592
174592
64
0
174656
174656
64
0
174720
174720
64
0
174784
174784
64
0
174848
174848
64
0
174912
174912
64
0
174976
174976
64
0
175040
175040
64
0
175104
175104
64
0
175168
175168
64
0
175232
175232
64
0
175296
175296
64
0
175360
175360
64
0
175424
175424
64
0
175488
175488
64
0
175552
175552
64
0
175616
175616
64
0
175680
175680
64
0
175744
175744
64
0
175808
175808
64
0
175872
175872
64
0
175936
175936
64
0
176000
176000
64
0
176064
176064
64
0
176128
176128
64
0
176192
176192
64
0
176256
176256
64
0
176320
176320
64
0
176384
176384
64
0
176448
176448
64
0
176512
176512
64
0
176576
176576
64
0
176640
176640
64
0
176704
176704
64
0
176768
176768
64
0
176832
176832
64
0
176896
176896
64
0
176960
176960
64
0
177024
177024
64
0
177088
177088
64
0
177152
177152
64
0
177216
177216
64
0
177280
177280
64
0
177344
177344
64
0
177408
177408
64
0
177472
177472
64
0
177536
177536
64
0
177600
177600
64
0
177664
177664
64
0
177728
177728
64
0
177792
177792
64
0
177856
177856
64
0
177920
177920
64
0
177984
177984
64
0
178048
178048
64
0
178112
178112
64
0
178176
178176
64
0
178240
178240
64
0
178304
178304
64
0
178368
178368
64
0
178432
178432
64
0
178496
178496
64
0
178560
178560
64
0
178624
178624
64
0
178688
178688
64
0
178752
178752
64
0
178816
178816
64
0
178880
178880
64
0
178944
178944
64
0
179008
179008
64
0
179072
179072
64
0
179136
179136
64
0
179200
179200
64
0
179264
179264
64
0
179328
179328
64
0
179392
179392
64
0
179456
179456
64
0
179520
179520
64
0
179584
179584
64
0
179648
179648
64
0
179712
179712
64
0
179776
179776
64
0
179840
179840
64
0
179904
179904
64
0
179968
179968
64
0
180032
180032
64
0
180096
180096
64
0
180160
180160
64
0
180224
180224
64
0
180288
180288
64
0
180352
180352
64
0
180416
180416
64
0
180480
180480
64
0
180544
180544
64
0
180608
180608
64
0
180672
180672
64
0
180736
180736
64
0
180800
180800
64
0
180864
180864
64
0
180928
180928
64
0
180992
180992
64
0
181056
181056
64
0
181120
181120
64
0
181184
181184
64
0
181248
181248
64
0
181312
181312
64
0
181376
181376
64
0
181440
181440
64
0
181504
181504
64
0
181568
181568
64
0
181632
181632
64
0
181696
181696
64
0
181760
181760
64
0
181824
181824
64
0
181888
181888
64
0
181952
181952
64
0
182016
182016
64
0
182080
182080
64
0
182144
182144
64
0
182208
182208
64
0
182272
182272
64
0
182336
182336
64
0
182400
182400
64
0
182464
182464
64
0
182528
182528
64
0
182592
182592
64
0
182656
182656
64
0
182720
182720
64
0
182784
182784
64
0
182848
182848
64
0
182912
182912
64
0
182976
182976
64
0
183040
183040
64
0
183104
183104
64
0
183168
183168
64
0
183232
183232
64
0
183296
183296
64
0
183360
183360
64
0
183424
183424
64
0
183488
183488
64
0
183552
183552
64
0
183616
183616
64
0
183680
183680
64
0
183744
183744
64
0
183808
183808
64
0
183872
183872
64
0
183936
183936
64
0
184000
184000
64
0
184064
184064
64
0
184128
184128
64
0
184192
184192
64
0
184256
184256
64
0
184320
184320
64
0
184384
184384
64
0
184448
184448
64
0
184512
184512
64
0
184576
184576
64
0
184640
184640
64
0
184704
184704
64
0
184768
184768
64
0
184832
184832
64
0
184896
184896
64
0
184960
184960
64
0
185024
185024
64
0
185088
185088
64
0
185152
185152
64
0
185216
185216
64
0
185280
185280
64
0
185344
185344
64
0
185408
185408
64
0
185472
185472
64
0
185536
185536
64
0
185600
185600
64
0
185664
185664
64
0
185728
185728
64
0
185792
185792
64
0
185856
185856
64
0
185920
185920
64
0
185984
185984
64
0
186048
186048
64
0
186112
186112
64
0
186176
186176
64
0
186240
186240
64
0
186304
186304
64
0
186368
186368
64
0
186432
186432
64
0
186496
186496
64
0
186560
186560
64
0
186624
186624
64
0
186688
186688
64
0
186752
186752
64
0
186816
186816
64
0
186880
186880
64
0
186944
186944
64
0
187008
187008
64
0
187072
187072
64
0
187136
187136
64
0
187200
187200
64
0
187264
187264
64
0
187328
187328
64
0
187392
187392
64
0
187456
187456
64
0
187520
187520
64
0
187584
187584
64
0
187648
187648
64
0
187712
187712
64
0
187776
187776
64
0
187840
187840
64
0
187904
187904
64
0
187968
187968
64
0
188032
188032
64
0
188096
188096
64
0
188160
188160
64
0
188224
188224
64
0
188288
188288
64
0
188352
188352
64
0
188416
188416
64
0
188480
188480
64
0
188544
188544
64
0
188608
188608
64
0
188672
188672
64
0
188736
188736
64
0
188800
188800
64
0
188864
188864
64
0
188928
188928
64
0
188992
188992
64
0
189056
189056
64
0
189120
189120
64
0
189184
189184
64
0
189248
189248
64
0
189312
189312
64
0
189376
189376
64
0
189440
189440
64
0
189504
189504
64
0
189568
189568
64
0
189632
189632
64
0
189696
189696
64
0
189760
189760
64
0
189824
189824
64
0
189888
189888
64
0
189952
189952
64
0
190016
190016
64
0
190080
190080
64
0
190144
190144
64
0
190208
190208
64
0
190272
190272
64
0
190336
190336
64
0
190400
190400
64
0
190464
190464
64
0
190528
190528
64
0
190592
190592
64
0
190656
190656
64
0
190720
190720
64
0
190784
190784
64
0
190848
190848
64
0
190912
190912
64
0
190976
190976
64
0
191040
191040
64
0
191104
191104
64
0
191168
191168
64
0
191232
191232
64
0
191296
191296
64
0
191360
191360
64
0
191424
191424
64
0
191488
191488
64
0
191552
191552
64
0
191616
191616
64
0
191680
191680
64
0
191744
191744
64
0
191808
191808
64
0
191872
191872
64
0
191936
191936
64
0
192000
192000
64
0
192064
192064
64
0
192128
192128
64
0
192192
192192
64
0
192256
192256
64
0
192320
192320
64
0
192384
192384
64
0
192448
192448
64
0
192512
192512
64
0
192576
192576
64
0
192640
192640
64
0
192704
192704
64
0
192768
192768
64
0
192832
192832
64
0
192896
192896
64
0
192960
192960
64
0
193024
193024
64
0
193088
193088
64
0
193152
193152
64
0
193216
193216
64
0
193280
193280
64
0
193344
193344
64
0
193408
193408
64
0
193472
193472
64
0
193536
193536
64
0
193600
193600
64
0
193664
193664
64
0
193728
193728
64
0
193792
193792
64
0
193856
193856
64
0
193920
193920
64
0
193984
193984
64
0
194048
194048
64
0
194112
194112
64
0
194176
194176
64
0
194240
194240
64
0
194304
194304
64
0
194368
194368
64
0
194432
194432
64
0
194496
194496
64
0
194560
194560
64
0
194624
194624
64
0
194688
194688
64
0
194752
194752
64
0
194816
194816
64
0
194880
194880
64
0
194944
194944
64
0
195008
195008
64
0
195072
195072
64
0
195136
195136
64
0
195200
195200
64
0
195264
195264
64
0
195328
195328
64
0
195392
195392
64
0
195456
195456
64
0
195520
195520
64
0
195584
195584
64
0
195648
195648
64
0
195712
195712
64
0
195776
195776
64
0
195840
195840
64
0
195904
195904
64
0
195968
195968
64
0
196032
196032
64
0
196096
196096
64
0
196160
196160
64
0
196224
196224
64
0
196288
196288
64
0
196352
196352
64
0
196416
196416
64
0
196480
196480
64
0
196544
196544
64
0
196608
196608
64
0
196672
196672
64
0
196736
196736
64
0
196800
196800
64
0
196864
196864
64
0
196928
196928
64
0
196992
196992
64
0
197056
197056
64
0
197120
197120
64
0
197184
197184
64
0
197248
197248
64
0
197312
197312
64
0
197376
197376
64
0
197440
197440
64
0
197504
197504
64
0
197568
197568
64
0
197632
197632
64
0
197696
197696
64
0
197760
197760
64
0
197824
197824
64
0
197888
197888
64
0
197952
197952
64
0
198016
198016
64
0
198080
198080
64
0
198144
198144
64
0
198208
198208
64
0
198272
198272
64
0
198336
198336
64
0
198400
198400
64
0
198464
198464
64
0
198528
198528
64
0
198592
198592
64
0
198656
198656
64
0
198720
198720
64
0
198784
198784
64
0
198848
198848
64
0
198912
198912
64
0
198976
198976
64
0
199040
199040
64
0
199104
199104
64
0
199168
199168
64
0
199232
199232
64
0
199296
199296
64
0
199360
199360
64
0
199424
199424
64
0
199488
199488
64
0
199552
199552
64
0
199616
199616
64
0
199680
199680
64
0
199744
199744
64
0
199808
199808
64
0
199872
199872
64
0
199936
199936
64
0
200000
200000
64
0
200064
200064
64
0
200128
200128
64
0
200192
200192
64
0
200256
200256
64
0
200320
200320
64
0
200384
200384
64
0
200448
200448
64
0
200512
200512
64
0
200576
200576
64
0
200640
200640
64
0
