0
0
64
1
0
64
64
1
0
128
64
1
0
192
64
1
0
256
64
1
0
320
64
1
0
384
64
1
0
448
64
1
0
512
64
1
0
576
64
1
0
640
64
0
128
704
64
0
256
768
64
0
384
832
64
0
512
896
64
0
640
960
64
0
768
1024
64
0
896
1088
64
0
0
1152
64
1
1152
1216
64
0
1280
1280
64
0
1408
1344
64
0
1536
1408
64
0
1664
1472
64
0
1792
1536
64
0
1920
1600
64
0
2048
1664
64
0
0
1728
64
1
2304
1792
64
0
2432
1856
64
0
2560
1920
64
0
2688
1984
64
0
64
0
64
1
64
64
64
1
64
128
64
1
64
192
64
1
64
256
64
1
64
320
64
1
64
384
64
1
64
448
64
1
64
512
64
1
64
576
64
1
64
640
64
0
192
704
64
0
320
768
64
0
448
832
64
0
576
896
64
0
704
960
64
0
832
1024
64
0
960
1088
64
0
64
1152
64
1
1216
1216
64
0
1344
1280
64
0
1472
1344
64
0
1600
1408
64
0
1728
1472
64
0
1856
1536
64
0
1984
1600
64
0
2112
1664
64
0
64
1728
64
1
2368
1792
64
0
2496
1856
64
0
2624
1920
64
0
2752
1984
64
0
0
0
64
1
0
64
64
1
0
128
64
1
0
192
64
1
0
256
64
1
0
320
64
1
0
384
64
1
0
448
64
1
0
512
64
1
0
576
64
0
128
640
64
0
256
704
64
0
384
768
64
0
512
832
64
0
640
896
64
0
768
960
64
0
896
1024
64
0
1024
1088
64
0
1152
1152
64
0
1280
1216
64
0
1408
1280
64
0
1536
1344
64
0
1664
1408
64
0
1792
1472
64
0
1920
1536
64
0
2048
1600
64
0
2176
1664
64
0
2304
1728
64
0
2432
1792
64
0
2560
1856
64
0
2688
1920
64
0
2816
1984
64
0
64
0
64
1
64
64
64
1
64
128
64
1
64
192
64
1
64
256
64
1
64
320
64
1
64
384
64
1
64
448
64
1
64
512
64
1
64
576
64
0
192
640
64
0
320
704
64
0
448
768
64
0
576
832
64
0
704
896
64
0
832
960
64
0
960
1024
64
0
1088
1088
64
0
1216
1152
64
0
1344
1216
64
0
1472
1280
64
0
1600
1344
64
0
1728
1408
64
0
1856
1472
64
0
1984
1536
64
0
2112
1600
64
0
2240
1664
64
0
2368
1728
64
0
2496
1792
64
0
2624
1856
64
0
2752
1920
64
0
2880
1984
64
0
0
0
64
1
0
64
64
1
0
128
64
1
0
192
64
1
0
256
64
1
0
320
64
1
0
384
64
1
0
448
64
1
0
512
64
1
128
576
64
0
256
640
64
0
384
704
64
0
512
768
64
0
640
832
64
0
768
896
64
0
896
960
64
0
1024
1024
64
0
0
1088
64
1
1280
1152
64
0
1408
1216
64
0
1536
1280
64
0
1664
1344
64
0
1792
1408
64
0
1920
1472
64
0
2048
1536
64
0
2176
1600
64
0
0
1664
64
1
2432
1728
64
0
2560
1792
64
0
2688
1856
64
0
2816
1920
64
0
2944
1984
64
0
64
0
64
1
64
64
64
1
64
128
64
1
64
192
64
1
64
256
64
1
64
320
64
1
64
384
64
1
64
448
64
1
64
512
64
1
192
576
64
0
320
640
64
0
448
704
64
0
576
768
64
0
704
832
64
0
832
896
64
0
960
960
64
0
1088
1024
64
0
64
1088
64
1
1344
1152
64
0
1472
1216
64
0
1600
1280
64
0
1728
1344
64
0
1856
1408
64
0
1984
1472
64
0
2112
1536
64
0
2240
1600
64
0
64
1664
64
1
2496
1728
64
0
2624
1792
64
0
2752
1856
64
0
2880
1920
64
0
3008
1984
64
0
0
0
64
1
0
64
64
0
128
128
64
0
256
192
64
0
384
256
64
0
512
320
64
0
640
384
64
0
768
448
64
0
896
512
64
0
0
576
64
1
1152
640
64
0
1280
704
64
0
1408
768
64
0
1536
832
64
0
1664
896
64
0
1792
960
64
0
1920
1024
64
0
2048
1088
64
0
0
1152
64
1
2304
1216
64
0
2432
1280
64
0
2560
1344
64
0
2688
1408
64
0
2816
1472
64
0
2944
1536
64
0
3072
1600
64
0
3200
1664
64
0
0
1728
64
1
3456
1792
64
0
3584
1856
64
0
3712
1920
64
0
3840
1984
64
0
64
0
64
1
64
64
64
0
192
128
64
0
320
192
64
0
448
256
64
0
576
320
64
0
704
384
64
0
832
448
64
0
960
512
64
0
64
576
64
1
1216
640
64
0
1344
704
64
0
1472
768
64
0
1600
832
64
0
1728
896
64
0
1856
960
64
0
1984
1024
64
0
2112
1088
64
0
64
1152
64
1
2368
1216
64
0
2496
1280
64
0
2624
1344
64
0
2752
1408
64
0
2880
1472
64
0
3008
1536
64
0
3136
1600
64
0
3264
1664
64
0
64
1728
64
1
3520
1792
64
0
3648
1856
64
0
3776
1920
64
0
3904
1984
64
0
0
0
64
0
128
64
64
0
256
128
64
0
384
192
64
0
512
256
64
0
640
320
64
0
768
384
64
0
896
448
64
0
1024
512
64
0
1152
576
64
0
1280
640
64
0
1408
704
64
0
1536
768
64
0
1664
832
64
0
1792
896
64
0
1920
960
64
0
2048
1024
64
0
2176
1088
64
0
2304
1152
64
0
2432
1216
64
0
2560
1280
64
0
2688
1344
64
0
2816
1408
64
0
2944
1472
64
0
3072
1536
64
0
3200
1600
64
0
3328
1664
64
0
3456
1728
64
0
3584
1792
64
0
3712
1856
64
0
3840
1920
64
0
3968
1984
64
0
64
0
64
0
192
64
64
0
320
128
64
0
448
192
64
0
576
256
64
0
704
320
64
0
832
384
64
0
960
448
64
0
1088
512
64
0
1216
576
64
0
1344
640
64
0
1472
704
64
0
1600
768
64
0
1728
832
64
0
1856
896
64
0
1984
960
64
0
2112
1024
64
0
2240
1088
64
0
2368
1152
64
0
2496
1216
64
0
2624
1280
64
0
2752
1344
64
0
2880
1408
64
0
3008
1472
64
0
3136
1536
64
0
3264
1600
64
0
3392
1664
64
0
3520
1728
64
0
3648
1792
64
0
3776
1856
64
0
3904
1920
64
0
4032
1984
64
0
128
0
64
0
256
64
64
0
384
128
64
0
512
192
64
0
640
256
64
0
768
320
64
0
896
384
64
0
1024
448
64
0
0
512
64
1
1280
576
64
0
1408
640
64
0
1536
704
64
0
1664
768
64
0
1792
832
64
0
1920
896
64
0
2048
960
64
0
2176
1024
64
0
0
1088
64
1
2432
1152
64
0
2560
1216
64
0
2688
1280
64
0
2816
1344
64
0
2944
1408
64
0
3072
1472
64
0
3200
1536
64
0
3328
1600
64
0
0
1664
64
1
3584
1728
64
0
3712
1792
64
0
3840
1856
64
0
3968
1920
64
0
4096
1984
64
0
192
0
64
0
320
64
64
0
448
128
64
0
576
192
64
0
704
256
64
0
832
320
64
0
960
384
64
0
1088
448
64
0
64
512
64
1
1344
576
64
0
1472
640
64
0
1600
704
64
0
1728
768
64
0
1856
832
64
0
1984
896
64
0
2112
960
64
0
2240
1024
64
0
64
1088
64
1
2496
1152
64
0
2624
1216
64
0
2752
1280
64
0
2880
1344
64
0
3008
1408
64
0
3136
1472
64
0
3264
1536
64
0
3392
1600
64
0
64
1664
64
1
3648
1728
64
0
3776
1792
64
0
3904
1856
64
0
4032
1920
64
0
4160
1984
64
0
0
0
64
1
1152
64
64
0
1280
128
64
0
1408
192
64
0
1536
256
64
0
1664
320
64
0
1792
384
64
0
1920
448
64
0
2048
512
64
0
0
576
64
1
2304
640
64
0
2432
704
64
0
2560
768
64
0
2688
832
64
0
2816
896
64
0
2944
960
64
0
3072
1024
64
0
3200
1088
64
0
0
1152
64
1
3456
1216
64
0
3584
1280
64
0
3712
1344
64
0
3840
1408
64
0
3968
1472
64
0
4096
1536
64
0
4224
1600
64
0
4352
1664
64
0
0
1728
64
1
4608
1792
64
0
4736
1856
64
0
4864
1920
64
0
4992
1984
64
0
64
0
64
1
1216
64
64
0
1344
128
64
0
1472
192
64
0
1600
256
64
0
1728
320
64
0
1856
384
64
0
1984
448
64
0
2112
512
64
0
64
576
64
1
2368
640
64
0
2496
704
64
0
2624
768
64
0
2752
832
64
0
2880
896
64
0
3008
960
64
0
3136
1024
64
0
3264
1088
64
0
64
1152
64
1
3520
1216
64
0
3648
1280
64
0
3776
1344
64
0
3904
1408
64
0
4032
1472
64
0
4160
1536
64
0
4288
1600
64
0
4416
1664
64
0
64
1728
64
1
4672
1792
64
0
4800
1856
64
0
4928
1920
64
0
5056
1984
64
0
1152
0
64
0
1280
64
64
0
1408
128
64
0
1536
192
64
0
1664
256
64
0
1792
320
64
0
1920
384
64
0
2048
448
64
0
2176
512
64
0
2304
576
64
0
2432
640
64
0
2560
704
64
0
2688
768
64
0
2816
832
64
0
2944
896
64
0
3072
960
64
0
3200
1024
64
0
3328
1088
64
0
3456
1152
64
0
3584
1216
64
0
3712
1280
64
0
3840
1344
64
0
3968
1408
64
0
4096
1472
64
0
4224
1536
64
0
4352
1600
64
0
4480
1664
64
0
4608
1728
64
0
4736
1792
64
0
4864
1856
64
0
4992
1920
64
0
5120
1984
64
0
1216
0
64
0
1344
64
64
0
1472
128
64
0
1600
192
64
0
1728
256
64
0
1856
320
64
0
1984
384
64
0
2112
448
64
0
2240
512
64
0
2368
576
64
0
2496
640
64
0
2624
704
64
0
2752
768
64
0
2880
832
64
0
3008
896
64
0
3136
960
64
0
3264
1024
64
0
3392
1088
64
0
3520
1152
64
0
3648
1216
64
0
3776
1280
64
0
3904
1344
64
0
4032
1408
64
0
4160
1472
64
0
4288
1536
64
0
4416
1600
64
0
4544
1664
64
0
4672
1728
64
0
4800
1792
64
0
4928
1856
64
0
5056
1920
64
0
5184
1984
64
0
1280
0
64
0
1408
64
64
0
1536
128
64
0
1664
192
64
0
1792
256
64
0
1920
320
64
0
2048
384
64
0
2176
448
64
0
0
512
64
1
2432
576
64
0
2560
640
64
0
2688
704
64
0
2816
768
64
0
2944
832
64
0
3072
896
64
0
3200
960
64
0
3328
1024
64
0
0
1088
64
1
3584
1152
64
0
3712
1216
64
0
3840
1280
64
0
3968
1344
64
0
4096
1408
64
0
4224
1472
64
0
4352
1536
64
0
4480
1600
64
0
0
1664
64
1
4736
1728
64
0
4864
1792
64
0
4992
1856
64
0
5120
1920
64
0
5248
1984
64
0
1344
0
64
0
1472
64
64
0
1600
128
64
0
1728
192
64
0
1856
256
64
0
1984
320
64
0
2112
384
64
0
2240
448
64
0
64
512
64
1
2496
576
64
0
2624
640
64
0
2752
704
64
0
2880
768
64
0
3008
832
64
0
3136
896
64
0
3264
960
64
0
3392
1024
64
0
64
1088
64
1
3648
1152
64
0
3776
1216
64
0
3904
1280
64
0
4032
1344
64
0
4160
1408
64
0
4288
1472
64
0
4416
1536
64
0
4544
1600
64
0
64
1664
64
1
4800
1728
64
0
4928
1792
64
0
5056
1856
64
0
5184
1920
64
0
5312
1984
64
0
2816
0
64
0
2944
64
64
0
3072
128
64
0
3200
192
64
0
0
256
64
1
3456
320
64
0
3584
384
64
0
3712
448
64
0
3840
512
64
0
3968
576
64
0
4096
640
64
0
4224
704
64
0
4352
768
64
0
0
832
64
1
4608
896
64
0
4736
960
64
0
4864
1024
64
0
4992
1088
64
0
5120
1152
64
0
5248
1216
64
0
5376
1280
64
0
5504
1344
64
0
0
1408
64
1
5760
1472
64
0
5888
1536
64
0
6016
1600
64
0
6144
1664
64
0
6272
1728
64
0
6400
1792
64
0
6528
1856
64
0
6656
1920
64
0
0
1984
64
1
2880
0
64
0
3008
64
64
0
3136
128
64
0
3264
192
64
0
64
256
64
1
3520
320
64
0
3648
384
64
0
3776
448
64
0
3904
512
64
0
4032
576
64
0
4160
640
64
0
4288
704
64
0
4416
768
64
0
64
832
64
1
4672
896
64
0
4800
960
64
0
4928
1024
64
0
5056
1088
64
0
5184
1152
64
0
5312
1216
64
0
5440
1280
64
0
5568
1344
64
0
64
1408
64
1
5824
1472
64
0
5952
1536
64
0
6080
1600
64
0
6208
1664
64
0
6336
1728
64
0
6464
1792
64
0
6592
1856
64
0
6720
1920
64
0
64
1984
64
1
2944
0
64
0
3072
64
64
0
3200
128
64
0
3328
192
64
0
3456
256
64
0
3584
320
64
0
3712
384
64
0
3840
448
64
0
3968
512
64
0
4096
576
64
0
4224
640
64
0
4352
704
64
0
4480
768
64
0
4608
832
64
0
4736
896
64
0
4864
960
64
0
4992
1024
64
0
5120
1088
64
0
5248
1152
64
0
5376
1216
64
0
5504
1280
64
0
5632
1344
64
0
5760
1408
64
0
5888
1472
64
0
6016
1536
64
0
6144
1600
64
0
6272
1664
64
0
6400
1728
64
0
6528
1792
64
0
6656
1856
64
0
6784
1920
64
0
6912
1984
64
0
3008
0
64
0
3136
64
64
0
3264
128
64
0
3392
192
64
0
3520
256
64
0
3648
320
64
0
3776
384
64
0
3904
448
64
0
4032
512
64
0
4160
576
64
0
4288
640
64
0
4416
704
64
0
4544
768
64
0
4672
832
64
0
4800
896
64
0
4928
960
64
0
5056
1024
64
0
5184
1088
64
0
5312
1152
64
0
5440
1216
64
0
5568
1280
64
0
5696
1344
64
0
5824
1408
64
0
5952
1472
64
0
6080
1536
64
0
6208
1600
64
0
6336
1664
64
0
6464
1728
64
0
6592
1792
64
0
6720
1856
64
0
6848
1920
64
0
6976
1984
64
0
3072
0
64
0
3200
64
64
0
3328
128
64
0
0
192
64
1
3584
256
64
0
3712
320
64
0
3840
384
64
0
3968
448
64
0
4096
512
64
0
4224
576
64
0
4352
640
64
0
4480
704
64
0
0
768
64
1
4736
832
64
0
4864
896
64
0
4992
960
64
0
5120
1024
64
0
5248
1088
64
0
5376
1152
64
0
5504
1216
64
0
5632
1280
64
0
0
1344
64
1
5888
1408
64
0
6016
1472
64
0
6144
1536
64
0
6272
1600
64
0
6400
1664
64
0
6528
1728
64
0
6656
1792
64
0
6784
1856
64
0
0
1920
64
1
7040
1984
64
0
3136
0
64
0
3264
64
64
0
3392
128
64
0
64
192
64
1
3648
256
64
0
3776
320
64
0
3904
384
64
0
4032
448
64
0
4160
512
64
0
4288
576
64
0
4416
640
64
0
4544
704
64
0
64
768
64
1
4800
832
64
0
4928
896
64
0
5056
960
64
0
5184
1024
64
0
5312
1088
64
0
5440
1152
64
0
5568
1216
64
0
5696
1280
64
0
64
1344
64
1
5952
1408
64
0
6080
1472
64
0
6208
1536
64
0
6336
1600
64
0
6464
1664
64
0
6592
1728
64
0
6720
1792
64
0
6848
1856
64
0
64
1920
64
1
7104
1984
64
0
3968
0
64
0
4096
64
64
0
4224
128
64
0
4352
192
64
0
0
256
64
1
4608
320
64
0
4736
384
64
0
4864
448
64
0
4992
512
64
0
5120
576
64
0
5248
640
64
0
5376
704
64
0
5504
768
64
0
0
832
64
1
5760
896
64
0
5888
960
64
0
6016
1024
64
0
6144
1088
64
0
6272
1152
64
0
6400
1216
64
0
6528
1280
64
0
6656
1344
64
0
0
1408
64
1
6912
1472
64
0
7040
1536
64
0
7168
1600
64
0
7296
1664
64
0
7424
1728
64
0
7552
1792
64
0
7680
1856
64
0
7808
1920
64
0
0
1984
64
1
4032
0
64
0
4160
64
64
0
4288
128
64
0
4416
192
64
0
64
256
64
1
4672
320
64
0
4800
384
64
0
4928
448
64
0
5056
512
64
0
5184
576
64
0
5312
640
64
0
5440
704
64
0
5568
768
64
0
64
832
64
1
5824
896
64
0
5952
960
64
0
6080
1024
64
0
6208
1088
64
0
6336
1152
64
0
6464
1216
64
0
6592
1280
64
0
6720
1344
64
0
64
1408
64
1
6976
1472
64
0
7104
1536
64
0
7232
1600
64
0
7360
1664
64
0
7488
1728
64
0
7616
1792
64
0
7744
1856
64
0
7872
1920
64
0
64
1984
64
1
4096
0
64
0
4224
64
64
0
4352
128
64
0
4480
192
64
0
4608
256
64
0
4736
320
64
0
4864
384
64
0
4992
448
64
0
5120
512
64
0
5248
576
64
0
5376
640
64
0
5504
704
64
0
5632
768
64
0
5760
832
64
0
5888
896
64
0
6016
960
64
0
6144
1024
64
0
6272
1088
64
0
6400
1152
64
0
6528
1216
64
0
6656
1280
64
0
6784
1344
64
0
6912
1408
64
0
7040
1472
64
0
7168
1536
64
0
7296
1600
64
0
7424
1664
64
0
7552
1728
64
0
7680
1792
64
0
7808
1856
64
0
7936
1920
64
0
8064
1984
64
0
4160
0
64
0
4288
64
64
0
4416
128
64
0
4544
192
64
0
4672
256
64
0
4800
320
64
0
4928
384
64
0
5056
448
64
0
5184
512
64
0
5312
576
64
0
5440
640
64
0
5568
704
64
0
5696
768
64
0
5824
832
64
0
5952
896
64
0
6080
960
64
0
6208
1024
64
0
6336
1088
64
0
6464
1152
64
0
6592
1216
64
0
6720
1280
64
0
6848
1344
64
0
6976
1408
64
0
7104
1472
64
0
7232
1536
64
0
7360
1600
64
0
7488
1664
64
0
7616
1728
64
0
7744
1792
64
0
7872
1856
64
0
8000
1920
64
0
8128
1984
64
0
4224
0
64
0
4352
64
64
0
4480
128
64
0
0
192
64
1
4736
256
64
0
4864
320
64
0
4992
384
64
0
5120
448
64
0
5248
512
64
0
5376
576
64
0
5504
640
64
0
5632
704
64
0
0
768
64
1
5888
832
64
0
6016
896
64
0
6144
960
64
0
6272
1024
64
0
6400
1088
64
0
6528
1152
64
0
6656
1216
64
0
6784
1280
64
0
0
1344
64
1
7040
1408
64
0
7168
1472
64
0
7296
1536
64
0
7424
1600
64
0
7552
1664
64
0
7680
1728
64
0
7808
1792
64
0
7936
1856
64
0
0
1920
64
1
8192
1984
64
0
4288
0
64
0
4416
64
64
0
4544
128
64
0
64
192
64
1
4800
256
64
0
4928
320
64
0
5056
384
64
0
5184
448
64
0
5312
512
64
0
5440
576
64
0
5568
640
64
0
5696
704
64
0
64
768
64
1
5952
832
64
0
6080
896
64
0
6208
960
64
0
6336
1024
64
0
6464
1088
64
0
6592
1152
64
0
6720
1216
64
0
6848
1280
64
0
64
1344
64
1
7104
1408
64
0
7232
1472
64
0
7360
1536
64
0
7488
1600
64
0
7616
1664
64
0
7744
1728
64
0
7872
1792
64
0
8000
1856
64
0
64
1920
64
1
8256
1984
64
0
5120
0
64
0
5248
64
64
0
5376
128
64
0
5504
192
64
0
0
256
64
1
5760
320
64
0
5888
384
64
0
6016
448
64
0
6144
512
64
0
6272
576
64
0
6400
640
64
0
6528
704
64
0
6656
768
64
0
0
832
64
1
6912
896
64
0
7040
960
64
0
7168
1024
64
0
7296
1088
64
0
7424
1152
64
0
7552
1216
64
0
7680
1280
64
0
7808
1344
64
0
0
1408
64
1
8064
1472
64
0
8192
1536
64
0
8320
1600
64
0
8448
1664
64
0
8576
1728
64
0
8704
1792
64
0
8832
1856
64
0
8960
1920
64
0
0
1984
64
1
5184
0
64
0
5312
64
64
0
5440
128
64
0
5568
192
64
0
64
256
64
1
5824
320
64
0
5952
384
64
0
6080
448
64
0
6208
512
64
0
6336
576
64
0
6464
640
64
0
6592
704
64
0
6720
768
64
0
64
832
64
1
6976
896
64
0
7104
960
64
0
7232
1024
64
0
7360
1088
64
0
7488
1152
64
0
7616
1216
64
0
7744
1280
64
0
7872
1344
64
0
64
1408
64
1
8128
1472
64
0
8256
1536
64
0
8384
1600
64
0
8512
1664
64
0
8640
1728
64
0
8768
1792
64
0
8896
1856
64
0
9024
1920
64
0
64
1984
64
1
5248
0
64
0
5376
64
64
0
5504
128
64
0
5632
192
64
0
5760
256
64
0
5888
320
64
0
6016
384
64
0
6144
448
64
0
6272
512
64
0
6400
576
64
0
6528
640
64
0
6656
704
64
0
6784
768
64
0
6912
832
64
0
7040
896
64
0
7168
960
64
0
7296
1024
64
0
7424
1088
64
0
7552
1152
64
0
7680
1216
64
0
7808
1280
64
0
7936
1344
64
0
8064
1408
64
0
8192
1472
64
0
8320
1536
64
0
8448
1600
64
0
8576
1664
64
0
8704
1728
64
0
8832
1792
64
0
8960
1856
64
0
9088
1920
64
0
9216
1984
64
0
5312
0
64
0
5440
64
64
0
5568
128
64
0
5696
192
64
0
5824
256
64
0
5952
320
64
0
6080
384
64
0
6208
448
64
0
6336
512
64
0
6464
576
64
0
6592
640
64
0
6720
704
64
0
6848
768
64
0
6976
832
64
0
7104
896
64
0
7232
960
64
0
7360
1024
64
0
7488
1088
64
0
7616
1152
64
0
7744
1216
64
0
7872
1280
64
0
8000
1344
64
0
8128
1408
64
0
8256
1472
64
0
8384
1536
64
0
8512
1600
64
0
8640
1664
64
0
8768
1728
64
0
8896
1792
64
0
9024
1856
64
0
9152
1920
64
0
9280
1984
64
0
5376
0
64
0
5504
64
64
0
5632
128
64
0
0
192
64
1
5888
256
64
0
6016
320
64
0
6144
384
64
0
6272
448
64
0
6400
512
64
0
6528
576
64
0
6656
640
64
0
6784
704
64
0
0
768
64
1
7040
832
64
0
7168
896
64
0
7296
960
64
0
7424
1024
64
0
7552
1088
64
0
7680
1152
64
0
7808
1216
64
0
7936
1280
64
0
0
1344
64
1
8192
1408
64
0
8320
1472
64
0
8448
1536
64
0
8576
1600
64
0
8704
1664
64
0
8832
1728
64
0
8960
1792
64
0
9088
1856
64
0
0
1920
64
1
9344
1984
64
0
5440
0
64
0
5568
64
64
0
5696
128
64
0
64
192
64
1
5952
256
64
0
6080
320
64
0
6208
384
64
0
6336
448
64
0
6464
512
64
0
6592
576
64
0
6720
640
64
0
6848
704
64
0
64
768
64
1
7104
832
64
0
7232
896
64
0
7360
960
64
0
7488
1024
64
0
7616
1088
64
0
7744
1152
64
0
7872
1216
64
0
8000
1280
64
0
64
1344
64
1
8256
1408
64
0
8384
1472
64
0
8512
1536
64
0
8640
1600
64
0
8768
1664
64
0
8896
1728
64
0
9024
1792
64
0
9152
1856
64
0
64
1920
64
1
9408
1984
64
0
6912
0
64
0
7040
64
64
0
7168
128
64
0
7296
192
64
0
7424
256
64
0
7552
320
64
0
7680
384
64
0
7808
448
64
0
0
512
64
1
8064
576
64
0
8192
640
64
0
8320
704
64
0
8448
768
64
0
8576
832
64
0
8704
896
64
0
8832
960
64
0
8960
1024
64
0
0
1088
64
1
0
1152
64
1
0
1216
64
1
0
1280
64
1
0
1344
64
1
0
1408
64
1
0
1472
64
1
0
1536
64
1
0
1600
64
1
0
1664
64
1
0
1728
64
1
0
1792
64
1
0
1856
64
1
0
1920
64
1
0
1984
64
1
6976
0
64
0
7104
64
64
0
7232
128
64
0
7360
192
64
0
7488
256
64
0
7616
320
64
0
7744
384
64
0
7872
448
64
0
64
512
64
1
8128
576
64
0
8256
640
64
0
8384
704
64
0
8512
768
64
0
8640
832
64
0
8768
896
64
0
8896
960
64
0
9024
1024
64
0
64
1088
64
1
64
1152
64
1
64
1216
64
1
64
1280
64
1
64
1344
64
1
64
1408
64
1
64
1472
64
1
64
1536
64
1
64
1600
64
1
64
1664
64
1
64
1728
64
1
64
1792
64
1
64
1856
64
1
64
1920
64
1
64
1984
64
1
7040
0
64
0
7168
64
64
0
7296
128
64
0
7424
192
64
0
7552
256
64
0
7680
320
64
0
7808
384
64
0
7936
448
64
0
8064
512
64
0
8192
576
64
0
8320
640
64
0
8448
704
64
0
8576
768
64
0
8704
832
64
0
8832
896
64
0
8960
960
64
0
9088
1024
64
0
128
1088
64
1
128
1152
64
1
128
1216
64
1
128
1280
64
1
128
1344
64
1
128
1408
64
1
128
1472
64
1
128
1536
64
1
128
1600
64
1
128
1664
64
1
128
1728
64
1
128
1792
64
1
128
1856
64
1
128
1920
64
1
128
1984
64
1
7104
0
64
0
7232
64
64
0
7360
128
64
0
7488
192
64
0
7616
256
64
0
7744
320
64
0
7872
384
64
0
8000
448
64
0
8128
512
64
0
8256
576
64
0
8384
640
64
0
8512
704
64
0
8640
768
64
0
8768
832
64
0
8896
896
64
0
9024
960
64
0
9152
1024
64
0
192
1088
64
1
192
1152
64
1
192
1216
64
1
192
1280
64
1
192
1344
64
1
192
1408
64
1
192
1472
64
1
192
1536
64
1
192
1600
64
1
192
1664
64
1
192
1728
64
1
192
1792
64
1
192
1856
64
1
192
1920
64
1
192
1984
64
1
7168
0
64
0
7296
64
64
0
7424
128
64
0
7552
192
64
0
7680
256
64
0
7808
320
64
0
7936
384
64
0
0
448
64
1
8192
512
64
0
8320
576
64
0
8448
640
64
0
8576
704
64
0
8704
768
64
0
8832
832
64
0
8960
896
64
0
9088
960
64
0
0
1024
64
1
256
1088
64
1
256
1152
64
1
256
1216
64
1
256
1280
64
1
256
1344
64
1
256
1408
64
1
256
1472
64
1
256
1536
64
1
256
1600
64
1
256
1664
64
1
256
1728
64
1
256
1792
64
1
256
1856
64
1
256
1920
64
1
256
1984
64
1
7232
0
64
0
7360
64
64
0
7488
128
64
0
7616
192
64
0
7744
256
64
0
7872
320
64
0
8000
384
64
0
64
448
64
1
8256
512
64
0
8384
576
64
0
8512
640
64
0
8640
704
64
0
8768
768
64
0
8896
832
64
0
9024
896
64
0
9152
960
64
0
64
1024
64
1
320
1088
64
1
320
1152
64
1
320
1216
64
1
320
1280
64
1
320
1344
64
1
320
1408
64
1
320
1472
64
1
320
1536
64
1
320
1600
64
1
320
1664
64
1
320
1728
64
1
320
1792
64
1
320
1856
64
1
320
1920
64
1
320
1984
64
1
8064
0
64
0
8192
64
64
0
8320
128
64
0
8448
192
64
0
8576
256
64
0
8704
320
64
0
8832
384
64
0
8960
448
64
0
0
512
64
1
9216
576
64
0
9344
640
64
0
9472
704
64
0
9600
768
64
0
9728
832
64
0
9856
896
64
0
9984
960
64
0
10112
1024
64
0
384
1088
64
1
384
1152
64
1
384
1216
64
1
384
1280
64
1
384
1344
64
1
384
1408
64
1
384
1472
64
1
384
1536
64
1
384
1600
64
1
384
1664
64
1
384
1728
64
1
384
1792
64
1
384
1856
64
1
384
1920
64
1
384
1984
64
1
8128
0
64
0
8256
64
64
0
8384
128
64
0
8512
192
64
0
8640
256
64
0
8768
320
64
0
8896
384
64
0
9024
448
64
0
64
512
64
1
9280
576
64
0
9408
640
64
0
9536
704
64
0
9664
768
64
0
9792
832
64
0
9920
896
64
0
10048
960
64
0
10176
1024
64
0
448
1088
64
1
448
1152
64
1
448
1216
64
1
448
1280
64
1
448
1344
64
1
448
1408
64
1
448
1472
64
1
448
1536
64
1
448
1600
64
1
448
1664
64
1
448
1728
64
1
448
1792
64
1
448
1856
64
1
448
1920
64
1
448
1984
64
1
8192
0
64
0
8320
64
64
0
8448
128
64
0
8576
192
64
0
8704
256
64
0
8832
320
64
0
8960
384
64
0
9088
448
64
0
9216
512
64
0
9344
576
64
0
9472
640
64
0
9600
704
64
0
9728
768
64
0
9856
832
64
0
9984
896
64
0
10112
960
64
0
10240
1024
64
0
512
1088
64
1
512
1152
64
1
512
1216
64
1
512
1280
64
1
512
1344
64
1
512
1408
64
1
512
1472
64
1
512
1536
64
1
512
1600
64
1
512
1664
64
1
512
1728
64
1
512
1792
64
1
512
1856
64
1
512
1920
64
1
512
1984
64
1
8256
0
64
0
8384
64
64
0
8512
128
64
0
8640
192
64
0
8768
256
64
0
8896
320
64
0
9024
384
64
0
9152
448
64
0
9280
512
64
0
9408
576
64
0
9536
640
64
0
9664
704
64
0
9792
768
64
0
9920
832
64
0
10048
896
64
0
10176
960
64
0
10304
1024
64
0
576
1088
64
1
576
1152
64
1
576
1216
64
1
576
1280
64
1
576
1344
64
1
576
1408
64
1
576
1472
64
1
576
1536
64
1
576
1600
64
1
576
1664
64
1
576
1728
64
1
576
1792
64
1
576
1856
64
1
576
1920
64
1
576
1984
64
1
8320
0
64
0
8448
64
64
0
8576
128
64
0
8704
192
64
0
8832
256
64
0
8960
320
64
0
9088
384
64
0
0
448
64
1
9344
512
64
0
9472
576
64
0
9600
640
64
0
9728
704
64
0
9856
768
64
0
9984
832
64
0
10112
896
64
0
10240
960
64
0
0
1024
64
1
640
1088
64
1
640
1152
64
1
640
1216
64
1
640
1280
64
1
640
1344
64
1
640
1408
64
1
640
1472
64
1
640
1536
64
1
640
1600
64
1
640
1664
64
1
640
1728
64
1
640
1792
64
1
640
1856
64
1
640
1920
64
1
640
1984
64
1
8384
0
64
0
8512
64
64
0
8640
128
64
0
8768
192
64
0
8896
256
64
0
9024
320
64
0
9152
384
64
0
64
448
64
1
9408
512
64
0
9536
576
64
0
9664
640
64
0
9792
704
64
0
9920
768
64
0
10048
832
64
0
10176
896
64
0
10304
960
64
0
64
1024
64
1
704
1088
64
1
704
1152
64
1
704
1216
64
1
704
1280
64
1
704
1344
64
1
704
1408
64
1
704
1472
64
1
704
1536
64
1
704
1600
64
1
704
1664
64
1
704
1728
64
1
704
1792
64
1
704
1856
64
1
704
1920
64
1
704
1984
64
1
9216
0
64
0
9344
64
64
0
9472
128
64
0
9600
192
64
0
9728
256
64
0
9856
320
64
0
9984
384
64
0
10112
448
64
0
0
512
64
1
0
576
64
1
0
640
64
1
0
704
64
1
0
768
64
1
0
832
64
1
0
896
64
1
0
960
64
1
0
1024
64
1
768
1088
64
1
768
1152
64
1
768
1216
64
1
768
1280
64
1
768
1344
64
1
768
1408
64
1
768
1472
64
1
768
1536
64
1
768
1600
64
1
768
1664
64
1
768
1728
64
1
768
1792
64
1
768
1856
64
1
768
1920
64
1
768
1984
64
1
9280
0
64
0
9408
64
64
0
9536
128
64
0
9664
192
64
0
9792
256
64
0
9920
320
64
0
10048
384
64
0
10176
448
64
0
64
512
64
1
64
576
64
1
64
640
64
1
64
704
64
1
64
768
64
1
64
832
64
1
64
896
64
1
64
960
64
1
64
1024
64
1
832
1088
64
1
832
1152
64
1
832
1216
64
1
832
1280
64
1
832
1344
64
1
832
1408
64
1
832
1472
64
1
832
1536
64
1
832
1600
64
1
832
1664
64
1
832
1728
64
1
832
1792
64
1
832
1856
64
1
832
1920
64
1
832
1984
64
1
9344
0
64
0
9472
64
64
0
9600
128
64
0
9728
192
64
0
9856
256
64
0
9984
320
64
0
10112
384
64
0
10240
448
64
0
0
512
64
1
0
576
64
1
0
640
64
1
0
704
64
1
0
768
64
1
0
832
64
1
0
896
64
1
0
960
64
1
0
1024
64
1
896
1088
64
1
896
1152
64
1
896
1216
64
1
896
1280
64
1
896
1344
64
1
896
1408
64
1
896
1472
64
1
896
1536
64
1
896
1600
64
1
896
1664
64
1
896
1728
64
1
896
1792
64
1
896
1856
64
1
896
1920
64
1
896
1984
64
1
9408
0
64
0
9536
64
64
0
9664
128
64
0
9792
192
64
0
9920
256
64
0
10048
320
64
0
10176
384
64
0
10304
448
64
0
64
512
64
1
64
576
64
1
64
640
64
1
64
704
64
1
64
768
64
1
64
832
64
1
64
896
64
1
64
960
64
1
64
1024
64
1
960
1088
64
1
960
1152
64
1
960
1216
64
1
960
1280
64
1
960
1344
64
1
960
1408
64
1
960
1472
64
1
960
1536
64
1
960
1600
64
1
960
1664
64
1
960
1728
64
1
960
1792
64
1
960
1856
64
1
960
1920
64
1
960
1984
64
1
9472
0
64
0
9600
64
64
0
9728
128
64
0
9856
192
64
0
9984
256
64
0
10112
320
64
0
10240
384
64
0
0
448
64
1
0
512
64
1
0
576
64
1
0
640
64
1
0
704
64
1
0
768
64
1
0
832
64
1
0
896
64
1
0
960
64
1
0
1024
64
1
1024
1088
64
1
1024
1152
64
1
1024
1216
64
1
1024
1280
64
1
1024
1344
64
1
1024
1408
64
1
1024
1472
64
1
1024
1536
64
1
1024
1600
64
1
1024
1664
64
1
1024
1728
64
1
1024
1792
64
1
1024
1856
64
1
1024
1920
64
1
1024
1984
64
1
9536
0
64
0
9664
64
64
0
9792
128
64
0
9920
192
64
0
10048
256
64
0
10176
320
64
0
10304
384
64
0
64
448
64
1
64
512
64
1
64
576
64
1
64
640
64
1
64
704
64
1
64
768
64
1
64
832
64
1
64
896
64
1
64
960
64
1
64
1024
64
1
1088
1088
64
1
1088
1152
64
1
1088
1216
64
1
1088
1280
64
1
1088
1344
64
1
1088
1408
64
1
1088
1472
64
1
1088
1536
64
1
1088
1600
64
1
1088
1664
64
1
1088
1728
64
1
1088
1792
64
1
1088
1856
64
1
1088
1920
64
1
1088
1984
64
1
