0
0
64
0
64
64
64
0
128
128
64
0
192
192
64
0
256
256
64
0
320
320
64
0
384
384
64
0
448
448
64
0
512
512
64
0
576
576
64
0
640
640
64
0
704
704
64
0
768
768
64
0
832
832
64
0
896
896
64
0
960
960
64
0
1024
1024
64
0
1088
1088
64
0
1152
1152
64
0
1216
1216
64
0
1280
1280
64
0
1344
1344
64
0
1408
1408
64
0
1472
1472
64
0
1536
1536
64
0
1600
1600
64
0
1664
1664
64
0
1728
1728
64
0
1792
1792
64
0
1856
1856
64
0
1920
1920
64
0
1984
1984
64
0
2048
0
64
0
2112
64
64
0
2176
128
64
0
2240
192
64
0
2304
256
64
0
2368
320
64
0
2432
384
64
0
2496
448
64
0
2560
512
64
0
2624
576
64
0
2688
640
64
0
2752
704
64
0
2816
768
64
0
2880
832
64
0
2944
896
64
0
3008
960
64
0
3072
1024
64
0
3136
1088
64
0
3200
1152
64
0
3264
1216
64
0
3328
1280
64
0
3392
1344
64
0
3456
1408
64
0
3520
1472
64
0
3584
1536
64
0
3648
1600
64
0
3712
1664
64
0
3776
1728
64
0
3840
1792
64
0
3904
1856
64
0
3968
1920
64
0
4032
1984
64
0
4096
0
64
0
4160
64
64
0
4224
128
64
0
4288
192
64
0
4352
256
64
0
4416
320
64
0
4480
384
64
0
4544
448
64
0
4608
512
64
0
4672
576
64
0
4736
640
64
0
4800
704
64
0
4864
768
64
0
4928
832
64
0
4992
896
64
0
5056
960
64
0
5120
1024
64
0
5184
1088
64
0
5248
1152
64
0
5312
1216
64
0
5376
1280
64
0
5440
1344
64
0
5504
1408
64
0
5568
1472
64
0
5632
1536
64
0
5696
1600
64
0
5760
1664
64
0
5824
1728
64
0
5888
1792
64
0
5952
1856
64
0
6016
1920
64
0
6080
1984
64
0
6144
0
64
0
6208
64
64
0
6272
128
64
0
6336
192
64
0
0
256
64
1
0
320
64
1
0
384
64
1
0
448
64
1
0
512
64
1
0
576
64
1
0
640
64
1
0
704
64
1
0
768
64
1
0
832
64
1
0
896
64
1
0
960
64
1
0
1024
64
1
0
1088
64
1
0
1152
64
1
0
1216
64
1
0
1280
64
1
0
1344
64
1
0
1408
64
1
0
1472
64
1
0
1536
64
1
0
1600
64
1
0
1664
64
1
0
1728
64
1
0
1792
64
1
0
1856
64
1
0
1920
64
1
0
1984
64
1
