0
0
32
0
32
32
32
0
64
64
32
0
96
96
32
0
128
128
32
0
160
160
32
0
192
192
32
0
224
224
32
0
256
256
32
0
288
288
32
0
320
320
32
0
352
352
32
0
384
384
32
0
416
416
32
0
448
448
32
0
480
480
32
0
512
512
32
0
544
544
32
0
576
576
32
0
608
608
32
0
640
640
32
0
672
672
32
0
704
704
32
0
736
736
32
0
768
768
32
0
800
800
32
0
832
832
32
0
864
864
32
0
896
896
32
0
928
928
32
0
960
960
32
0
992
992
32
0
1024
0
32
0
1056
32
32
0
1088
64
32
0
1120
96
32
0
1152
128
32
0
1184
160
32
0
1216
192
32
0
1248
224
32
0
1280
256
32
0
1312
288
32
0
1344
320
32
0
1376
352
32
0
1408
384
32
0
1440
416
32
0
1472
448
32
0
1504
480
32
0
1536
512
32
0
1568
544
32
0
1600
576
32
0
1632
608
32
0
1664
640
32
0
1696
672
32
0
1728
704
32
0
1760
736
32
0
1792
768
32
0
1824
800
32
0
1856
832
32
0
1888
864
32
0
1920
896
32
0
1952
928
32
0
1984
960
32
0
2016
992
32
0
