0
0
64
1
0
64
64
1
0
128
64
1
0
192
64
1
0
256
64
1
1152
320
64
0
1408
384
64
0
1664
448
64
0
0
512
64
1
3200
576
64
0
3456
640
64
0
3712
704
64
0
0
768
64
1
5248
832
64
0
5504
896
64
0
5760
960
64
0
0
1024
64
1
0
1088
64
1
0
1152
64
1
0
1216
64
1
0
1280
64
1
0
1344
64
1
0
1408
64
1
0
1472
64
1
0
1536
64
1
0
1600
64
1
0
1664
64
1
0
1728
64
1
0
1792
64
1
0
1856
64
1
0
1920
64
1
0
1984
64
1
64
0
64
1
64
64
64
1
64
128
64
1
64
192
64
1
64
256
64
1
1216
320
64
0
1472
384
64
0
1728
448
64
0
64
512
64
1
3264
576
64
0
3520
640
64
0
3776
704
64
0
64
768
64
1
5312
832
64
0
5568
896
64
0
5824
960
64
0
64
1024
64
1
64
1088
64
1
64
1152
64
1
64
1216
64
1
64
1280
64
1
64
1344
64
1
64
1408
64
1
64
1472
64
1
64
1536
64
1
64
1600
64
1
64
1664
64
1
64
1728
64
1
64
1792
64
1
64
1856
64
1
64
1920
64
1
64
1984
64
1
0
0
64
1
0
64
64
1
0
128
64
1
0
192
64
1
1024
256
64
0
1280
320
64
0
1536
384
64
0
1792
448
64
0
3072
512
64
0
3328
576
64
0
3584
640
64
0
3840
704
64
0
5120
768
64
0
5376
832
64
0
5632
896
64
0
5888
960
64
0
128
1024
64
1
128
1088
64
1
128
1152
64
1
128
1216
64
1
128
1280
64
1
128
1344
64
1
128
1408
64
1
128
1472
64
1
128
1536
64
1
128
1600
64
1
128
1664
64
1
128
1728
64
1
128
1792
64
1
128
1856
64
1
128
1920
64
1
128
1984
64
1
64
0
64
1
64
64
64
1
64
128
64
1
64
192
64
1
1088
256
64
0
1344
320
64
0
1600
384
64
0
1856
448
64
0
3136
512
64
0
3392
576
64
0
3648
640
64
0
3904
704
64
0
5184
768
64
0
5440
832
64
0
5696
896
64
0
5952
960
64
0
192
1024
64
1
192
1088
64
1
192
1152
64
1
192
1216
64
1
192
1280
64
1
192
1344
64
1
192
1408
64
1
192
1472
64
1
192
1536
64
1
192
1600
64
1
192
1664
64
1
192
1728
64
1
192
1792
64
1
192
1856
64
1
192
1920
64
1
192
1984
64
1
0
0
64
1
0
64
64
1
0
128
64
1
0
192
64
1
1152
256
64
0
1408
320
64
0
1664
384
64
0
1920
448
64
0
3200
512
64
0
3456
576
64
0
3712
640
64
0
3968
704
64
0
5248
768
64
0
5504
832
64
0
5760
896
64
0
6016
960
64
0
256
1024
64
1
256
1088
64
1
256
1152
64
1
256
1216
64
1
256
1280
64
1
256
1344
64
1
256
1408
64
1
256
1472
64
1
256
1536
64
1
256
1600
64
1
256
1664
64
1
256
1728
64
1
256
1792
64
1
256
1856
64
1
256
1920
64
1
256
1984
64
1
64
0
64
1
64
64
64
1
64
128
64
1
64
192
64
1
1216
256
64
0
1472
320
64
0
1728
384
64
0
1984
448
64
0
3264
512
64
0
3520
576
64
0
3776
640
64
0
4032
704
64
0
5312
768
64
0
5568
832
64
0
5824
896
64
0
6080
960
64
0
320
1024
64
1
320
1088
64
1
320
1152
64
1
320
1216
64
1
320
1280
64
1
320
1344
64
1
320
1408
64
1
320
1472
64
1
320
1536
64
1
320
1600
64
1
320
1664
64
1
320
1728
64
1
320
1792
64
1
320
1856
64
1
320
1920
64
1
320
1984
64
1
0
0
64
1
128
64
64
0
384
128
64
0
640
192
64
0
0
256
64
1
2176
320
64
0
2432
384
64
0
2688
448
64
0
0
512
64
1
4224
576
64
0
4480
640
64
0
4736
704
64
0
0
768
64
1
6272
832
64
0
6528
896
64
0
6784
960
64
0
384
1024
64
1
384
1088
64
1
384
1152
64
1
384
1216
64
1
384
1280
64
1
384
1344
64
1
384
1408
64
1
384
1472
64
1
384
1536
64
1
384
1600
64
1
384
1664
64
1
384
1728
64
1
384
1792
64
1
384
1856
64
1
384
1920
64
1
384
1984
64
1
64
0
64
1
192
64
64
0
448
128
64
0
704
192
64
0
64
256
64
1
2240
320
64
0
2496
384
64
0
2752
448
64
0
64
512
64
1
4288
576
64
0
4544
640
64
0
4800
704
64
0
64
768
64
1
6336
832
64
0
6592
896
64
0
6848
960
64
0
448
1024
64
1
448
1088
64
1
448
1152
64
1
448
1216
64
1
448
1280
64
1
448
1344
64
1
448
1408
64
1
448
1472
64
1
448
1536
64
1
448
1600
64
1
448
1664
64
1
448
1728
64
1
448
1792
64
1
448
1856
64
1
448
1920
64
1
448
1984
64
1
0
0
64
0
256
64
64
0
512
128
64
0
768
192
64
0
2048
256
64
0
2304
320
64
0
2560
384
64
0
2816
448
64
0
4096
512
64
0
4352
576
64
0
4608
640
64
0
4864
704
64
0
6144
768
64
0
6400
832
64
0
6656
896
64
0
6912
960
64
0
512
1024
64
1
512
1088
64
1
512
1152
64
1
512
1216
64
1
512
1280
64
1
512
1344
64
1
512
1408
64
1
512
1472
64
1
512
1536
64
1
512
1600
64
1
512
1664
64
1
512
1728
64
1
512
1792
64
1
512
1856
64
1
512
1920
64
1
512
1984
64
1
64
0
64
0
320
64
64
0
576
128
64
0
832
192
64
0
2112
256
64
0
2368
320
64
0
2624
384
64
0
2880
448
64
0
4160
512
64
0
4416
576
64
0
4672
640
64
0
4928
704
64
0
6208
768
64
0
6464
832
64
0
6720
896
64
0
6976
960
64
0
576
1024
64
1
576
1088
64
1
576
1152
64
1
576
1216
64
1
576
1280
64
1
576
1344
64
1
576
1408
64
1
576
1472
64
1
576
1536
64
1
576
1600
64
1
576
1664
64
1
576
1728
64
1
576
1792
64
1
576
1856
64
1
576
1920
64
1
576
1984
64
1
128
0
64
0
384
64
64
0
640
128
64
0
896
192
64
0
2176
256
64
0
2432
320
64
0
2688
384
64
0
2944
448
64
0
4224
512
64
0
4480
576
64
0
4736
640
64
0
4992
704
64
0
6272
768
64
0
6528
832
64
0
6784
896
64
0
7040
960
64
0
640
1024
64
1
640
1088
64
1
640
1152
64
1
640
1216
64
1
640
1280
64
1
640
1344
64
1
640
1408
64
1
640
1472
64
1
640
1536
64
1
640
1600
64
1
640
1664
64
1
640
1728
64
1
640
1792
64
1
640
1856
64
1
640
1920
64
1
640
1984
64
1
192
0
64
0
448
64
64
0
704
128
64
0
960
192
64
0
2240
256
64
0
2496
320
64
0
2752
384
64
0
3008
448
64
0
4288
512
64
0
4544
576
64
0
4800
640
64
0
5056
704
64
0
6336
768
64
0
6592
832
64
0
6848
896
64
0
7104
960
64
0
704
1024
64
1
704
1088
64
1
704
1152
64
1
704
1216
64
1
704
1280
64
1
704
1344
64
1
704
1408
64
1
704
1472
64
1
704
1536
64
1
704
1600
64
1
704
1664
64
1
704
1728
64
1
704
1792
64
1
704
1856
64
1
704
1920
64
1
704
1984
64
1
0
0
64
1
1152
64
64
0
1408
128
64
0
1664
192
64
0
0
256
64
1
3200
320
64
0
3456
384
64
0
3712
448
64
0
0
512
64
1
5248
576
64
0
5504
640
64
0
5760
704
64
0
0
768
64
1
7296
832
64
0
7552
896
64
0
7808
960
64
0
768
1024
64
1
768
1088
64
1
768
1152
64
1
768
1216
64
1
768
1280
64
1
768
1344
64
1
768
1408
64
1
768
1472
64
1
768
1536
64
1
768
1600
64
1
768
1664
64
1
768
1728
64
1
768
1792
64
1
768
1856
64
1
768
1920
64
1
768
1984
64
1
64
0
64
1
1216
64
64
0
1472
128
64
0
1728
192
64
0
64
256
64
1
3264
320
64
0
3520
384
64
0
3776
448
64
0
64
512
64
1
5312
576
64
0
5568
640
64
0
5824
704
64
0
64
768
64
1
7360
832
64
0
7616
896
64
0
7872
960
64
0
832
1024
64
1
832
1088
64
1
832
1152
64
1
832
1216
64
1
832
1280
64
1
832
1344
64
1
832
1408
64
1
832
1472
64
1
832
1536
64
1
832
1600
64
1
832
1664
64
1
832
1728
64
1
832
1792
64
1
832
1856
64
1
832
1920
64
1
832
1984
64
1
1024
0
64
0
1280
64
64
0
1536
128
64
0
1792
192
64
0
3072
256
64
0
3328
320
64
0
3584
384
64
0
3840
448
64
0
5120
512
64
0
5376
576
64
0
5632
640
64
0
5888
704
64
0
7168
768
64
0
7424
832
64
0
7680
896
64
0
7936
960
64
0
896
1024
64
1
896
1088
64
1
896
1152
64
1
896
1216
64
1
896
1280
64
1
896
1344
64
1
896
1408
64
1
896
1472
64
1
896
1536
64
1
896
1600
64
1
896
1664
64
1
896
1728
64
1
896
1792
64
1
896
1856
64
1
896
1920
64
1
896
1984
64
1
1088
0
64
0
1344
64
64
0
1600
128
64
0
1856
192
64
0
3136
256
64
0
3392
320
64
0
3648
384
64
0
3904
448
64
0
5184
512
64
0
5440
576
64
0
5696
640
64
0
5952
704
64
0
7232
768
64
0
7488
832
64
0
7744
896
64
0
8000
960
64
0
960
1024
64
1
960
1088
64
1
960
1152
64
1
960
1216
64
1
960
1280
64
1
960
1344
64
1
960
1408
64
1
960
1472
64
1
960
1536
64
1
960
1600
64
1
960
1664
64
1
960
1728
64
1
960
1792
64
1
960
1856
64
1
960
1920
64
1
960
1984
64
1
1152
0
64
0
1408
64
64
0
1664
128
64
0
1920
192
64
0
3200
256
64
0
3456
320
64
0
3712
384
64
0
3968
448
64
0
5248
512
64
0
5504
576
64
0
5760
640
64
0
6016
704
64
0
7296
768
64
0
7552
832
64
0
7808
896
64
0
8064
960
64
0
1024
1024
64
1
1024
1088
64
1
1024
1152
64
1
1024
1216
64
1
1024
1280
64
1
1024
1344
64
1
1024
1408
64
1
1024
1472
64
1
1024
1536
64
1
1024
1600
64
1
1024
1664
64
1
1024
1728
64
1
1024
1792
64
1
1024
1856
64
1
1024
1920
64
1
1024
1984
64
1
1216
0
64
0
1472
64
64
0
1728
128
64
0
1984
192
64
0
3264
256
64
0
3520
320
64
0
3776
384
64
0
4032
448
64
0
5312
512
64
0
5568
576
64
0
5824
640
64
0
6080
704
64
0
7360
768
64
0
7616
832
64
0
7872
896
64
0
8128
960
64
0
1088
1024
64
1
1088
1088
64
1
1088
1152
64
1
1088
1216
64
1
1088
1280
64
1
1088
1344
64
1
1088
1408
64
1
1088
1472
64
1
1088
1536
64
1
1088
1600
64
1
1088
1664
64
1
1088
1728
64
1
1088
1792
64
1
1088
1856
64
1
1088
1920
64
1
1088
1984
64
1
