0
0
64
1
0
64
64
1
0
128
64
1
0
192
64
1
0
256
64
1
0
320
64
1
0
384
64
1
0
448
64
1
0
512
64
1
0
576
64
1
0
640
64
1
0
704
64
1
0
768
64
1
0
832
64
1
0
896
64
1
0
960
64
1
0
1024
64
1
0
1088
64
1
704
1152
64
0
832
1216
64
0
960
1280
64
0
1088
1344
64
0
1216
1408
64
0
0
1472
64
1
0
1536
64
1
0
1600
64
1
1984
1664
64
0
2112
1728
64
0
2240
1792
64
0
2368
1856
64
0
2496
1920
64
0
0
1984
64
1
0
0
64
1
0
64
64
1
3264
128
64
0
3392
192
64
0
3520
256
64
0
3648
320
64
0
3776
384
64
0
0
448
64
1
0
512
64
1
0
576
64
1
4544
640
64
0
4672
704
64
0
4800
768
64
0
4928
832
64
0
5056
896
64
0
0
960
64
1
0
1024
64
1
0
1088
64
1
5824
1152
64
0
5952
1216
64
0
6080
1280
64
0
6208
1344
64
0
6336
1408
64
0
0
1472
64
1
0
1536
64
1
0
1600
64
1
0
1664
64
1
0
1728
64
1
0
1792
64
1
0
1856
64
1
0
1920
64
1
0
1984
64
1
