0
0
64
0
512
64
64
0
1024
128
64
0
1536
192
64
0
2048
256
64
0
2560
320
64
0
3072
384
64
0
3584
448
64
0
4096
512
64
0
4608
576
64
0
5120
640
64
0
5632
704
64
0
6144
768
64
0
6656
832
64
0
14336
896
64
0
14848
960
64
0
15360
1024
64
0
15872
1088
64
0
16384
1152
64
0
16896
1216
64
0
17408
1280
64
0
17920
1344
64
0
18432
1408
64
0
18944
1472
64
0
19456
1536
64
0
19968
1600
64
0
20480
1664
64
0
20992
1728
64
0
28672
1792
64
0
29184
1856
64
0
29696
1920
64
0
30208
1984
64
0
64
0
64
0
576
64
64
0
1088
128
64
0
1600
192
64
0
2112
256
64
0
2624
320
64
0
3136
384
64
0
3648
448
64
0
4160
512
64
0
4672
576
64
0
5184
640
64
0
5696
704
64
0
6208
768
64
0
6720
832
64
0
14400
896
64
0
14912
960
64
0
15424
1024
64
0
15936
1088
64
0
16448
1152
64
0
16960
1216
64
0
17472
1280
64
0
17984
1344
64
0
18496
1408
64
0
19008
1472
64
0
19520
1536
64
0
20032
1600
64
0
20544
1664
64
0
21056
1728
64
0
28736
1792
64
0
29248
1856
64
0
29760
1920
64
0
30272
1984
64
0
128
0
64
0
640
64
64
0
1152
128
64
0
1664
192
64
0
2176
256
64
0
2688
320
64
0
3200
384
64
0
3712
448
64
0
4224
512
64
0
4736
576
64
0
5248
640
64
0
5760
704
64
0
6272
768
64
0
6784
832
64
0
14464
896
64
0
14976
960
64
0
15488
1024
64
0
16000
1088
64
0
16512
1152
64
0
17024
1216
64
0
17536
1280
64
0
18048
1344
64
0
18560
1408
64
0
19072
1472
64
0
19584
1536
64
0
20096
1600
64
0
20608
1664
64
0
21120
1728
64
0
28800
1792
64
0
29312
1856
64
0
29824
1920
64
0
30336
1984
64
0
192
0
64
0
704
64
64
0
1216
128
64
0
1728
192
64
0
2240
256
64
0
2752
320
64
0
3264
384
64
0
3776
448
64
0
4288
512
64
0
4800
576
64
0
5312
640
64
0
5824
704
64
0
6336
768
64
0
6848
832
64
0
14528
896
64
0
15040
960
64
0
15552
1024
64
0
16064
1088
64
0
16576
1152
64
0
17088
1216
64
0
17600
1280
64
0
18112
1344
64
0
18624
1408
64
0
19136
1472
64
0
19648
1536
64
0
20160
1600
64
0
20672
1664
64
0
21184
1728
64
0
28864
1792
64
0
29376
1856
64
0
29888
1920
64
0
30400
1984
64
0
30720
0
64
0
31232
64
64
0
31744
128
64
0
32256
192
64
0
32768
256
64
0
33280
320
64
0
33792
384
64
0
34304
448
64
0
34816
512
64
0
35328
576
64
0
43008
640
64
0
43520
704
64
0
44032
768
64
0
44544
832
64
0
45056
896
64
0
45568
960
64
0
46080
1024
64
0
46592
1088
64
0
47104
1152
64
0
47616
1216
64
0
48128
1280
64
0
48640
1344
64
0
49152
1408
64
0
49664
1472
64
0
57344
1536
64
0
57856
1600
64
0
58368
1664
64
0
58880
1728
64
0
59392
1792
64
0
59904
1856
64
0
60416
1920
64
0
60928
1984
64
0
30784
0
64
0
31296
64
64
0
31808
128
64
0
32320
192
64
0
32832
256
64
0
33344
320
64
0
33856
384
64
0
34368
448
64
0
34880
512
64
0
35392
576
64
0
43072
640
64
0
43584
704
64
0
44096
768
64
0
44608
832
64
0
45120
896
64
0
45632
960
64
0
46144
1024
64
0
46656
1088
64
0
47168
1152
64
0
47680
1216
64
0
48192
1280
64
0
48704
1344
64
0
49216
1408
64
0
49728
1472
64
0
57408
1536
64
0
57920
1600
64
0
58432
1664
64
0
58944
1728
64
0
59456
1792
64
0
59968
1856
64
0
60480
1920
64
0
60992
1984
64
0
30848
0
64
0
31360
64
64
0
31872
128
64
0
32384
192
64
0
32896
256
64
0
33408
320
64
0
33920
384
64
0
34432
448
64
0
34944
512
64
0
35456
576
64
0
43136
640
64
0
43648
704
64
0
44160
768
64
0
44672
832
64
0
45184
896
64
0
45696
960
64
0
46208
1024
64
0
46720
1088
64
0
47232
1152
64
0
47744
1216
64
0
48256
1280
64
0
48768
1344
64
0
49280
1408
64
0
49792
1472
64
0
57472
1536
64
0
57984
1600
64
0
58496
1664
64
0
59008
1728
64
0
59520
1792
64
0
60032
1856
64
0
60544
1920
64
0
61056
1984
64
0
30912
0
64
0
31424
64
64
0
31936
128
64
0
32448
192
64
0
32960
256
64
0
33472
320
64
0
33984
384
64
0
34496
448
64
0
35008
512
64
0
35520
576
64
0
43200
640
64
0
43712
704
64
0
44224
768
64
0
44736
832
64
0
45248
896
64
0
45760
960
64
0
46272
1024
64
0
46784
1088
64
0
47296
1152
64
0
47808
1216
64
0
48320
1280
64
0
48832
1344
64
0
49344
1408
64
0
49856
1472
64
0
57536
1536
64
0
58048
1600
64
0
58560
1664
64
0
59072
1728
64
0
59584
1792
64
0
60096
1856
64
0
60608
1920
64
0
61120
1984
64
0
61440
0
64
0
61952
64
64
0
62464
128
64
0
62976
192
64
0
63488
256
64
0
64000
320
64
0
71680
384
64
0
72192
448
64
0
72704
512
64
0
73216
576
64
0
73728
640
64
0
74240
704
64
0
74752
768
64
0
75264
832
64
0
75776
896
64
0
76288
960
64
0
76800
1024
64
0
77312
1088
64
0
77824
1152
64
0
78336
1216
64
0
86016
1280
64
0
86528
1344
64
0
87040
1408
64
0
87552
1472
64
0
88064
1536
64
0
88576
1600
64
0
89088
1664
64
0
89600
1728
64
0
90112
1792
64
0
90624
1856
64
0
91136
1920
64
0
91648
1984
64
0
61504
0
64
0
62016
64
64
0
62528
128
64
0
63040
192
64
0
63552
256
64
0
64064
320
64
0
71744
384
64
0
72256
448
64
0
72768
512
64
0
73280
576
64
0
73792
640
64
0
74304
704
64
0
74816
768
64
0
75328
832
64
0
75840
896
64
0
76352
960
64
0
76864
1024
64
0
77376
1088
64
0
77888
1152
64
0
78400
1216
64
0
86080
1280
64
0
86592
1344
64
0
87104
1408
64
0
87616
1472
64
0
88128
1536
64
0
88640
1600
64
0
89152
1664
64
0
89664
1728
64
0
90176
1792
64
0
90688
1856
64
0
91200
1920
64
0
91712
1984
64
0
61568
0
64
0
62080
64
64
0
62592
128
64
0
63104
192
64
0
63616
256
64
0
64128
320
64
0
71808
384
64
0
72320
448
64
0
72832
512
64
0
73344
576
64
0
73856
640
64
0
74368
704
64
0
74880
768
64
0
75392
832
64
0
75904
896
64
0
76416
960
64
0
76928
1024
64
0
77440
1088
64
0
77952
1152
64
0
78464
1216
64
0
86144
1280
64
0
86656
1344
64
0
87168
1408
64
0
87680
1472
64
0
88192
1536
64
0
88704
1600
64
0
89216
1664
64
0
89728
1728
64
0
90240
1792
64
0
90752
1856
64
0
91264
1920
64
0
91776
1984
64
0
61632
0
64
0
62144
64
64
0
62656
128
64
0
63168
192
64
0
63680
256
64
0
64192
320
64
0
71872
384
64
0
72384
448
64
0
72896
512
64
0
73408
576
64
0
73920
640
64
0
74432
704
64
0
74944
768
64
0
75456
832
64
0
75968
896
64
0
76480
960
64
0
76992
1024
64
0
77504
1088
64
0
78016
1152
64
0
78528
1216
64
0
86208
1280
64
0
86720
1344
64
0
87232
1408
64
0
87744
1472
64
0
88256
1536
64
0
88768
1600
64
0
89280
1664
64
0
89792
1728
64
0
90304
1792
64
0
90816
1856
64
0
91328
1920
64
0
91840
1984
64
0
92160
0
64
0
92672
64
64
0
100352
128
64
0
100864
192
64
0
101376
256
64
0
101888
320
64
0
102400
384
64
0
102912
448
64
0
103424
512
64
0
103936
576
64
0
104448
640
64
0
104960
704
64
0
105472
768
64
0
105984
832
64
0
106496
896
64
0
107008
960
64
0
114688
1024
64
0
115200
1088
64
0
115712
1152
64
0
116224
1216
64
0
116736
1280
64
0
117248
1344
64
0
117760
1408
64
0
118272
1472
64
0
118784
1536
64
0
119296
1600
64
0
119808
1664
64
0
120320
1728
64
0
120832
1792
64
0
121344
1856
64
0
129024
1920
64
0
129536
1984
64
0
92224
0
64
0
92736
64
64
0
100416
128
64
0
100928
192
64
0
101440
256
64
0
101952
320
64
0
102464
384
64
0
102976
448
64
0
103488
512
64
0
104000
576
64
0
104512
640
64
0
105024
704
64
0
105536
768
64
0
106048
832
64
0
106560
896
64
0
107072
960
64
0
114752
1024
64
0
115264
1088
64
0
115776
1152
64
0
116288
1216
64
0
116800
1280
64
0
117312
1344
64
0
117824
1408
64
0
118336
1472
64
0
118848
1536
64
0
119360
1600
64
0
119872
1664
64
0
120384
1728
64
0
120896
1792
64
0
121408
1856
64
0
129088
1920
64
0
129600
1984
64
0
92288
0
64
0
92800
64
64
0
100480
128
64
0
100992
192
64
0
101504
256
64
0
102016
320
64
0
102528
384
64
0
103040
448
64
0
103552
512
64
0
104064
576
64
0
104576
640
64
0
105088
704
64
0
105600
768
64
0
106112
832
64
0
106624
896
64
0
107136
960
64
0
114816
1024
64
0
115328
1088
64
0
115840
1152
64
0
116352
1216
64
0
116864
1280
64
0
117376
1344
64
0
117888
1408
64
0
118400
1472
64
0
118912
1536
64
0
119424
1600
64
0
119936
1664
64
0
120448
1728
64
0
120960
1792
64
0
121472
1856
64
0
129152
1920
64
0
129664
1984
64
0
92352
0
64
0
92864
64
64
0
100544
128
64
0
101056
192
64
0
101568
256
64
0
102080
320
64
0
102592
384
64
0
103104
448
64
0
103616
512
64
0
104128
576
64
0
104640
640
64
0
105152
704
64
0
105664
768
64
0
106176
832
64
0
106688
896
64
0
107200
960
64
0
114880
1024
64
0
115392
1088
64
0
115904
1152
64
0
116416
1216
64
0
116928
1280
64
0
117440
1344
64
0
117952
1408
64
0
118464
1472
64
0
118976
1536
64
0
119488
1600
64
0
120000
1664
64
0
120512
1728
64
0
121024
1792
64
0
121536
1856
64
0
129216
1920
64
0
129728
1984
64
0
130048
0
64
0
130560
64
64
0
131072
128
64
0
131584
192
64
0
132096
256
64
0
132608
320
64
0
133120
384
64
0
133632
448
64
0
134144
512
64
0
134656
576
64
0
135168
640
64
0
135680
704
64
0
143360
768
64
0
143872
832
64
0
144384
896
64
0
144896
960
64
0
145408
1024
64
0
145920
1088
64
0
146432
1152
64
0
146944
1216
64
0
147456
1280
64
0
147968
1344
64
0
148480
1408
64
0
148992
1472
64
0
149504
1536
64
0
150016
1600
64
0
157696
1664
64
0
158208
1728
64
0
158720
1792
64
0
159232
1856
64
0
159744
1920
64
0
160256
1984
64
0
130112
0
64
0
130624
64
64
0
131136
128
64
0
131648
192
64
0
132160
256
64
0
132672
320
64
0
133184
384
64
0
133696
448
64
0
134208
512
64
0
134720
576
64
0
135232
640
64
0
135744
704
64
0
143424
768
64
0
143936
832
64
0
144448
896
64
0
144960
960
64
0
145472
1024
64
0
145984
1088
64
0
146496
1152
64
0
147008
1216
64
0
147520
1280
64
0
148032
1344
64
0
148544
1408
64
0
149056
1472
64
0
149568
1536
64
0
150080
1600
64
0
157760
1664
64
0
158272
1728
64
0
158784
1792
64
0
159296
1856
64
0
159808
1920
64
0
160320
1984
64
0
130176
0
64
0
130688
64
64
0
131200
128
64
0
131712
192
64
0
132224
256
64
0
132736
320
64
0
133248
384
64
0
133760
448
64
0
134272
512
64
0
134784
576
64
0
135296
640
64
0
135808
704
64
0
143488
768
64
0
144000
832
64
0
144512
896
64
0
145024
960
64
0
145536
1024
64
0
146048
1088
64
0
146560
1152
64
0
147072
1216
64
0
147584
1280
64
0
148096
1344
64
0
148608
1408
64
0
149120
1472
64
0
149632
1536
64
0
150144
1600
64
0
157824
1664
64
0
158336
1728
64
0
158848
1792
64
0
159360
1856
64
0
159872
1920
64
0
160384
1984
64
0
130240
0
64
0
130752
64
64
0
131264
128
64
0
131776
192
64
0
132288
256
64
0
132800
320
64
0
133312
384
64
0
133824
448
64
0
134336
512
64
0
134848
576
64
0
135360
640
64
0
135872
704
64
0
143552
768
64
0
144064
832
64
0
144576
896
64
0
145088
960
64
0
145600
1024
64
0
146112
1088
64
0
146624
1152
64
0
147136
1216
64
0
147648
1280
64
0
148160
1344
64
0
148672
1408
64
0
149184
1472
64
0
149696
1536
64
0
150208
1600
64
0
157888
1664
64
0
158400
1728
64
0
158912
1792
64
0
159424
1856
64
0
159936
1920
64
0
160448
1984
64
0
160768
0
64
0
161280
64
64
0
161792
128
64
0
162304
192
64
0
162816
256
64
0
163328
320
64
0
163840
384
64
0
164352
448
64
0
172032
512
64
0
172544
576
64
0
173056
640
64
0
173568
704
64
0
174080
768
64
0
174592
832
64
0
175104
896
64
0
175616
960
64
0
176128
1024
64
0
176640
1088
64
0
177152
1152
64
0
177664
1216
64
0
178176
1280
64
0
178688
1344
64
0
186368
1408
64
0
186880
1472
64
0
187392
1536
64
0
187904
1600
64
0
188416
1664
64
0
188928
1728
64
0
189440
1792
64
0
189952
1856
64
0
190464
1920
64
0
190976
1984
64
0
160832
0
64
0
161344
64
64
0
161856
128
64
0
162368
192
64
0
162880
256
64
0
163392
320
64
0
163904
384
64
0
164416
448
64
0
172096
512
64
0
172608
576
64
0
173120
640
64
0
173632
704
64
0
174144
768
64
0
174656
832
64
0
175168
896
64
0
175680
960
64
0
176192
1024
64
0
176704
1088
64
0
177216
1152
64
0
177728
1216
64
0
178240
1280
64
0
178752
1344
64
0
186432
1408
64
0
186944
1472
64
0
187456
1536
64
0
187968
1600
64
0
188480
1664
64
0
188992
1728
64
0
189504
1792
64
0
190016
1856
64
0
190528
1920
64
0
191040
1984
64
0
160896
0
64
0
161408
64
64
0
161920
128
64
0
162432
192
64
0
162944
256
64
0
163456
320
64
0
163968
384
64
0
164480
448
64
0
172160
512
64
0
172672
576
64
0
173184
640
64
0
173696
704
64
0
174208
768
64
0
174720
832
64
0
175232
896
64
0
175744
960
64
0
176256
1024
64
0
176768
1088
64
0
177280
1152
64
0
177792
1216
64
0
178304
1280
64
0
178816
1344
64
0
186496
1408
64
0
187008
1472
64
0
187520
1536
64
0
188032
1600
64
0
188544
1664
64
0
189056
1728
64
0
189568
1792
64
0
190080
1856
64
0
190592
1920
64
0
191104
1984
64
0
160960
0
64
0
161472
64
64
0
161984
128
64
0
162496
192
64
0
163008
256
64
0
163520
320
64
0
164032
384
64
0
164544
448
64
0
172224
512
64
0
172736
576
64
0
173248
640
64
0
173760
704
64
0
174272
768
64
0
174784
832
64
0
175296
896
64
0
175808
960
64
0
176320
1024
64
0
176832
1088
64
0
177344
1152
64
0
177856
1216
64
0
178368
1280
64
0
178880
1344
64
0
186560
1408
64
0
187072
1472
64
0
187584
1536
64
0
188096
1600
64
0
188608
1664
64
0
189120
1728
64
0
189632
1792
64
0
190144
1856
64
0
190656
1920
64
0
191168
1984
64
0
191488
0
64
0
192000
64
64
0
192512
128
64
0
193024
192
64
0
0
256
64
1
0
320
64
1
0
384
64
1
0
448
64
1
0
512
64
1
0
576
64
1
0
640
64
1
0
704
64
1
0
768
64
1
0
832
64
1
0
896
64
1
0
960
64
1
0
1024
64
1
0
1088
64
1
0
1152
64
1
0
1216
64
1
0
1280
64
1
0
1344
64
1
0
1408
64
1
0
1472
64
1
0
1536
64
1
0
1600
64
1
0
1664
64
1
0
1728
64
1
0
1792
64
1
0
1856
64
1
0
1920
64
1
0
1984
64
1
191552
0
64
0
192064
64
64
0
192576
128
64
0
193088
192
64
0
64
256
64
1
64
320
64
1
64
384
64
1
64
448
64
1
64
512
64
1
64
576
64
1
64
640
64
1
64
704
64
1
64
768
64
1
64
832
64
1
64
896
64
1
64
960
64
1
64
1024
64
1
64
1088
64
1
64
1152
64
1
64
1216
64
1
64
1280
64
1
64
1344
64
1
64
1408
64
1
64
1472
64
1
64
1536
64
1
64
1600
64
1
64
1664
64
1
64
1728
64
1
64
1792
64
1
64
1856
64
1
64
1920
64
1
64
1984
64
1
191616
0
64
0
192128
64
64
0
192640
128
64
0
193152
192
64
0
128
256
64
1
128
320
64
1
128
384
64
1
128
448
64
1
128
512
64
1
128
576
64
1
128
640
64
1
128
704
64
1
128
768
64
1
128
832
64
1
128
896
64
1
128
960
64
1
128
1024
64
1
128
1088
64
1
128
1152
64
1
128
1216
64
1
128
1280
64
1
128
1344
64
1
128
1408
64
1
128
1472
64
1
128
1536
64
1
128
1600
64
1
128
1664
64
1
128
1728
64
1
128
1792
64
1
128
1856
64
1
128
1920
64
1
128
1984
64
1
191680
0
64
0
192192
64
64
0
192704
128
64
0
193216
192
64
0
192
256
64
1
192
320
64
1
192
384
64
1
192
448
64
1
192
512
64
1
192
576
64
1
192
640
64
1
192
704
64
1
192
768
64
1
192
832
64
1
192
896
64
1
192
960
64
1
192
1024
64
1
192
1088
64
1
192
1152
64
1
192
1216
64
1
192
1280
64
1
192
1344
64
1
192
1408
64
1
192
1472
64
1
192
1536
64
1
192
1600
64
1
192
1664
64
1
192
1728
64
1
192
1792
64
1
192
1856
64
1
192
1920
64
1
192
1984
64
1
