0
0
64
1
0
64
64
1
0
128
64
1
0
192
64
1
0
256
64
1
0
320
64
1
0
384
64
1
0
448
64
1
0
512
64
1
0
576
64
1
0
640
64
1
0
704
64
0
128
768
64
0
256
832
64
0
384
896
64
0
512
960
64
0
640
1024
64
0
768
1088
64
0
896
1152
64
0
1024
1216
64
0
0
1280
64
1
1280
1344
64
0
1408
1408
64
0
1536
1472
64
0
1664
1536
64
0
1792
1600
64
0
1920
1664
64
0
2048
1728
64
0
2176
1792
64
0
2304
1856
64
0
0
1920
64
1
2560
1984
64
0
64
0
64
1
64
64
64
1
64
128
64
1
64
192
64
1
64
256
64
1
64
320
64
1
64
384
64
1
64
448
64
1
64
512
64
1
64
576
64
1
64
640
64
1
64
704
64
0
192
768
64
0
320
832
64
0
448
896
64
0
576
960
64
0
704
1024
64
0
832
1088
64
0
960
1152
64
0
1088
1216
64
0
64
1280
64
1
1344
1344
64
0
1472
1408
64
0
1600
1472
64
0
1728
1536
64
0
1856
1600
64
0
1984
1664
64
0
2112
1728
64
0
2240
1792
64
0
2368
1856
64
0
64
1920
64
1
2624
1984
64
0
0
0
64
1
0
64
64
1
0
128
64
1
0
192
64
1
0
256
64
1
0
320
64
1
0
384
64
1
0
448
64
1
0
512
64
1
0
576
64
1
0
640
64
0
128
704
64
0
256
768
64
0
384
832
64
0
512
896
64
0
640
960
64
0
768
1024
64
0
896
1088
64
0
1024
1152
64
0
1152
1216
64
0
1280
1280
64
0
1408
1344
64
0
1536
1408
64
0
1664
1472
64
0
1792
1536
64
0
1920
1600
64
0
2048
1664
64
0
2176
1728
64
0
2304
1792
64
0
2432
1856
64
0
2560
1920
64
0
2688
1984
64
0
64
0
64
1
64
64
64
1
64
128
64
1
64
192
64
1
64
256
64
1
64
320
64
1
64
384
64
1
64
448
64
1
64
512
64
1
64
576
64
1
64
640
64
0
192
704
64
0
320
768
64
0
448
832
64
0
576
896
64
0
704
960
64
0
832
1024
64
0
960
1088
64
0
1088
1152
64
0
1216
1216
64
0
1344
1280
64
0
1472
1344
64
0
1600
1408
64
0
1728
1472
64
0
1856
1536
64
0
1984
1600
64
0
2112
1664
64
0
2240
1728
64
0
2368
1792
64
0
2496
1856
64
0
2624
1920
64
0
2752
1984
64
0
0
0
64
1
0
64
64
1
0
128
64
1
0
192
64
1
0
256
64
1
0
320
64
1
0
384
64
1
0
448
64
1
0
512
64
1
0
576
64
1
128
640
64
0
256
704
64
0
384
768
64
0
512
832
64
0
640
896
64
0
768
960
64
0
896
1024
64
0
1024
1088
64
0
1152
1152
64
0
0
1216
64
1
1408
1280
64
0
1536
1344
64
0
1664
1408
64
0
1792
1472
64
0
1920
1536
64
0
2048
1600
64
0
2176
1664
64
0
2304
1728
64
0
2432
1792
64
0
0
1856
64
1
2688
1920
64
0
2816
1984
64
0
64
0
64
1
64
64
64
1
64
128
64
1
64
192
64
1
64
256
64
1
64
320
64
1
64
384
64
1
64
448
64
1
64
512
64
1
64
576
64
1
192
640
64
0
320
704
64
0
448
768
64
0
576
832
64
0
704
896
64
0
832
960
64
0
960
1024
64
0
1088
1088
64
0
1216
1152
64
0
64
1216
64
1
1472
1280
64
0
1600
1344
64
0
1728
1408
64
0
1856
1472
64
0
1984
1536
64
0
2112
1600
64
0
2240
1664
64
0
2368
1728
64
0
2496
1792
64
0
64
1856
64
1
2752
1920
64
0
2880
1984
64
0
0
0
64
1
0
64
64
0
128
128
64
0
256
192
64
0
384
256
64
0
512
320
64
0
640
384
64
0
768
448
64
0
896
512
64
0
1024
576
64
0
0
640
64
1
1280
704
64
0
1408
768
64
0
1536
832
64
0
1664
896
64
0
1792
960
64
0
1920
1024
64
0
2048
1088
64
0
2176
1152
64
0
2304
1216
64
0
0
1280
64
1
2560
1344
64
0
2688
1408
64
0
2816
1472
64
0
2944
1536
64
0
3072
1600
64
0
3200
1664
64
0
3328
1728
64
0
3456
1792
64
0
3584
1856
64
0
0
1920
64
1
3840
1984
64
0
64
0
64
1
64
64
64
0
192
128
64
0
320
192
64
0
448
256
64
0
576
320
64
0
704
384
64
0
832
448
64
0
960
512
64
0
1088
576
64
0
64
640
64
1
1344
704
64
0
1472
768
64
0
1600
832
64
0
1728
896
64
0
1856
960
64
0
1984
1024
64
0
2112
1088
64
0
2240
1152
64
0
2368
1216
64
0
64
1280
64
1
2624
1344
64
0
2752
1408
64
0
2880
1472
64
0
3008
1536
64
0
3136
1600
64
0
3264
1664
64
0
3392
1728
64
0
3520
1792
64
0
3648
1856
64
0
64
1920
64
1
3904
1984
64
0
0
0
64
0
128
64
64
0
256
128
64
0
384
192
64
0
512
256
64
0
640
320
64
0
768
384
64
0
896
448
64
0
1024
512
64
0
1152
576
64
0
1280
640
64
0
1408
704
64
0
1536
768
64
0
1664
832
64
0
1792
896
64
0
1920
960
64
0
2048
1024
64
0
2176
1088
64
0
2304
1152
64
0
2432
1216
64
0
2560
1280
64
0
2688
1344
64
0
2816
1408
64
0
2944
1472
64
0
3072
1536
64
0
3200
1600
64
0
3328
1664
64
0
3456
1728
64
0
3584
1792
64
0
3712
1856
64
0
3840
1920
64
0
3968
1984
64
0
64
0
64
0
192
64
64
0
320
128
64
0
448
192
64
0
576
256
64
0
704
320
64
0
832
384
64
0
960
448
64
0
1088
512
64
0
1216
576
64
0
1344
640
64
0
1472
704
64
0
1600
768
64
0
1728
832
64
0
1856
896
64
0
1984
960
64
0
2112
1024
64
0
2240
1088
64
0
2368
1152
64
0
2496
1216
64
0
2624
1280
64
0
2752
1344
64
0
2880
1408
64
0
3008
1472
64
0
3136
1536
64
0
3264
1600
64
0
3392
1664
64
0
3520
1728
64
0
3648
1792
64
0
3776
1856
64
0
3904
1920
64
0
4032
1984
64
0
128
0
64
0
256
64
64
0
384
128
64
0
512
192
64
0
640
256
64
0
768
320
64
0
896
384
64
0
1024
448
64
0
1152
512
64
0
0
576
64
1
1408
640
64
0
1536
704
64
0
1664
768
64
0
1792
832
64
0
1920
896
64
0
2048
960
64
0
2176
1024
64
0
2304
1088
64
0
2432
1152
64
0
0
1216
64
1
2688
1280
64
0
2816
1344
64
0
2944
1408
64
0
3072
1472
64
0
3200
1536
64
0
3328
1600
64
0
3456
1664
64
0
3584
1728
64
0
3712
1792
64
0
0
1856
64
1
3968
1920
64
0
4096
1984
64
0
192
0
64
0
320
64
64
0
448
128
64
0
576
192
64
0
704
256
64
0
832
320
64
0
960
384
64
0
1088
448
64
0
1216
512
64
0
64
576
64
1
1472
640
64
0
1600
704
64
0
1728
768
64
0
1856
832
64
0
1984
896
64
0
2112
960
64
0
2240
1024
64
0
2368
1088
64
0
2496
1152
64
0
64
1216
64
1
2752
1280
64
0
2880
1344
64
0
3008
1408
64
0
3136
1472
64
0
3264
1536
64
0
3392
1600
64
0
3520
1664
64
0
3648
1728
64
0
3776
1792
64
0
64
1856
64
1
4032
1920
64
0
4160
1984
64
0
0
0
64
1
1280
64
64
0
1408
128
64
0
1536
192
64
0
1664
256
64
0
1792
320
64
0
1920
384
64
0
2048
448
64
0
2176
512
64
0
2304
576
64
0
0
640
64
1
2560
704
64
0
2688
768
64
0
2816
832
64
0
2944
896
64
0
3072
960
64
0
3200
1024
64
0
3328
1088
64
0
3456
1152
64
0
3584
1216
64
0
0
1280
64
1
3840
1344
64
0
3968
1408
64
0
4096
1472
64
0
4224
1536
64
0
4352
1600
64
0
4480
1664
64
0
4608
1728
64
0
4736
1792
64
0
4864
1856
64
0
0
1920
64
1
5120
1984
64
0
64
0
64
1
1344
64
64
0
1472
128
64
0
1600
192
64
0
1728
256
64
0
1856
320
64
0
1984
384
64
0
2112
448
64
0
2240
512
64
0
2368
576
64
0
64
640
64
1
2624
704
64
0
2752
768
64
0
2880
832
64
0
3008
896
64
0
3136
960
64
0
3264
1024
64
0
3392
1088
64
0
3520
1152
64
0
3648
1216
64
0
64
1280
64
1
3904
1344
64
0
4032
1408
64
0
4160
1472
64
0
4288
1536
64
0
4416
1600
64
0
4544
1664
64
0
4672
1728
64
0
4800
1792
64
0
4928
1856
64
0
64
1920
64
1
5184
1984
64
0
1280
0
64
0
1408
64
64
0
1536
128
64
0
1664
192
64
0
1792
256
64
0
1920
320
64
0
2048
384
64
0
2176
448
64
0
2304
512
64
0
2432
576
64
0
2560
640
64
0
2688
704
64
0
2816
768
64
0
2944
832
64
0
3072
896
64
0
3200
960
64
0
3328
1024
64
0
3456
1088
64
0
3584
1152
64
0
3712
1216
64
0
3840
1280
64
0
3968
1344
64
0
4096
1408
64
0
4224
1472
64
0
4352
1536
64
0
4480
1600
64
0
4608
1664
64
0
4736
1728
64
0
4864
1792
64
0
4992
1856
64
0
5120
1920
64
0
5248
1984
64
0
1344
0
64
0
1472
64
64
0
1600
128
64
0
1728
192
64
0
1856
256
64
0
1984
320
64
0
2112
384
64
0
2240
448
64
0
2368
512
64
0
2496
576
64
0
2624
640
64
0
2752
704
64
0
2880
768
64
0
3008
832
64
0
3136
896
64
0
3264
960
64
0
3392
1024
64
0
3520
1088
64
0
3648
1152
64
0
3776
1216
64
0
3904
1280
64
0
4032
1344
64
0
4160
1408
64
0
4288
1472
64
0
4416
1536
64
0
4544
1600
64
0
4672
1664
64
0
4800
1728
64
0
4928
1792
64
0
5056
1856
64
0
5184
1920
64
0
5312
1984
64
0
1408
0
64
0
1536
64
64
0
1664
128
64
0
1792
192
64
0
1920
256
64
0
2048
320
64
0
2176
384
64
0
2304
448
64
0
2432
512
64
0
0
576
64
1
2688
640
64
0
2816
704
64
0
2944
768
64
0
3072
832
64
0
3200
896
64
0
3328
960
64
0
3456
1024
64
0
3584
1088
64
0
3712
1152
64
0
0
1216
64
1
3968
1280
64
0
4096
1344
64
0
4224
1408
64
0
4352
1472
64
0
4480
1536
64
0
4608
1600
64
0
4736
1664
64
0
4864
1728
64
0
4992
1792
64
0
0
1856
64
1
5248
1920
64
0
5376
1984
64
0
1472
0
64
0
1600
64
64
0
1728
128
64
0
1856
192
64
0
1984
256
64
0
2112
320
64
0
2240
384
64
0
2368
448
64
0
2496
512
64
0
64
576
64
1
2752
640
64
0
2880
704
64
0
3008
768
64
0
3136
832
64
0
3264
896
64
0
3392
960
64
0
3520
1024
64
0
3648
1088
64
0
3776
1152
64
0
64
1216
64
1
4032
1280
64
0
4160
1344
64
0
4288
1408
64
0
4416
1472
64
0
4544
1536
64
0
4672
1600
64
0
4800
1664
64
0
4928
1728
64
0
5056
1792
64
0
64
1856
64
1
5312
1920
64
0
5440
1984
64
0
2688
0
64
0
2816
64
64
0
2944
128
64
0
3072
192
64
0
3200
256
64
0
3328
320
64
0
3456
384
64
0
3584
448
64
0
0
512
64
1
3840
576
64
0
3968
640
64
0
4096
704
64
0
4224
768
64
0
4352
832
64
0
4480
896
64
0
4608
960
64
0
4736
1024
64
0
4864
1088
64
0
0
1152
64
1
5120
1216
64
0
5248
1280
64
0
5376
1344
64
0
5504
1408
64
0
5632
1472
64
0
5760
1536
64
0
5888
1600
64
0
6016
1664
64
0
6144
1728
64
0
0
1792
64
1
6400
1856
64
0
6528
1920
64
0
6656
1984
64
0
2752
0
64
0
2880
64
64
0
3008
128
64
0
3136
192
64
0
3264
256
64
0
3392
320
64
0
3520
384
64
0
3648
448
64
0
64
512
64
1
3904
576
64
0
4032
640
64
0
4160
704
64
0
4288
768
64
0
4416
832
64
0
4544
896
64
0
4672
960
64
0
4800
1024
64
0
4928
1088
64
0
64
1152
64
1
5184
1216
64
0
5312
1280
64
0
5440
1344
64
0
5568
1408
64
0
5696
1472
64
0
5824
1536
64
0
5952
1600
64
0
6080
1664
64
0
6208
1728
64
0
64
1792
64
1
6464
1856
64
0
6592
1920
64
0
6720
1984
64
0
2816
0
64
0
2944
64
64
0
3072
128
64
0
3200
192
64
0
3328
256
64
0
3456
320
64
0
3584
384
64
0
3712
448
64
0
3840
512
64
0
3968
576
64
0
4096
640
64
0
4224
704
64
0
4352
768
64
0
4480
832
64
0
4608
896
64
0
4736
960
64
0
4864
1024
64
0
4992
1088
64
0
5120
1152
64
0
5248
1216
64
0
5376
1280
64
0
5504
1344
64
0
5632
1408
64
0
5760
1472
64
0
5888
1536
64
0
6016
1600
64
0
6144
1664
64
0
6272
1728
64
0
6400
1792
64
0
6528
1856
64
0
6656
1920
64
0
6784
1984
64
0
2880
0
64
0
3008
64
64
0
3136
128
64
0
3264
192
64
0
3392
256
64
0
3520
320
64
0
3648
384
64
0
3776
448
64
0
3904
512
64
0
4032
576
64
0
4160
640
64
0
4288
704
64
0
4416
768
64
0
4544
832
64
0
4672
896
64
0
4800
960
64
0
4928
1024
64
0
5056
1088
64
0
5184
1152
64
0
5312
1216
64
0
5440
1280
64
0
5568
1344
64
0
5696
1408
64
0
5824
1472
64
0
5952
1536
64
0
6080
1600
64
0
6208
1664
64
0
6336
1728
64
0
6464
1792
64
0
6592
1856
64
0
6720
1920
64
0
6848
1984
64
0
2944
0
64
0
3072
64
64
0
3200
128
64
0
3328
192
64
0
3456
256
64
0
3584
320
64
0
3712
384
64
0
0
448
64
1
3968
512
64
0
4096
576
64
0
4224
640
64
0
4352
704
64
0
4480
768
64
0
4608
832
64
0
4736
896
64
0
4864
960
64
0
4992
1024
64
0
0
1088
64
1
5248
1152
64
0
5376
1216
64
0
5504
1280
64
0
5632
1344
64
0
5760
1408
64
0
5888
1472
64
0
6016
1536
64
0
6144
1600
64
0
6272
1664
64
0
0
1728
64
1
6528
1792
64
0
6656
1856
64
0
6784
1920
64
0
6912
1984
64
0
3008
0
64
0
3136
64
64
0
3264
128
64
0
3392
192
64
0
3520
256
64
0
3648
320
64
0
3776
384
64
0
64
448
64
1
4032
512
64
0
4160
576
64
0
4288
640
64
0
4416
704
64
0
4544
768
64
0
4672
832
64
0
4800
896
64
0
4928
960
64
0
5056
1024
64
0
64
1088
64
1
5312
1152
64
0
5440
1216
64
0
5568
1280
64
0
5696
1344
64
0
5824
1408
64
0
5952
1472
64
0
6080
1536
64
0
6208
1600
64
0
6336
1664
64
0
64
1728
64
1
6592
1792
64
0
6720
1856
64
0
6848
1920
64
0
6976
1984
64
0
3968
0
64
0
4096
64
64
0
4224
128
64
0
4352
192
64
0
4480
256
64
0
4608
320
64
0
4736
384
64
0
4864
448
64
0
0
512
64
1
5120
576
64
0
5248
640
64
0
5376
704
64
0
5504
768
64
0
5632
832
64
0
5760
896
64
0
5888
960
64
0
6016
1024
64
0
6144
1088
64
0
0
1152
64
1
6400
1216
64
0
6528
1280
64
0
6656
1344
64
0
6784
1408
64
0
6912
1472
64
0
7040
1536
64
0
7168
1600
64
0
7296
1664
64
0
7424
1728
64
0
0
1792
64
1
7680
1856
64
0
7808
1920
64
0
7936
1984
64
0
4032
0
64
0
4160
64
64
0
4288
128
64
0
4416
192
64
0
4544
256
64
0
4672
320
64
0
4800
384
64
0
4928
448
64
0
64
512
64
1
5184
576
64
0
5312
640
64
0
5440
704
64
0
5568
768
64
0
5696
832
64
0
5824
896
64
0
5952
960
64
0
6080
1024
64
0
6208
1088
64
0
64
1152
64
1
6464
1216
64
0
6592
1280
64
0
6720
1344
64
0
6848
1408
64
0
6976
1472
64
0
7104
1536
64
0
7232
1600
64
0
7360
1664
64
0
7488
1728
64
0
64
1792
64
1
7744
1856
64
0
7872
1920
64
0
8000
1984
64
0
4096
0
64
0
4224
64
64
0
4352
128
64
0
4480
192
64
0
4608
256
64
0
4736
320
64
0
4864
384
64
0
4992
448
64
0
5120
512
64
0
5248
576
64
0
5376
640
64
0
5504
704
64
0
5632
768
64
0
5760
832
64
0
5888
896
64
0
6016
960
64
0
6144
1024
64
0
6272
1088
64
0
6400
1152
64
0
6528
1216
64
0
6656
1280
64
0
6784
1344
64
0
6912
1408
64
0
7040
1472
64
0
7168
1536
64
0
7296
1600
64
0
7424
1664
64
0
7552
1728
64
0
7680
1792
64
0
7808
1856
64
0
7936
1920
64
0
8064
1984
64
0
4160
0
64
0
4288
64
64
0
4416
128
64
0
4544
192
64
0
4672
256
64
0
4800
320
64
0
4928
384
64
0
5056
448
64
0
5184
512
64
0
5312
576
64
0
5440
640
64
0
5568
704
64
0
5696
768
64
0
5824
832
64
0
5952
896
64
0
6080
960
64
0
6208
1024
64
0
6336
1088
64
0
6464
1152
64
0
6592
1216
64
0
6720
1280
64
0
6848
1344
64
0
6976
1408
64
0
7104
1472
64
0
7232
1536
64
0
7360
1600
64
0
7488
1664
64
0
7616
1728
64
0
7744
1792
64
0
7872
1856
64
0
8000
1920
64
0
8128
1984
64
0
4224
0
64
0
4352
64
64
0
4480
128
64
0
4608
192
64
0
4736
256
64
0
4864
320
64
0
4992
384
64
0
0
448
64
1
5248
512
64
0
5376
576
64
0
5504
640
64
0
5632
704
64
0
5760
768
64
0
5888
832
64
0
6016
896
64
0
6144
960
64
0
6272
1024
64
0
0
1088
64
1
6528
1152
64
0
6656
1216
64
0
6784
1280
64
0
6912
1344
64
0
7040
1408
64
0
7168
1472
64
0
7296
1536
64
0
7424
1600
64
0
7552
1664
64
0
0
1728
64
1
7808
1792
64
0
7936
1856
64
0
8064
1920
64
0
8192
1984
64
0
4288
0
64
0
4416
64
64
0
4544
128
64
0
4672
192
64
0
4800
256
64
0
4928
320
64
0
5056
384
64
0
64
448
64
1
5312
512
64
0
5440
576
64
0
5568
640
64
0
5696
704
64
0
5824
768
64
0
5952
832
64
0
6080
896
64
0
6208
960
64
0
6336
1024
64
0
64
1088
64
1
6592
1152
64
0
6720
1216
64
0
6848
1280
64
0
6976
1344
64
0
7104
1408
64
0
7232
1472
64
0
7360
1536
64
0
7488
1600
64
0
7616
1664
64
0
64
1728
64
1
7872
1792
64
0
8000
1856
64
0
8128
1920
64
0
8256
1984
64
0
5248
0
64
0
5376
64
64
0
5504
128
64
0
5632
192
64
0
5760
256
64
0
5888
320
64
0
6016
384
64
0
6144
448
64
0
0
512
64
1
6400
576
64
0
6528
640
64
0
6656
704
64
0
6784
768
64
0
6912
832
64
0
7040
896
64
0
7168
960
64
0
7296
1024
64
0
7424
1088
64
0
0
1152
64
1
7680
1216
64
0
7808
1280
64
0
7936
1344
64
0
8064
1408
64
0
8192
1472
64
0
8320
1536
64
0
8448
1600
64
0
8576
1664
64
0
8704
1728
64
0
0
1792
64
1
8960
1856
64
0
9088
1920
64
0
9216
1984
64
0
5312
0
64
0
5440
64
64
0
5568
128
64
0
5696
192
64
0
5824
256
64
0
5952
320
64
0
6080
384
64
0
6208
448
64
0
64
512
64
1
6464
576
64
0
6592
640
64
0
6720
704
64
0
6848
768
64
0
6976
832
64
0
7104
896
64
0
7232
960
64
0
7360
1024
64
0
7488
1088
64
0
64
1152
64
1
7744
1216
64
0
7872
1280
64
0
8000
1344
64
0
8128
1408
64
0
8256
1472
64
0
8384
1536
64
0
8512
1600
64
0
8640
1664
64
0
8768
1728
64
0
64
1792
64
1
9024
1856
64
0
9152
1920
64
0
9280
1984
64
0
5376
0
64
0
5504
64
64
0
5632
128
64
0
5760
192
64
0
5888
256
64
0
6016
320
64
0
6144
384
64
0
6272
448
64
0
6400
512
64
0
6528
576
64
0
6656
640
64
0
6784
704
64
0
6912
768
64
0
7040
832
64
0
7168
896
64
0
7296
960
64
0
7424
1024
64
0
7552
1088
64
0
7680
1152
64
0
7808
1216
64
0
7936
1280
64
0
8064
1344
64
0
8192
1408
64
0
8320
1472
64
0
8448
1536
64
0
8576
1600
64
0
8704
1664
64
0
8832
1728
64
0
8960
1792
64
0
9088
1856
64
0
9216
1920
64
0
9344
1984
64
0
5440
0
64
0
5568
64
64
0
5696
128
64
0
5824
192
64
0
5952
256
64
0
6080
320
64
0
6208
384
64
0
6336
448
64
0
6464
512
64
0
6592
576
64
0
6720
640
64
0
6848
704
64
0
6976
768
64
0
7104
832
64
0
7232
896
64
0
7360
960
64
0
7488
1024
64
0
7616
1088
64
0
7744
1152
64
0
7872
1216
64
0
8000
1280
64
0
8128
1344
64
0
8256
1408
64
0
8384
1472
64
0
8512
1536
64
0
8640
1600
64
0
8768
1664
64
0
8896
1728
64
0
9024
1792
64
0
9152
1856
64
0
9280
1920
64
0
9408
1984
64
0
5504
0
64
0
5632
64
64
0
5760
128
64
0
5888
192
64
0
6016
256
64
0
6144
320
64
0
6272
384
64
0
0
448
64
1
6528
512
64
0
6656
576
64
0
6784
640
64
0
6912
704
64
0
7040
768
64
0
7168
832
64
0
7296
896
64
0
7424
960
64
0
7552
1024
64
0
0
1088
64
1
7808
1152
64
0
7936
1216
64
0
8064
1280
64
0
8192
1344
64
0
8320
1408
64
0
8448
1472
64
0
8576
1536
64
0
8704
1600
64
0
8832
1664
64
0
0
1728
64
1
9088
1792
64
0
9216
1856
64
0
9344
1920
64
0
9472
1984
64
0
5568
0
64
0
5696
64
64
0
5824
128
64
0
5952
192
64
0
6080
256
64
0
6208
320
64
0
6336
384
64
0
64
448
64
1
6592
512
64
0
6720
576
64
0
6848
640
64
0
6976
704
64
0
7104
768
64
0
7232
832
64
0
7360
896
64
0
7488
960
64
0
7616
1024
64
0
64
1088
64
1
7872
1152
64
0
8000
1216
64
0
8128
1280
64
0
8256
1344
64
0
8384
1408
64
0
8512
1472
64
0
8640
1536
64
0
8768
1600
64
0
8896
1664
64
0
64
1728
64
1
9152
1792
64
0
9280
1856
64
0
9408
1920
64
0
9536
1984
64
0
6784
0
64
0
6912
64
64
0
7040
128
64
0
7168
192
64
0
7296
256
64
0
7424
320
64
0
0
384
64
1
7680
448
64
0
7808
512
64
0
7936
576
64
0
8064
640
64
0
8192
704
64
0
8320
768
64
0
8448
832
64
0
8576
896
64
0
8704
960
64
0
0
1024
64
1
8960
1088
64
0
9088
1152
64
0
9216
1216
64
0
9344
1280
64
0
9472
1344
64
0
9600
1408
64
0
9728
1472
64
0
9856
1536
64
0
9984
1600
64
0
0
1664
64
1
10240
1728
64
0
10368
1792
64
0
10496
1856
64
0
10624
1920
64
0
10752
1984
64
0
6848
0
64
0
6976
64
64
0
7104
128
64
0
7232
192
64
0
7360
256
64
0
7488
320
64
0
64
384
64
1
7744
448
64
0
7872
512
64
0
8000
576
64
0
8128
640
64
0
8256
704
64
0
8384
768
64
0
8512
832
64
0
8640
896
64
0
8768
960
64
0
64
1024
64
1
9024
1088
64
0
9152
1152
64
0
9280
1216
64
0
9408
1280
64
0
9536
1344
64
0
9664
1408
64
0
9792
1472
64
0
9920
1536
64
0
10048
1600
64
0
64
1664
64
1
10304
1728
64
0
10432
1792
64
0
10560
1856
64
0
10688
1920
64
0
10816
1984
64
0
6912
0
64
0
7040
64
64
0
7168
128
64
0
7296
192
64
0
7424
256
64
0
7552
320
64
0
7680
384
64
0
7808
448
64
0
7936
512
64
0
8064
576
64
0
8192
640
64
0
8320
704
64
0
8448
768
64
0
8576
832
64
0
8704
896
64
0
8832
960
64
0
8960
1024
64
0
9088
1088
64
0
9216
1152
64
0
9344
1216
64
0
9472
1280
64
0
9600
1344
64
0
9728
1408
64
0
9856
1472
64
0
9984
1536
64
0
10112
1600
64
0
10240
1664
64
0
10368
1728
64
0
10496
1792
64
0
10624
1856
64
0
10752
1920
64
0
10880
1984
64
0
6976
0
64
0
7104
64
64
0
7232
128
64
0
7360
192
64
0
7488
256
64
0
7616
320
64
0
7744
384
64
0
7872
448
64
0
8000
512
64
0
8128
576
64
0
8256
640
64
0
8384
704
64
0
8512
768
64
0
8640
832
64
0
8768
896
64
0
8896
960
64
0
9024
1024
64
0
9152
1088
64
0
9280
1152
64
0
9408
1216
64
0
9536
1280
64
0
9664
1344
64
0
9792
1408
64
0
9920
1472
64
0
10048
1536
64
0
10176
1600
64
0
10304
1664
64
0
10432
1728
64
0
10560
1792
64
0
10688
1856
64
0
10816
1920
64
0
10944
1984
64
0
7040
0
64
0
7168
64
64
0
7296
128
64
0
7424
192
64
0
7552
256
64
0
0
320
64
1
7808
384
64
0
7936
448
64
0
8064
512
64
0
8192
576
64
0
8320
640
64
0
8448
704
64
0
8576
768
64
0
8704
832
64
0
8832
896
64
0
0
960
64
1
9088
1024
64
0
9216
1088
64
0
9344
1152
64
0
9472
1216
64
0
9600
1280
64
0
9728
1344
64
0
9856
1408
64
0
9984
1472
64
0
10112
1536
64
0
0
1600
64
1
10368
1664
64
0
10496
1728
64
0
10624
1792
64
0
10752
1856
64
0
10880
1920
64
0
11008
1984
64
0
7104
0
64
0
7232
64
64
0
7360
128
64
0
7488
192
64
0
7616
256
64
0
64
320
64
1
7872
384
64
0
8000
448
64
0
8128
512
64
0
8256
576
64
0
8384
640
64
0
8512
704
64
0
8640
768
64
0
8768
832
64
0
8896
896
64
0
64
960
64
1
9152
1024
64
0
9280
1088
64
0
9408
1152
64
0
9536
1216
64
0
9664
1280
64
0
9792
1344
64
0
9920
1408
64
0
10048
1472
64
0
10176
1536
64
0
64
1600
64
1
10432
1664
64
0
10560
1728
64
0
10688
1792
64
0
10816
1856
64
0
10944
1920
64
0
11072
1984
64
0
8064
0
64
0
8192
64
64
0
8320
128
64
0
8448
192
64
0
8576
256
64
0
8704
320
64
0
0
384
64
1
8960
448
64
0
9088
512
64
0
9216
576
64
0
9344
640
64
0
9472
704
64
0
9600
768
64
0
9728
832
64
0
9856
896
64
0
9984
960
64
0
0
1024
64
1
10240
1088
64
0
10368
1152
64
0
10496
1216
64
0
10624
1280
64
0
10752
1344
64
0
10880
1408
64
0
11008
1472
64
0
11136
1536
64
0
11264
1600
64
0
0
1664
64
1
11520
1728
64
0
11648
1792
64
0
11776
1856
64
0
11904
1920
64
0
12032
1984
64
0
8128
0
64
0
8256
64
64
0
8384
128
64
0
8512
192
64
0
8640
256
64
0
8768
320
64
0
64
384
64
1
9024
448
64
0
9152
512
64
0
9280
576
64
0
9408
640
64
0
9536
704
64
0
9664
768
64
0
9792
832
64
0
9920
896
64
0
10048
960
64
0
64
1024
64
1
10304
1088
64
0
10432
1152
64
0
10560
1216
64
0
10688
1280
64
0
10816
1344
64
0
10944
1408
64
0
11072
1472
64
0
11200
1536
64
0
11328
1600
64
0
64
1664
64
1
11584
1728
64
0
11712
1792
64
0
11840
1856
64
0
11968
1920
64
0
12096
1984
64
0
8192
0
64
0
8320
64
64
0
8448
128
64
0
8576
192
64
0
8704
256
64
0
8832
320
64
0
8960
384
64
0
9088
448
64
0
9216
512
64
0
9344
576
64
0
9472
640
64
0
9600
704
64
0
9728
768
64
0
9856
832
64
0
9984
896
64
0
10112
960
64
0
10240
1024
64
0
10368
1088
64
0
10496
1152
64
0
10624
1216
64
0
10752
1280
64
0
10880
1344
64
0
11008
1408
64
0
11136
1472
64
0
11264
1536
64
0
11392
1600
64
0
11520
1664
64
0
11648
1728
64
0
11776
1792
64
0
11904
1856
64
0
12032
1920
64
0
12160
1984
64
0
8256
0
64
0
8384
64
64
0
8512
128
64
0
8640
192
64
0
8768
256
64
0
8896
320
64
0
9024
384
64
0
9152
448
64
0
9280
512
64
0
9408
576
64
0
9536
640
64
0
9664
704
64
0
9792
768
64
0
9920
832
64
0
10048
896
64
0
10176
960
64
0
10304
1024
64
0
10432
1088
64
0
10560
1152
64
0
10688
1216
64
0
10816
1280
64
0
10944
1344
64
0
11072
1408
64
0
11200
1472
64
0
11328
1536
64
0
11456
1600
64
0
11584
1664
64
0
11712
1728
64
0
11840
1792
64
0
11968
1856
64
0
12096
1920
64
0
12224
1984
64
0
8320
0
64
0
8448
64
64
0
8576
128
64
0
8704
192
64
0
8832
256
64
0
0
320
64
1
9088
384
64
0
9216
448
64
0
9344
512
64
0
9472
576
64
0
9600
640
64
0
9728
704
64
0
9856
768
64
0
9984
832
64
0
10112
896
64
0
0
960
64
1
10368
1024
64
0
10496
1088
64
0
10624
1152
64
0
10752
1216
64
0
10880
1280
64
0
11008
1344
64
0
11136
1408
64
0
11264
1472
64
0
11392
1536
64
0
0
1600
64
1
11648
1664
64
0
11776
1728
64
0
11904
1792
64
0
12032
1856
64
0
12160
1920
64
0
12288
1984
64
0
8384
0
64
0
8512
64
64
0
8640
128
64
0
8768
192
64
0
8896
256
64
0
64
320
64
1
9152
384
64
0
9280
448
64
0
9408
512
64
0
9536
576
64
0
9664
640
64
0
9792
704
64
0
9920
768
64
0
10048
832
64
0
10176
896
64
0
64
960
64
1
10432
1024
64
0
10560
1088
64
0
10688
1152
64
0
10816
1216
64
0
10944
1280
64
0
11072
1344
64
0
11200
1408
64
0
11328
1472
64
0
11456
1536
64
0
64
1600
64
1
11712
1664
64
0
11840
1728
64
0
11968
1792
64
0
12096
1856
64
0
12224
1920
64
0
12352
1984
64
0
9344
0
64
0
9472
64
64
0
9600
128
64
0
9728
192
64
0
9856
256
64
0
9984
320
64
0
0
384
64
1
10240
448
64
0
10368
512
64
0
10496
576
64
0
10624
640
64
0
10752
704
64
0
10880
768
64
0
11008
832
64
0
11136
896
64
0
11264
960
64
0
0
1024
64
1
11520
1088
64
0
11648
1152
64
0
11776
1216
64
0
11904
1280
64
0
12032
1344
64
0
12160
1408
64
0
12288
1472
64
0
12416
1536
64
0
12544
1600
64
0
0
1664
64
1
0
1728
64
1
0
1792
64
1
0
1856
64
1
0
1920
64
1
0
1984
64
1
9408
0
64
0
9536
64
64
0
9664
128
64
0
9792
192
64
0
9920
256
64
0
10048
320
64
0
64
384
64
1
10304
448
64
0
10432
512
64
0
10560
576
64
0
10688
640
64
0
10816
704
64
0
10944
768
64
0
11072
832
64
0
11200
896
64
0
11328
960
64
0
64
1024
64
1
11584
1088
64
0
11712
1152
64
0
11840
1216
64
0
11968
1280
64
0
12096
1344
64
0
12224
1408
64
0
12352
1472
64
0
12480
1536
64
0
12608
1600
64
0
64
1664
64
1
64
1728
64
1
64
1792
64
1
64
1856
64
1
64
1920
64
1
64
1984
64
1
9472
0
64
0
9600
64
64
0
9728
128
64
0
9856
192
64
0
9984
256
64
0
10112
320
64
0
10240
384
64
0
10368
448
64
0
10496
512
64
0
10624
576
64
0
10752
640
64
0
10880
704
64
0
11008
768
64
0
11136
832
64
0
11264
896
64
0
11392
960
64
0
11520
1024
64
0
11648
1088
64
0
11776
1152
64
0
11904
1216
64
0
12032
1280
64
0
12160
1344
64
0
12288
1408
64
0
12416
1472
64
0
12544
1536
64
0
12672
1600
64
0
0
1664
64
1
0
1728
64
1
0
1792
64
1
0
1856
64
1
0
1920
64
1
0
1984
64
1
9536
0
64
0
9664
64
64
0
9792
128
64
0
9920
192
64
0
10048
256
64
0
10176
320
64
0
10304
384
64
0
10432
448
64
0
10560
512
64
0
10688
576
64
0
10816
640
64
0
10944
704
64
0
11072
768
64
0
11200
832
64
0
11328
896
64
0
11456
960
64
0
11584
1024
64
0
11712
1088
64
0
11840
1152
64
0
11968
1216
64
0
12096
1280
64
0
12224
1344
64
0
12352
1408
64
0
12480
1472
64
0
12608
1536
64
0
12736
1600
64
0
64
1664
64
1
64
1728
64
1
64
1792
64
1
64
1856
64
1
64
1920
64
1
64
1984
64
1
9600
0
64
0
9728
64
64
0
9856
128
64
0
9984
192
64
0
10112
256
64
0
0
320
64
1
10368
384
64
0
10496
448
64
0
10624
512
64
0
10752
576
64
0
10880
640
64
0
11008
704
64
0
11136
768
64
0
11264
832
64
0
11392
896
64
0
0
960
64
1
11648
1024
64
0
11776
1088
64
0
11904
1152
64
0
12032
1216
64
0
12160
1280
64
0
12288
1344
64
0
12416
1408
64
0
12544
1472
64
0
12672
1536
64
0
0
1600
64
1
0
1664
64
1
0
1728
64
1
0
1792
64
1
0
1856
64
1
0
1920
64
1
0
1984
64
1
9664
0
64
0
9792
64
64
0
9920
128
64
0
10048
192
64
0
10176
256
64
0
64
320
64
1
10432
384
64
0
10560
448
64
0
10688
512
64
0
10816
576
64
0
10944
640
64
0
11072
704
64
0
11200
768
64
0
11328
832
64
0
11456
896
64
0
64
960
64
1
11712
1024
64
0
11840
1088
64
0
11968
1152
64
0
12096
1216
64
0
12224
1280
64
0
12352
1344
64
0
12480
1408
64
0
12608
1472
64
0
12736
1536
64
0
64
1600
64
1
64
1664
64
1
64
1728
64
1
64
1792
64
1
64
1856
64
1
64
1920
64
1
64
1984
64
1
10880
0
64
0
11008
64
64
0
11136
128
64
0
11264
192
64
0
0
256
64
1
0
320
64
1
0
384
64
1
0
448
64
1
0
512
64
1
0
576
64
1
0
640
64
1
0
704
64
1
0
768
64
1
0
832
64
1
0
896
64
1
0
960
64
1
0
1024
64
1
0
1088
64
1
0
1152
64
1
0
1216
64
1
0
1280
64
1
0
1344
64
1
0
1408
64
1
0
1472
64
1
0
1536
64
1
0
1600
64
1
0
1664
64
1
0
1728
64
1
0
1792
64
1
0
1856
64
1
0
1920
64
1
0
1984
64
1
10944
0
64
0
11072
64
64
0
11200
128
64
0
11328
192
64
0
64
256
64
1
64
320
64
1
64
384
64
1
64
448
64
1
64
512
64
1
64
576
64
1
64
640
64
1
64
704
64
1
64
768
64
1
64
832
64
1
64
896
64
1
64
960
64
1
64
1024
64
1
64
1088
64
1
64
1152
64
1
64
1216
64
1
64
1280
64
1
64
1344
64
1
64
1408
64
1
64
1472
64
1
64
1536
64
1
64
1600
64
1
64
1664
64
1
64
1728
64
1
64
1792
64
1
64
1856
64
1
64
1920
64
1
64
1984
64
1
11008
0
64
0
11136
64
64
0
11264
128
64
0
11392
192
64
0
128
256
64
1
128
320
64
1
128
384
64
1
128
448
64
1
128
512
64
1
128
576
64
1
128
640
64
1
128
704
64
1
128
768
64
1
128
832
64
1
128
896
64
1
128
960
64
1
128
1024
64
1
128
1088
64
1
128
1152
64
1
128
1216
64
1
128
1280
64
1
128
1344
64
1
128
1408
64
1
128
1472
64
1
128
1536
64
1
128
1600
64
1
128
1664
64
1
128
1728
64
1
128
1792
64
1
128
1856
64
1
128
1920
64
1
128
1984
64
1
11072
0
64
0
11200
64
64
0
11328
128
64
0
11456
192
64
0
192
256
64
1
192
320
64
1
192
384
64
1
192
448
64
1
192
512
64
1
192
576
64
1
192
640
64
1
192
704
64
1
192
768
64
1
192
832
64
1
192
896
64
1
192
960
64
1
192
1024
64
1
192
1088
64
1
192
1152
64
1
192
1216
64
1
192
1280
64
1
192
1344
64
1
192
1408
64
1
192
1472
64
1
192
1536
64
1
192
1600
64
1
192
1664
64
1
192
1728
64
1
192
1792
64
1
192
1856
64
1
192
1920
64
1
192
1984
64
1
11136
0
64
0
11264
64
64
0
11392
128
64
0
0
192
64
1
256
256
64
1
256
320
64
1
256
384
64
1
256
448
64
1
256
512
64
1
256
576
64
1
256
640
64
1
256
704
64
1
256
768
64
1
256
832
64
1
256
896
64
1
256
960
64
1
256
1024
64
1
256
1088
64
1
256
1152
64
1
256
1216
64
1
256
1280
64
1
256
1344
64
1
256
1408
64
1
256
1472
64
1
256
1536
64
1
256
1600
64
1
256
1664
64
1
256
1728
64
1
256
1792
64
1
256
1856
64
1
256
1920
64
1
256
1984
64
1
11200
0
64
0
11328
64
64
0
11456
128
64
0
64
192
64
1
320
256
64
1
320
320
64
1
320
384
64
1
320
448
64
1
320
512
64
1
320
576
64
1
320
640
64
1
320
704
64
1
320
768
64
1
320
832
64
1
320
896
64
1
320
960
64
1
320
1024
64
1
320
1088
64
1
320
1152
64
1
320
1216
64
1
320
1280
64
1
320
1344
64
1
320
1408
64
1
320
1472
64
1
320
1536
64
1
320
1600
64
1
320
1664
64
1
320
1728
64
1
320
1792
64
1
320
1856
64
1
320
1920
64
1
320
1984
64
1
12160
0
64
0
12288
64
64
0
12416
128
64
0
12544
192
64
0
384
256
64
1
384
320
64
1
384
384
64
1
384
448
64
1
384
512
64
1
384
576
64
1
384
640
64
1
384
704
64
1
384
768
64
1
384
832
64
1
384
896
64
1
384
960
64
1
384
1024
64
1
384
1088
64
1
384
1152
64
1
384
1216
64
1
384
1280
64
1
384
1344
64
1
384
1408
64
1
384
1472
64
1
384
1536
64
1
384
1600
64
1
384
1664
64
1
384
1728
64
1
384
1792
64
1
384
1856
64
1
384
1920
64
1
384
1984
64
1
12224
0
64
0
12352
64
64
0
12480
128
64
0
12608
192
64
0
448
256
64
1
448
320
64
1
448
384
64
1
448
448
64
1
448
512
64
1
448
576
64
1
448
640
64
1
448
704
64
1
448
768
64
1
448
832
64
1
448
896
64
1
448
960
64
1
448
1024
64
1
448
1088
64
1
448
1152
64
1
448
1216
64
1
448
1280
64
1
448
1344
64
1
448
1408
64
1
448
1472
64
1
448
1536
64
1
448
1600
64
1
448
1664
64
1
448
1728
64
1
448
1792
64
1
448
1856
64
1
448
1920
64
1
448
1984
64
1
12288
0
64
0
12416
64
64
0
12544
128
64
0
12672
192
64
0
512
256
64
1
512
320
64
1
512
384
64
1
512
448
64
1
512
512
64
1
512
576
64
1
512
640
64
1
512
704
64
1
512
768
64
1
512
832
64
1
512
896
64
1
512
960
64
1
512
1024
64
1
512
1088
64
1
512
1152
64
1
512
1216
64
1
512
1280
64
1
512
1344
64
1
512
1408
64
1
512
1472
64
1
512
1536
64
1
512
1600
64
1
512
1664
64
1
512
1728
64
1
512
1792
64
1
512
1856
64
1
512
1920
64
1
512
1984
64
1
12352
0
64
0
12480
64
64
0
12608
128
64
0
12736
192
64
0
576
256
64
1
576
320
64
1
576
384
64
1
576
448
64
1
576
512
64
1
576
576
64
1
576
640
64
1
576
704
64
1
576
768
64
1
576
832
64
1
576
896
64
1
576
960
64
1
576
1024
64
1
576
1088
64
1
576
1152
64
1
576
1216
64
1
576
1280
64
1
576
1344
64
1
576
1408
64
1
576
1472
64
1
576
1536
64
1
576
1600
64
1
576
1664
64
1
576
1728
64
1
576
1792
64
1
576
1856
64
1
576
1920
64
1
576
1984
64
1
12416
0
64
0
12544
64
64
0
12672
128
64
0
0
192
64
1
640
256
64
1
640
320
64
1
640
384
64
1
640
448
64
1
640
512
64
1
640
576
64
1
640
640
64
1
640
704
64
1
640
768
64
1
640
832
64
1
640
896
64
1
640
960
64
1
640
1024
64
1
640
1088
64
1
640
1152
64
1
640
1216
64
1
640
1280
64
1
640
1344
64
1
640
1408
64
1
640
1472
64
1
640
1536
64
1
640
1600
64
1
640
1664
64
1
640
1728
64
1
640
1792
64
1
640
1856
64
1
640
1920
64
1
640
1984
64
1
12480
0
64
0
12608
64
64
0
12736
128
64
0
64
192
64
1
704
256
64
1
704
320
64
1
704
384
64
1
704
448
64
1
704
512
64
1
704
576
64
1
704
640
64
1
704
704
64
1
704
768
64
1
704
832
64
1
704
896
64
1
704
960
64
1
704
1024
64
1
704
1088
64
1
704
1152
64
1
704
1216
64
1
704
1280
64
1
704
1344
64
1
704
1408
64
1
704
1472
64
1
704
1536
64
1
704
1600
64
1
704
1664
64
1
704
1728
64
1
704
1792
64
1
704
1856
64
1
704
1920
64
1
704
1984
64
1
0
0
64
1
0
64
64
1
0
128
64
1
0
192
64
1
768
256
64
1
768
320
64
1
768
384
64
1
768
448
64
1
768
512
64
1
768
576
64
1
768
640
64
1
768
704
64
1
768
768
64
1
768
832
64
1
768
896
64
1
768
960
64
1
768
1024
64
1
768
1088
64
1
768
1152
64
1
768
1216
64
1
768
1280
64
1
768
1344
64
1
768
1408
64
1
768
1472
64
1
768
1536
64
1
768
1600
64
1
768
1664
64
1
768
1728
64
1
768
1792
64
1
768
1856
64
1
768
1920
64
1
768
1984
64
1
64
0
64
1
64
64
64
1
64
128
64
1
64
192
64
1
832
256
64
1
832
320
64
1
832
384
64
1
832
448
64
1
832
512
64
1
832
576
64
1
832
640
64
1
832
704
64
1
832
768
64
1
832
832
64
1
832
896
64
1
832
960
64
1
832
1024
64
1
832
1088
64
1
832
1152
64
1
832
1216
64
1
832
1280
64
1
832
1344
64
1
832
1408
64
1
832
1472
64
1
832
1536
64
1
832
1600
64
1
832
1664
64
1
832
1728
64
1
832
1792
64
1
832
1856
64
1
832
1920
64
1
832
1984
64
1
0
0
64
1
0
64
64
1
0
128
64
1
0
192
64
1
896
256
64
1
896
320
64
1
896
384
64
1
896
448
64
1
896
512
64
1
896
576
64
1
896
640
64
1
896
704
64
1
896
768
64
1
896
832
64
1
896
896
64
1
896
960
64
1
896
1024
64
1
896
1088
64
1
896
1152
64
1
896
1216
64
1
896
1280
64
1
896
1344
64
1
896
1408
64
1
896
1472
64
1
896
1536
64
1
896
1600
64
1
896
1664
64
1
896
1728
64
1
896
1792
64
1
896
1856
64
1
896
1920
64
1
896
1984
64
1
64
0
64
1
64
64
64
1
64
128
64
1
64
192
64
1
960
256
64
1
960
320
64
1
960
384
64
1
960
448
64
1
960
512
64
1
960
576
64
1
960
640
64
1
960
704
64
1
960
768
64
1
960
832
64
1
960
896
64
1
960
960
64
1
960
1024
64
1
960
1088
64
1
960
1152
64
1
960
1216
64
1
960
1280
64
1
960
1344
64
1
960
1408
64
1
960
1472
64
1
960
1536
64
1
960
1600
64
1
960
1664
64
1
960
1728
64
1
960
1792
64
1
960
1856
64
1
960
1920
64
1
960
1984
64
1
0
0
64
1
0
64
64
1
0
128
64
1
0
192
64
1
1024
256
64
1
1024
320
64
1
1024
384
64
1
1024
448
64
1
1024
512
64
1
1024
576
64
1
1024
640
64
1
1024
704
64
1
1024
768
64
1
1024
832
64
1
1024
896
64
1
1024
960
64
1
1024
1024
64
1
1024
1088
64
1
1024
1152
64
1
1024
1216
64
1
1024
1280
64
1
1024
1344
64
1
1024
1408
64
1
1024
1472
64
1
1024
1536
64
1
1024
1600
64
1
1024
1664
64
1
1024
1728
64
1
1024
1792
64
1
1024
1856
64
1
1024
1920
64
1
1024
1984
64
1
64
0
64
1
64
64
64
1
64
128
64
1
64
192
64
1
1088
256
64
1
1088
320
64
1
1088
384
64
1
1088
448
64
1
1088
512
64
1
1088
576
64
1
1088
640
64
1
1088
704
64
1
1088
768
64
1
1088
832
64
1
1088
896
64
1
1088
960
64
1
1088
1024
64
1
1088
1088
64
1
1088
1152
64
1
1088
1216
64
1
1088
1280
64
1
1088
1344
64
1
1088
1408
64
1
1088
1472
64
1
1088
1536
64
1
1088
1600
64
1
1088
1664
64
1
1088
1728
64
1
1088
1792
64
1
1088
1856
64
1
1088
1920
64
1
1088
1984
64
1
