0
0
32
0
64
32
32
0
128
64
32
0
192
96
32
0
256
128
32
0
320
160
32
0
384
192
32
0
448
224
32
0
512
256
32
0
576
288
32
0
640
320
32
0
704
352
32
0
768
384
32
0
832
416
32
0
896
448
32
0
960
480
32
0
1024
512
32
0
1088
544
32
0
1152
576
32
0
1216
608
32
0
1280
640
32
0
1344
672
32
0
1408
704
32
0
1472
736
32
0
1536
768
32
0
1600
800
32
0
1664
832
32
0
1728
864
32
0
1792
896
32
0
1856
928
32
0
1920
960
32
0
1984
992
32
0
32
0
32
0
96
32
32
0
160
64
32
0
224
96
32
0
288
128
32
0
352
160
32
0
416
192
32
0
480
224
32
0
544
256
32
0
608
288
32
0
672
320
32
0
736
352
32
0
800
384
32
0
864
416
32
0
928
448
32
0
992
480
32
0
1056
512
32
0
1120
544
32
0
1184
576
32
0
1248
608
32
0
1312
640
32
0
1376
672
32
0
1440
704
32
0
1504
736
32
0
1568
768
32
0
1632
800
32
0
1696
832
32
0
1760
864
32
0
1824
896
32
0
1888
928
32
0
1952
960
32
0
2016
992
32
0
2048
0
32
0
2112
32
32
0
2176
64
32
0
2240
96
32
0
2304
128
32
0
2368
160
32
0
2432
192
32
0
2496
224
32
0
2560
256
32
0
2624
288
32
0
2688
320
32
0
2752
352
32
0
2816
384
32
0
2880
416
32
0
2944
448
32
0
3008
480
32
0
3072
512
32
0
3136
544
32
0
3200
576
32
0
3264
608
32
0
3328
640
32
0
3392
672
32
0
3456
704
32
0
3520
736
32
0
3584
768
32
0
3648
800
32
0
3712
832
32
0
3776
864
32
0
3840
896
32
0
3904
928
32
0
3968
960
32
0
4032
992
32
0
2080
0
32
0
2144
32
32
0
2208
64
32
0
2272
96
32
0
2336
128
32
0
2400
160
32
0
2464
192
32
0
2528
224
32
0
2592
256
32
0
2656
288
32
0
2720
320
32
0
2784
352
32
0
2848
384
32
0
2912
416
32
0
2976
448
32
0
3040
480
32
0
3104
512
32
0
3168
544
32
0
3232
576
32
0
3296
608
32
0
3360
640
32
0
3424
672
32
0
3488
704
32
0
3552
736
32
0
3616
768
32
0
3680
800
32
0
3744
832
32
0
3808
864
32
0
3872
896
32
0
3936
928
32
0
4000
960
32
0
4064
992
32
0
