0
0
64
0
256
64
64
0
512
128
64
0
768
192
64
0
2560
256
64
0
2816
320
64
0
3072
384
64
0
3328
448
64
0
5120
512
64
0
5376
576
64
0
5632
640
64
0
5888
704
64
0
7680
768
64
0
7936
832
64
0
8192
896
64
0
8448
960
64
0
0
1024
64
1
0
1088
64
1
0
1152
64
1
0
1216
64
1
0
1280
64
1
0
1344
64
1
0
1408
64
1
0
1472
64
1
0
1536
64
1
0
1600
64
1
0
1664
64
1
0
1728
64
1
0
1792
64
1
0
1856
64
1
0
1920
64
1
0
1984
64
1
64
0
64
0
320
64
64
0
576
128
64
0
832
192
64
0
2624
256
64
0
2880
320
64
0
3136
384
64
0
3392
448
64
0
5184
512
64
0
5440
576
64
0
5696
640
64
0
5952
704
64
0
7744
768
64
0
8000
832
64
0
8256
896
64
0
8512
960
64
0
64
1024
64
1
64
1088
64
1
64
1152
64
1
64
1216
64
1
64
1280
64
1
64
1344
64
1
64
1408
64
1
64
1472
64
1
64
1536
64
1
64
1600
64
1
64
1664
64
1
64
1728
64
1
64
1792
64
1
64
1856
64
1
64
1920
64
1
64
1984
64
1
128
0
64
0
384
64
64
0
640
128
64
0
896
192
64
0
2688
256
64
0
2944
320
64
0
3200
384
64
0
3456
448
64
0
5248
512
64
0
5504
576
64
0
5760
640
64
0
6016
704
64
0
7808
768
64
0
8064
832
64
0
8320
896
64
0
8576
960
64
0
128
1024
64
1
128
1088
64
1
128
1152
64
1
128
1216
64
1
128
1280
64
1
128
1344
64
1
128
1408
64
1
128
1472
64
1
128
1536
64
1
128
1600
64
1
128
1664
64
1
128
1728
64
1
128
1792
64
1
128
1856
64
1
128
1920
64
1
128
1984
64
1
192
0
64
0
448
64
64
0
704
128
64
0
960
192
64
0
2752
256
64
0
3008
320
64
0
3264
384
64
0
3520
448
64
0
5312
512
64
0
5568
576
64
0
5824
640
64
0
6080
704
64
0
7872
768
64
0
8128
832
64
0
8384
896
64
0
8640
960
64
0
192
1024
64
1
192
1088
64
1
192
1152
64
1
192
1216
64
1
192
1280
64
1
192
1344
64
1
192
1408
64
1
192
1472
64
1
192
1536
64
1
192
1600
64
1
192
1664
64
1
192
1728
64
1
192
1792
64
1
192
1856
64
1
192
1920
64
1
192
1984
64
1
256
0
64
0
512
64
64
0
768
128
64
0
1024
192
64
0
2816
256
64
0
3072
320
64
0
3328
384
64
0
3584
448
64
0
5376
512
64
0
5632
576
64
0
5888
640
64
0
6144
704
64
0
7936
768
64
0
8192
832
64
0
8448
896
64
0
8704
960
64
0
256
1024
64
1
256
1088
64
1
256
1152
64
1
256
1216
64
1
256
1280
64
1
256
1344
64
1
256
1408
64
1
256
1472
64
1
256
1536
64
1
256
1600
64
1
256
1664
64
1
256
1728
64
1
256
1792
64
1
256
1856
64
1
256
1920
64
1
256
1984
64
1
320
0
64
0
576
64
64
0
832
128
64
0
1088
192
64
0
2880
256
64
0
3136
320
64
0
3392
384
64
0
3648
448
64
0
5440
512
64
0
5696
576
64
0
5952
640
64
0
6208
704
64
0
8000
768
64
0
8256
832
64
0
8512
896
64
0
8768
960
64
0
320
1024
64
1
320
1088
64
1
320
1152
64
1
320
1216
64
1
320
1280
64
1
320
1344
64
1
320
1408
64
1
320
1472
64
1
320
1536
64
1
320
1600
64
1
320
1664
64
1
320
1728
64
1
320
1792
64
1
320
1856
64
1
320
1920
64
1
320
1984
64
1
1280
0
64
0
1536
64
64
0
1792
128
64
0
2048
192
64
0
3840
256
64
0
4096
320
64
0
4352
384
64
0
4608
448
64
0
6400
512
64
0
6656
576
64
0
6912
640
64
0
7168
704
64
0
8960
768
64
0
9216
832
64
0
9472
896
64
0
9728
960
64
0
384
1024
64
1
384
1088
64
1
384
1152
64
1
384
1216
64
1
384
1280
64
1
384
1344
64
1
384
1408
64
1
384
1472
64
1
384
1536
64
1
384
1600
64
1
384
1664
64
1
384
1728
64
1
384
1792
64
1
384
1856
64
1
384
1920
64
1
384
1984
64
1
1344
0
64
0
1600
64
64
0
1856
128
64
0
2112
192
64
0
3904
256
64
0
4160
320
64
0
4416
384
64
0
4672
448
64
0
6464
512
64
0
6720
576
64
0
6976
640
64
0
7232
704
64
0
9024
768
64
0
9280
832
64
0
9536
896
64
0
9792
960
64
0
448
1024
64
1
448
1088
64
1
448
1152
64
1
448
1216
64
1
448
1280
64
1
448
1344
64
1
448
1408
64
1
448
1472
64
1
448
1536
64
1
448
1600
64
1
448
1664
64
1
448
1728
64
1
448
1792
64
1
448
1856
64
1
448
1920
64
1
448
1984
64
1
1408
0
64
0
1664
64
64
0
1920
128
64
0
2176
192
64
0
3968
256
64
0
4224
320
64
0
4480
384
64
0
4736
448
64
0
6528
512
64
0
6784
576
64
0
7040
640
64
0
7296
704
64
0
9088
768
64
0
9344
832
64
0
9600
896
64
0
9856
960
64
0
512
1024
64
1
512
1088
64
1
512
1152
64
1
512
1216
64
1
512
1280
64
1
512
1344
64
1
512
1408
64
1
512
1472
64
1
512
1536
64
1
512
1600
64
1
512
1664
64
1
512
1728
64
1
512
1792
64
1
512
1856
64
1
512
1920
64
1
512
1984
64
1
1472
0
64
0
1728
64
64
0
1984
128
64
0
2240
192
64
0
4032
256
64
0
4288
320
64
0
4544
384
64
0
4800
448
64
0
6592
512
64
0
6848
576
64
0
7104
640
64
0
7360
704
64
0
9152
768
64
0
9408
832
64
0
9664
896
64
0
9920
960
64
0
576
1024
64
1
576
1088
64
1
576
1152
64
1
576
1216
64
1
576
1280
64
1
576
1344
64
1
576
1408
64
1
576
1472
64
1
576
1536
64
1
576
1600
64
1
576
1664
64
1
576
1728
64
1
576
1792
64
1
576
1856
64
1
576
1920
64
1
576
1984
64
1
1536
0
64
0
1792
64
64
0
2048
128
64
0
2304
192
64
0
4096
256
64
0
4352
320
64
0
4608
384
64
0
4864
448
64
0
6656
512
64
0
6912
576
64
0
7168
640
64
0
7424
704
64
0
9216
768
64
0
9472
832
64
0
9728
896
64
0
9984
960
64
0
640
1024
64
1
640
1088
64
1
640
1152
64
1
640
1216
64
1
640
1280
64
1
640
1344
64
1
640
1408
64
1
640
1472
64
1
640
1536
64
1
640
1600
64
1
640
1664
64
1
640
1728
64
1
640
1792
64
1
640
1856
64
1
640
1920
64
1
640
1984
64
1
1600
0
64
0
1856
64
64
0
2112
128
64
0
2368
192
64
0
4160
256
64
0
4416
320
64
0
4672
384
64
0
4928
448
64
0
6720
512
64
0
6976
576
64
0
7232
640
64
0
7488
704
64
0
9280
768
64
0
9536
832
64
0
9792
896
64
0
10048
960
64
0
704
1024
64
1
704
1088
64
1
704
1152
64
1
704
1216
64
1
704
1280
64
1
704
1344
64
1
704
1408
64
1
704
1472
64
1
704
1536
64
1
704
1600
64
1
704
1664
64
1
704
1728
64
1
704
1792
64
1
704
1856
64
1
704
1920
64
1
704
1984
64
1
2560
0
64
0
2816
64
64
0
3072
128
64
0
3328
192
64
0
5120
256
64
0
5376
320
64
0
5632
384
64
0
5888
448
64
0
7680
512
64
0
7936
576
64
0
8192
640
64
0
8448
704
64
0
10240
768
64
0
10496
832
64
0
10752
896
64
0
11008
960
64
0
768
1024
64
1
768
1088
64
1
768
1152
64
1
768
1216
64
1
768
1280
64
1
768
1344
64
1
768
1408
64
1
768
1472
64
1
768
1536
64
1
768
1600
64
1
768
1664
64
1
768
1728
64
1
768
1792
64
1
768
1856
64
1
768
1920
64
1
768
1984
64
1
2624
0
64
0
2880
64
64
0
3136
128
64
0
3392
192
64
0
5184
256
64
0
5440
320
64
0
5696
384
64
0
5952
448
64
0
7744
512
64
0
8000
576
64
0
8256
640
64
0
8512
704
64
0
10304
768
64
0
10560
832
64
0
10816
896
64
0
11072
960
64
0
832
1024
64
1
832
1088
64
1
832
1152
64
1
832
1216
64
1
832
1280
64
1
832
1344
64
1
832
1408
64
1
832
1472
64
1
832
1536
64
1
832
1600
64
1
832
1664
64
1
832
1728
64
1
832
1792
64
1
832
1856
64
1
832
1920
64
1
832
1984
64
1
2688
0
64
0
2944
64
64
0
3200
128
64
0
3456
192
64
0
5248
256
64
0
5504
320
64
0
5760
384
64
0
6016
448
64
0
7808
512
64
0
8064
576
64
0
8320
640
64
0
8576
704
64
0
10368
768
64
0
10624
832
64
0
10880
896
64
0
11136
960
64
0
896
1024
64
1
896
1088
64
1
896
1152
64
1
896
1216
64
1
896
1280
64
1
896
1344
64
1
896
1408
64
1
896
1472
64
1
896
1536
64
1
896
1600
64
1
896
1664
64
1
896
1728
64
1
896
1792
64
1
896
1856
64
1
896
1920
64
1
896
1984
64
1
2752
0
64
0
3008
64
64
0
3264
128
64
0
3520
192
64
0
5312
256
64
0
5568
320
64
0
5824
384
64
0
6080
448
64
0
7872
512
64
0
8128
576
64
0
8384
640
64
0
8640
704
64
0
10432
768
64
0
10688
832
64
0
10944
896
64
0
11200
960
64
0
960
1024
64
1
960
1088
64
1
960
1152
64
1
960
1216
64
1
960
1280
64
1
960
1344
64
1
960
1408
64
1
960
1472
64
1
960
1536
64
1
960
1600
64
1
960
1664
64
1
960
1728
64
1
960
1792
64
1
960
1856
64
1
960
1920
64
1
960
1984
64
1
2816
0
64
0
3072
64
64
0
3328
128
64
0
3584
192
64
0
5376
256
64
0
5632
320
64
0
5888
384
64
0
6144
448
64
0
7936
512
64
0
8192
576
64
0
8448
640
64
0
8704
704
64
0
10496
768
64
0
10752
832
64
0
11008
896
64
0
11264
960
64
0
1024
1024
64
1
1024
1088
64
1
1024
1152
64
1
1024
1216
64
1
1024
1280
64
1
1024
1344
64
1
1024
1408
64
1
1024
1472
64
1
1024
1536
64
1
1024
1600
64
1
1024
1664
64
1
1024
1728
64
1
1024
1792
64
1
1024
1856
64
1
1024
1920
64
1
1024
1984
64
1
2880
0
64
0
3136
64
64
0
3392
128
64
0
3648
192
64
0
5440
256
64
0
5696
320
64
0
5952
384
64
0
6208
448
64
0
8000
512
64
0
8256
576
64
0
8512
640
64
0
8768
704
64
0
10560
768
64
0
10816
832
64
0
11072
896
64
0
11328
960
64
0
1088
1024
64
1
1088
1088
64
1
1088
1152
64
1
1088
1216
64
1
1088
1280
64
1
1088
1344
64
1
1088
1408
64
1
1088
1472
64
1
1088
1536
64
1
1088
1600
64
1
1088
1664
64
1
1088
1728
64
1
1088
1792
64
1
1088
1856
64
1
1088
1920
64
1
1088
1984
64
1
