0
0
64
0
128
64
64
0
256
128
64
0
384
192
64
0
512
256
64
0
640
320
64
0
768
384
64
0
1152
448
64
0
1280
512
64
0
1408
576
64
0
1536
640
64
0
1664
704
64
0
1792
768
64
0
1920
832
64
0
2304
896
64
0
2432
960
64
0
2560
1024
64
0
2688
1088
64
0
2816
1152
64
0
2944
1216
64
0
3072
1280
64
0
3456
1344
64
0
3584
1408
64
0
3712
1472
64
0
3840
1536
64
0
3968
1600
64
0
4096
1664
64
0
4224
1728
64
0
4608
1792
64
0
4736
1856
64
0
4864
1920
64
0
4992
1984
64
0
64
0
64
0
192
64
64
0
320
128
64
0
448
192
64
0
576
256
64
0
704
320
64
0
832
384
64
0
1216
448
64
0
1344
512
64
0
1472
576
64
0
1600
640
64
0
1728
704
64
0
1856
768
64
0
1984
832
64
0
2368
896
64
0
2496
960
64
0
2624
1024
64
0
2752
1088
64
0
2880
1152
64
0
3008
1216
64
0
3136
1280
64
0
3520
1344
64
0
3648
1408
64
0
3776
1472
64
0
3904
1536
64
0
4032
1600
64
0
4160
1664
64
0
4288
1728
64
0
4672
1792
64
0
4800
1856
64
0
4928
1920
64
0
5056
1984
64
0
128
0
64
0
256
64
64
0
384
128
64
0
512
192
64
0
640
256
64
0
768
320
64
0
896
384
64
0
1280
448
64
0
1408
512
64
0
1536
576
64
0
1664
640
64
0
1792
704
64
0
1920
768
64
0
2048
832
64
0
2432
896
64
0
2560
960
64
0
2688
1024
64
0
2816
1088
64
0
2944
1152
64
0
3072
1216
64
0
3200
1280
64
0
3584
1344
64
0
3712
1408
64
0
3840
1472
64
0
3968
1536
64
0
4096
1600
64
0
4224
1664
64
0
4352
1728
64
0
4736
1792
64
0
4864
1856
64
0
4992
1920
64
0
5120
1984
64
0
192
0
64
0
320
64
64
0
448
128
64
0
576
192
64
0
704
256
64
0
832
320
64
0
960
384
64
0
1344
448
64
0
1472
512
64
0
1600
576
64
0
1728
640
64
0
1856
704
64
0
1984
768
64
0
2112
832
64
0
2496
896
64
0
2624
960
64
0
2752
1024
64
0
2880
1088
64
0
3008
1152
64
0
3136
1216
64
0
3264
1280
64
0
3648
1344
64
0
3776
1408
64
0
3904
1472
64
0
4032
1536
64
0
4160
1600
64
0
4288
1664
64
0
4416
1728
64
0
4800
1792
64
0
4928
1856
64
0
5056
1920
64
0
5184
1984
64
0
256
0
64
0
384
64
64
0
512
128
64
0
640
192
64
0
768
256
64
0
896
320
64
0
1024
384
64
0
1408
448
64
0
1536
512
64
0
1664
576
64
0
1792
640
64
0
1920
704
64
0
2048
768
64
0
2176
832
64
0
2560
896
64
0
2688
960
64
0
2816
1024
64
0
2944
1088
64
0
3072
1152
64
0
3200
1216
64
0
3328
1280
64
0
3712
1344
64
0
3840
1408
64
0
3968
1472
64
0
4096
1536
64
0
4224
1600
64
0
4352
1664
64
0
4480
1728
64
0
4864
1792
64
0
4992
1856
64
0
5120
1920
64
0
5248
1984
64
0
320
0
64
0
448
64
64
0
576
128
64
0
704
192
64
0
832
256
64
0
960
320
64
0
1088
384
64
0
1472
448
64
0
1600
512
64
0
1728
576
64
0
1856
640
64
0
1984
704
64
0
2112
768
64
0
2240
832
64
0
2624
896
64
0
2752
960
64
0
2880
1024
64
0
3008
1088
64
0
3136
1152
64
0
3264
1216
64
0
3392
1280
64
0
3776
1344
64
0
3904
1408
64
0
4032
1472
64
0
4160
1536
64
0
4288
1600
64
0
4416
1664
64
0
4544
1728
64
0
4928
1792
64
0
5056
1856
64
0
5184
1920
64
0
5312
1984
64
0
1152
0
64
0
1280
64
64
0
1408
128
64
0
1536
192
64
0
1664
256
64
0
1792
320
64
0
1920
384
64
0
2304
448
64
0
2432
512
64
0
2560
576
64
0
2688
640
64
0
2816
704
64
0
2944
768
64
0
3072
832
64
0
3456
896
64
0
3584
960
64
0
3712
1024
64
0
3840
1088
64
0
3968
1152
64
0
4096
1216
64
0
4224
1280
64
0
4608
1344
64
0
4736
1408
64
0
4864
1472
64
0
4992
1536
64
0
5120
1600
64
0
5248
1664
64
0
5376
1728
64
0
5760
1792
64
0
5888
1856
64
0
6016
1920
64
0
6144
1984
64
0
1216
0
64
0
1344
64
64
0
1472
128
64
0
1600
192
64
0
1728
256
64
0
1856
320
64
0
1984
384
64
0
2368
448
64
0
2496
512
64
0
2624
576
64
0
2752
640
64
0
2880
704
64
0
3008
768
64
0
3136
832
64
0
3520
896
64
0
3648
960
64
0
3776
1024
64
0
3904
1088
64
0
4032
1152
64
0
4160
1216
64
0
4288
1280
64
0
4672
1344
64
0
4800
1408
64
0
4928
1472
64
0
5056
1536
64
0
5184
1600
64
0
5312
1664
64
0
5440
1728
64
0
5824
1792
64
0
5952
1856
64
0
6080
1920
64
0
6208
1984
64
0
1280
0
64
0
1408
64
64
0
1536
128
64
0
1664
192
64
0
1792
256
64
0
1920
320
64
0
2048
384
64
0
2432
448
64
0
2560
512
64
0
2688
576
64
0
2816
640
64
0
2944
704
64
0
3072
768
64
0
3200
832
64
0
3584
896
64
0
3712
960
64
0
3840
1024
64
0
3968
1088
64
0
4096
1152
64
0
4224
1216
64
0
4352
1280
64
0
4736
1344
64
0
4864
1408
64
0
4992
1472
64
0
5120
1536
64
0
5248
1600
64
0
5376
1664
64
0
5504
1728
64
0
5888
1792
64
0
6016
1856
64
0
6144
1920
64
0
6272
1984
64
0
1344
0
64
0
1472
64
64
0
1600
128
64
0
1728
192
64
0
1856
256
64
0
1984
320
64
0
2112
384
64
0
2496
448
64
0
2624
512
64
0
2752
576
64
0
2880
640
64
0
3008
704
64
0
3136
768
64
0
3264
832
64
0
3648
896
64
0
3776
960
64
0
3904
1024
64
0
4032
1088
64
0
4160
1152
64
0
4288
1216
64
0
4416
1280
64
0
4800
1344
64
0
4928
1408
64
0
5056
1472
64
0
5184
1536
64
0
5312
1600
64
0
5440
1664
64
0
5568
1728
64
0
5952
1792
64
0
6080
1856
64
0
6208
1920
64
0
6336
1984
64
0
1408
0
64
0
1536
64
64
0
1664
128
64
0
1792
192
64
0
1920
256
64
0
2048
320
64
0
2176
384
64
0
2560
448
64
0
2688
512
64
0
2816
576
64
0
2944
640
64
0
3072
704
64
0
3200
768
64
0
3328
832
64
0
3712
896
64
0
3840
960
64
0
3968
1024
64
0
4096
1088
64
0
4224
1152
64
0
4352
1216
64
0
4480
1280
64
0
4864
1344
64
0
4992
1408
64
0
5120
1472
64
0
5248
1536
64
0
5376
1600
64
0
5504
1664
64
0
5632
1728
64
0
6016
1792
64
0
6144
1856
64
0
6272
1920
64
0
6400
1984
64
0
1472
0
64
0
1600
64
64
0
1728
128
64
0
1856
192
64
0
1984
256
64
0
2112
320
64
0
2240
384
64
0
2624
448
64
0
2752
512
64
0
2880
576
64
0
3008
640
64
0
3136
704
64
0
3264
768
64
0
3392
832
64
0
3776
896
64
0
3904
960
64
0
4032
1024
64
0
4160
1088
64
0
4288
1152
64
0
4416
1216
64
0
4544
1280
64
0
4928
1344
64
0
5056
1408
64
0
5184
1472
64
0
5312
1536
64
0
5440
1600
64
0
5568
1664
64
0
5696
1728
64
0
6080
1792
64
0
6208
1856
64
0
6336
1920
64
0
6464
1984
64
0
2304
0
64
0
2432
64
64
0
2560
128
64
0
2688
192
64
0
2816
256
64
0
2944
320
64
0
3072
384
64
0
3456
448
64
0
3584
512
64
0
3712
576
64
0
3840
640
64
0
3968
704
64
0
4096
768
64
0
4224
832
64
0
4608
896
64
0
4736
960
64
0
4864
1024
64
0
4992
1088
64
0
5120
1152
64
0
5248
1216
64
0
5376
1280
64
0
5760
1344
64
0
5888
1408
64
0
6016
1472
64
0
6144
1536
64
0
6272
1600
64
0
6400
1664
64
0
6528
1728
64
0
6912
1792
64
0
7040
1856
64
0
7168
1920
64
0
7296
1984
64
0
2368
0
64
0
2496
64
64
0
2624
128
64
0
2752
192
64
0
2880
256
64
0
3008
320
64
0
3136
384
64
0
3520
448
64
0
3648
512
64
0
3776
576
64
0
3904
640
64
0
4032
704
64
0
4160
768
64
0
4288
832
64
0
4672
896
64
0
4800
960
64
0
4928
1024
64
0
5056
1088
64
0
5184
1152
64
0
5312
1216
64
0
5440
1280
64
0
5824
1344
64
0
5952
1408
64
0
6080
1472
64
0
6208
1536
64
0
6336
1600
64
0
6464
1664
64
0
6592
1728
64
0
6976
1792
64
0
7104
1856
64
0
7232
1920
64
0
7360
1984
64
0
2432
0
64
0
2560
64
64
0
2688
128
64
0
2816
192
64
0
2944
256
64
0
3072
320
64
0
3200
384
64
0
3584
448
64
0
3712
512
64
0
3840
576
64
0
3968
640
64
0
4096
704
64
0
4224
768
64
0
4352
832
64
0
4736
896
64
0
4864
960
64
0
4992
1024
64
0
5120
1088
64
0
5248
1152
64
0
5376
1216
64
0
5504
1280
64
0
5888
1344
64
0
6016
1408
64
0
6144
1472
64
0
6272
1536
64
0
6400
1600
64
0
6528
1664
64
0
6656
1728
64
0
7040
1792
64
0
7168
1856
64
0
7296
1920
64
0
7424
1984
64
0
2496
0
64
0
2624
64
64
0
2752
128
64
0
2880
192
64
0
3008
256
64
0
3136
320
64
0
3264
384
64
0
3648
448
64
0
3776
512
64
0
3904
576
64
0
4032
640
64
0
4160
704
64
0
4288
768
64
0
4416
832
64
0
4800
896
64
0
4928
960
64
0
5056
1024
64
0
5184
1088
64
0
5312
1152
64
0
5440
1216
64
0
5568
1280
64
0
5952
1344
64
0
6080
1408
64
0
6208
1472
64
0
6336
1536
64
0
6464
1600
64
0
6592
1664
64
0
6720
1728
64
0
7104
1792
64
0
7232
1856
64
0
7360
1920
64
0
7488
1984
64
0
2560
0
64
0
2688
64
64
0
2816
128
64
0
2944
192
64
0
3072
256
64
0
3200
320
64
0
3328
384
64
0
3712
448
64
0
3840
512
64
0
3968
576
64
0
4096
640
64
0
4224
704
64
0
4352
768
64
0
4480
832
64
0
4864
896
64
0
4992
960
64
0
5120
1024
64
0
5248
1088
64
0
5376
1152
64
0
5504
1216
64
0
5632
1280
64
0
6016
1344
64
0
6144
1408
64
0
6272
1472
64
0
6400
1536
64
0
6528
1600
64
0
6656
1664
64
0
6784
1728
64
0
7168
1792
64
0
7296
1856
64
0
7424
1920
64
0
7552
1984
64
0
2624
0
64
0
2752
64
64
0
2880
128
64
0
3008
192
64
0
3136
256
64
0
3264
320
64
0
3392
384
64
0
3776
448
64
0
3904
512
64
0
4032
576
64
0
4160
640
64
0
4288
704
64
0
4416
768
64
0
4544
832
64
0
4928
896
64
0
5056
960
64
0
5184
1024
64
0
5312
1088
64
0
5440
1152
64
0
5568
1216
64
0
5696
1280
64
0
6080
1344
64
0
6208
1408
64
0
6336
1472
64
0
6464
1536
64
0
6592
1600
64
0
6720
1664
64
0
6848
1728
64
0
7232
1792
64
0
7360
1856
64
0
7488
1920
64
0
7616
1984
64
0
5120
0
64
0
5248
64
64
0
5376
128
64
0
5760
192
64
0
5888
256
64
0
6016
320
64
0
6144
384
64
0
6272
448
64
0
6400
512
64
0
6528
576
64
0
6912
640
64
0
7040
704
64
0
7168
768
64
0
7296
832
64
0
7424
896
64
0
7552
960
64
0
7680
1024
64
0
0
1088
64
1
0
1152
64
1
0
1216
64
1
0
1280
64
1
0
1344
64
1
0
1408
64
1
0
1472
64
1
0
1536
64
1
0
1600
64
1
0
1664
64
1
0
1728
64
1
0
1792
64
1
0
1856
64
1
0
1920
64
1
0
1984
64
1
5184
0
64
0
5312
64
64
0
5440
128
64
0
5824
192
64
0
5952
256
64
0
6080
320
64
0
6208
384
64
0
6336
448
64
0
6464
512
64
0
6592
576
64
0
6976
640
64
0
7104
704
64
0
7232
768
64
0
7360
832
64
0
7488
896
64
0
7616
960
64
0
7744
1024
64
0
64
1088
64
1
64
1152
64
1
64
1216
64
1
64
1280
64
1
64
1344
64
1
64
1408
64
1
64
1472
64
1
64
1536
64
1
64
1600
64
1
64
1664
64
1
64
1728
64
1
64
1792
64
1
64
1856
64
1
64
1920
64
1
64
1984
64
1
5248
0
64
0
5376
64
64
0
5504
128
64
0
5888
192
64
0
6016
256
64
0
6144
320
64
0
6272
384
64
0
6400
448
64
0
6528
512
64
0
6656
576
64
0
7040
640
64
0
7168
704
64
0
7296
768
64
0
7424
832
64
0
7552
896
64
0
7680
960
64
0
7808
1024
64
0
128
1088
64
1
128
1152
64
1
128
1216
64
1
128
1280
64
1
128
1344
64
1
128
1408
64
1
128
1472
64
1
128
1536
64
1
128
1600
64
1
128
1664
64
1
128
1728
64
1
128
1792
64
1
128
1856
64
1
128
1920
64
1
128
1984
64
1
5312
0
64
0
5440
64
64
0
5568
128
64
0
5952
192
64
0
6080
256
64
0
6208
320
64
0
6336
384
64
0
6464
448
64
0
6592
512
64
0
6720
576
64
0
7104
640
64
0
7232
704
64
0
7360
768
64
0
7488
832
64
0
7616
896
64
0
7744
960
64
0
7872
1024
64
0
192
1088
64
1
192
1152
64
1
192
1216
64
1
192
1280
64
1
192
1344
64
1
192
1408
64
1
192
1472
64
1
192
1536
64
1
192
1600
64
1
192
1664
64
1
192
1728
64
1
192
1792
64
1
192
1856
64
1
192
1920
64
1
192
1984
64
1
5376
0
64
0
5504
64
64
0
5632
128
64
0
6016
192
64
0
6144
256
64
0
6272
320
64
0
6400
384
64
0
6528
448
64
0
6656
512
64
0
6784
576
64
0
7168
640
64
0
7296
704
64
0
7424
768
64
0
7552
832
64
0
7680
896
64
0
7808
960
64
0
7936
1024
64
0
256
1088
64
1
256
1152
64
1
256
1216
64
1
256
1280
64
1
256
1344
64
1
256
1408
64
1
256
1472
64
1
256
1536
64
1
256
1600
64
1
256
1664
64
1
256
1728
64
1
256
1792
64
1
256
1856
64
1
256
1920
64
1
256
1984
64
1
5440
0
64
0
5568
64
64
0
5696
128
64
0
6080
192
64
0
6208
256
64
0
6336
320
64
0
6464
384
64
0
6592
448
64
0
6720
512
64
0
6848
576
64
0
7232
640
64
0
7360
704
64
0
7488
768
64
0
7616
832
64
0
7744
896
64
0
7872
960
64
0
8000
1024
64
0
320
1088
64
1
320
1152
64
1
320
1216
64
1
320
1280
64
1
320
1344
64
1
320
1408
64
1
320
1472
64
1
320
1536
64
1
320
1600
64
1
320
1664
64
1
320
1728
64
1
320
1792
64
1
320
1856
64
1
320
1920
64
1
320
1984
64
1
6272
0
64
0
6400
64
64
0
6528
128
64
0
6912
192
64
0
7040
256
64
0
7168
320
64
0
7296
384
64
0
7424
448
64
0
7552
512
64
0
7680
576
64
0
8064
640
64
0
8192
704
64
0
8320
768
64
0
8448
832
64
0
8576
896
64
0
8704
960
64
0
8832
1024
64
0
384
1088
64
1
384
1152
64
1
384
1216
64
1
384
1280
64
1
384
1344
64
1
384
1408
64
1
384
1472
64
1
384
1536
64
1
384
1600
64
1
384
1664
64
1
384
1728
64
1
384
1792
64
1
384
1856
64
1
384
1920
64
1
384
1984
64
1
6336
0
64
0
6464
64
64
0
6592
128
64
0
6976
192
64
0
7104
256
64
0
7232
320
64
0
7360
384
64
0
7488
448
64
0
7616
512
64
0
7744
576
64
0
8128
640
64
0
8256
704
64
0
8384
768
64
0
8512
832
64
0
8640
896
64
0
8768
960
64
0
8896
1024
64
0
448
1088
64
1
448
1152
64
1
448
1216
64
1
448
1280
64
1
448
1344
64
1
448
1408
64
1
448
1472
64
1
448
1536
64
1
448
1600
64
1
448
1664
64
1
448
1728
64
1
448
1792
64
1
448
1856
64
1
448
1920
64
1
448
1984
64
1
6400
0
64
0
6528
64
64
0
6656
128
64
0
7040
192
64
0
7168
256
64
0
7296
320
64
0
7424
384
64
0
7552
448
64
0
7680
512
64
0
7808
576
64
0
8192
640
64
0
8320
704
64
0
8448
768
64
0
8576
832
64
0
8704
896
64
0
8832
960
64
0
8960
1024
64
0
512
1088
64
1
512
1152
64
1
512
1216
64
1
512
1280
64
1
512
1344
64
1
512
1408
64
1
512
1472
64
1
512
1536
64
1
512
1600
64
1
512
1664
64
1
512
1728
64
1
512
1792
64
1
512
1856
64
1
512
1920
64
1
512
1984
64
1
6464
0
64
0
6592
64
64
0
6720
128
64
0
7104
192
64
0
7232
256
64
0
7360
320
64
0
7488
384
64
0
7616
448
64
0
7744
512
64
0
7872
576
64
0
8256
640
64
0
8384
704
64
0
8512
768
64
0
8640
832
64
0
8768
896
64
0
8896
960
64
0
9024
1024
64
0
576
1088
64
1
576
1152
64
1
576
1216
64
1
576
1280
64
1
576
1344
64
1
576
1408
64
1
576
1472
64
1
576
1536
64
1
576
1600
64
1
576
1664
64
1
576
1728
64
1
576
1792
64
1
576
1856
64
1
576
1920
64
1
576
1984
64
1
6528
0
64
0
6656
64
64
0
6784
128
64
0
7168
192
64
0
7296
256
64
0
7424
320
64
0
7552
384
64
0
7680
448
64
0
7808
512
64
0
7936
576
64
0
8320
640
64
0
8448
704
64
0
8576
768
64
0
8704
832
64
0
8832
896
64
0
8960
960
64
0
9088
1024
64
0
640
1088
64
1
640
1152
64
1
640
1216
64
1
640
1280
64
1
640
1344
64
1
640
1408
64
1
640
1472
64
1
640
1536
64
1
640
1600
64
1
640
1664
64
1
640
1728
64
1
640
1792
64
1
640
1856
64
1
640
1920
64
1
640
1984
64
1
6592
0
64
0
6720
64
64
0
6848
128
64
0
7232
192
64
0
7360
256
64
0
7488
320
64
0
7616
384
64
0
7744
448
64
0
7872
512
64
0
8000
576
64
0
8384
640
64
0
8512
704
64
0
8640
768
64
0
8768
832
64
0
8896
896
64
0
9024
960
64
0
9152
1024
64
0
704
1088
64
1
704
1152
64
1
704
1216
64
1
704
1280
64
1
704
1344
64
1
704
1408
64
1
704
1472
64
1
704
1536
64
1
704
1600
64
1
704
1664
64
1
704
1728
64
1
704
1792
64
1
704
1856
64
1
704
1920
64
1
704
1984
64
1
7424
0
64
0
7552
64
64
0
7680
128
64
0
8064
192
64
0
8192
256
64
0
8320
320
64
0
8448
384
64
0
8576
448
64
0
8704
512
64
0
8832
576
64
0
9216
640
64
0
9344
704
64
0
9472
768
64
0
9600
832
64
0
9728
896
64
0
9856
960
64
0
9984
1024
64
0
768
1088
64
1
768
1152
64
1
768
1216
64
1
768
1280
64
1
768
1344
64
1
768
1408
64
1
768
1472
64
1
768
1536
64
1
768
1600
64
1
768
1664
64
1
768
1728
64
1
768
1792
64
1
768
1856
64
1
768
1920
64
1
768
1984
64
1
7488
0
64
0
7616
64
64
0
7744
128
64
0
8128
192
64
0
8256
256
64
0
8384
320
64
0
8512
384
64
0
8640
448
64
0
8768
512
64
0
8896
576
64
0
9280
640
64
0
9408
704
64
0
9536
768
64
0
9664
832
64
0
9792
896
64
0
9920
960
64
0
10048
1024
64
0
832
1088
64
1
832
1152
64
1
832
1216
64
1
832
1280
64
1
832
1344
64
1
832
1408
64
1
832
1472
64
1
832
1536
64
1
832
1600
64
1
832
1664
64
1
832
1728
64
1
832
1792
64
1
832
1856
64
1
832
1920
64
1
832
1984
64
1
7552
0
64
0
7680
64
64
0
7808
128
64
0
8192
192
64
0
8320
256
64
0
8448
320
64
0
8576
384
64
0
8704
448
64
0
8832
512
64
0
8960
576
64
0
9344
640
64
0
9472
704
64
0
9600
768
64
0
9728
832
64
0
9856
896
64
0
9984
960
64
0
10112
1024
64
0
896
1088
64
1
896
1152
64
1
896
1216
64
1
896
1280
64
1
896
1344
64
1
896
1408
64
1
896
1472
64
1
896
1536
64
1
896
1600
64
1
896
1664
64
1
896
1728
64
1
896
1792
64
1
896
1856
64
1
896
1920
64
1
896
1984
64
1
7616
0
64
0
7744
64
64
0
7872
128
64
0
8256
192
64
0
8384
256
64
0
8512
320
64
0
8640
384
64
0
8768
448
64
0
8896
512
64
0
9024
576
64
0
9408
640
64
0
9536
704
64
0
9664
768
64
0
9792
832
64
0
9920
896
64
0
10048
960
64
0
10176
1024
64
0
960
1088
64
1
960
1152
64
1
960
1216
64
1
960
1280
64
1
960
1344
64
1
960
1408
64
1
960
1472
64
1
960
1536
64
1
960
1600
64
1
960
1664
64
1
960
1728
64
1
960
1792
64
1
960
1856
64
1
960
1920
64
1
960
1984
64
1
7680
0
64
0
7808
64
64
0
7936
128
64
0
8320
192
64
0
8448
256
64
0
8576
320
64
0
8704
384
64
0
8832
448
64
0
8960
512
64
0
9088
576
64
0
9472
640
64
0
9600
704
64
0
9728
768
64
0
9856
832
64
0
9984
896
64
0
10112
960
64
0
10240
1024
64
0
1024
1088
64
1
1024
1152
64
1
1024
1216
64
1
1024
1280
64
1
1024
1344
64
1
1024
1408
64
1
1024
1472
64
1
1024
1536
64
1
1024
1600
64
1
1024
1664
64
1
1024
1728
64
1
1024
1792
64
1
1024
1856
64
1
1024
1920
64
1
1024
1984
64
1
7744
0
64
0
7872
64
64
0
8000
128
64
0
8384
192
64
0
8512
256
64
0
8640
320
64
0
8768
384
64
0
8896
448
64
0
9024
512
64
0
9152
576
64
0
9536
640
64
0
9664
704
64
0
9792
768
64
0
9920
832
64
0
10048
896
64
0
10176
960
64
0
10304
1024
64
0
1088
1088
64
1
1088
1152
64
1
1088
1216
64
1
1088
1280
64
1
1088
1344
64
1
1088
1408
64
1
1088
1472
64
1
1088
1536
64
1
1088
1600
64
1
1088
1664
64
1
1088
1728
64
1
1088
1792
64
1
1088
1856
64
1
1088
1920
64
1
1088
1984
64
1
