0
0
64
1
0
64
64
1
0
128
64
1
0
192
64
1
0
256
64
1
0
320
64
1
0
384
64
1
0
448
64
1
0
512
64
1
0
576
64
1
0
640
64
1
0
704
64
1
0
768
64
1
0
832
64
1
0
896
64
1
0
960
64
1
1280
1024
64
0
1536
1088
64
0
1792
1152
64
0
2048
1216
64
0
0
1280
64
1
0
1344
64
1
0
1408
64
1
3584
1472
64
0
3840
1536
64
0
4096
1600
64
0
4352
1664
64
0
0
1728
64
1
0
1792
64
1
0
1856
64
1
5888
1920
64
0
6144
1984
64
0
64
0
64
1
64
64
64
1
64
128
64
1
64
192
64
1
64
256
64
1
64
320
64
1
64
384
64
1
64
448
64
1
64
512
64
1
64
576
64
1
64
640
64
1
64
704
64
1
64
768
64
1
64
832
64
1
64
896
64
1
64
960
64
1
1344
1024
64
0
1600
1088
64
0
1856
1152
64
0
2112
1216
64
0
64
1280
64
1
64
1344
64
1
64
1408
64
1
3648
1472
64
0
3904
1536
64
0
4160
1600
64
0
4416
1664
64
0
64
1728
64
1
64
1792
64
1
64
1856
64
1
5952
1920
64
0
6208
1984
64
0
0
0
64
1
0
64
64
1
0
128
64
1
0
192
64
1
0
256
64
1
0
320
64
1
0
384
64
1
0
448
64
1
0
512
64
1
0
576
64
1
0
640
64
1
0
704
64
1
0
768
64
1
0
832
64
1
0
896
64
1
1152
960
64
0
1408
1024
64
0
1664
1088
64
0
1920
1152
64
0
2176
1216
64
0
0
1280
64
1
0
1344
64
1
3456
1408
64
0
3712
1472
64
0
3968
1536
64
0
4224
1600
64
0
4480
1664
64
0
0
1728
64
1
0
1792
64
1
5760
1856
64
0
6016
1920
64
0
6272
1984
64
0
64
0
64
1
64
64
64
1
64
128
64
1
64
192
64
1
64
256
64
1
64
320
64
1
64
384
64
1
64
448
64
1
64
512
64
1
64
576
64
1
64
640
64
1
64
704
64
1
64
768
64
1
64
832
64
1
64
896
64
1
1216
960
64
0
1472
1024
64
0
1728
1088
64
0
1984
1152
64
0
2240
1216
64
0
64
1280
64
1
64
1344
64
1
3520
1408
64
0
3776
1472
64
0
4032
1536
64
0
4288
1600
64
0
4544
1664
64
0
64
1728
64
1
64
1792
64
1
5824
1856
64
0
6080
1920
64
0
6336
1984
64
0
0
0
64
1
0
64
64
1
0
128
64
1
0
192
64
1
0
256
64
1
0
320
64
1
0
384
64
1
0
448
64
1
0
512
64
1
0
576
64
1
0
640
64
1
0
704
64
1
0
768
64
1
0
832
64
1
0
896
64
1
1280
960
64
0
1536
1024
64
0
1792
1088
64
0
2048
1152
64
0
0
1216
64
1
0
1280
64
1
0
1344
64
1
3584
1408
64
0
3840
1472
64
0
4096
1536
64
0
4352
1600
64
0
0
1664
64
1
0
1728
64
1
0
1792
64
1
5888
1856
64
0
6144
1920
64
0
6400
1984
64
0
64
0
64
1
64
64
64
1
64
128
64
1
64
192
64
1
64
256
64
1
64
320
64
1
64
384
64
1
64
448
64
1
64
512
64
1
64
576
64
1
64
640
64
1
64
704
64
1
64
768
64
1
64
832
64
1
64
896
64
1
1344
960
64
0
1600
1024
64
0
1856
1088
64
0
2112
1152
64
0
64
1216
64
1
64
1280
64
1
64
1344
64
1
3648
1408
64
0
3904
1472
64
0
4160
1536
64
0
4416
1600
64
0
64
1664
64
1
64
1728
64
1
64
1792
64
1
5952
1856
64
0
6208
1920
64
0
6464
1984
64
0
0
0
64
1
0
64
64
1
0
128
64
1
0
192
64
1
0
256
64
1
0
320
64
1
0
384
64
1
0
448
64
1
0
512
64
1
128
576
64
0
384
640
64
0
640
704
64
0
896
768
64
0
0
832
64
1
0
896
64
1
0
960
64
1
2432
1024
64
0
2688
1088
64
0
2944
1152
64
0
3200
1216
64
0
0
1280
64
1
0
1344
64
1
0
1408
64
1
4736
1472
64
0
4992
1536
64
0
5248
1600
64
0
5504
1664
64
0
0
1728
64
1
0
1792
64
1
0
1856
64
1
7040
1920
64
0
7296
1984
64
0
64
0
64
1
64
64
64
1
64
128
64
1
64
192
64
1
64
256
64
1
64
320
64
1
64
384
64
1
64
448
64
1
64
512
64
1
192
576
64
0
448
640
64
0
704
704
64
0
960
768
64
0
64
832
64
1
64
896
64
1
64
960
64
1
2496
1024
64
0
2752
1088
64
0
3008
1152
64
0
3264
1216
64
0
64
1280
64
1
64
1344
64
1
64
1408
64
1
4800
1472
64
0
5056
1536
64
0
5312
1600
64
0
5568
1664
64
0
64
1728
64
1
64
1792
64
1
64
1856
64
1
7104
1920
64
0
7360
1984
64
0
0
0
64
1
0
64
64
1
0
128
64
1
0
192
64
1
0
256
64
1
0
320
64
1
0
384
64
1
0
448
64
1
0
512
64
0
256
576
64
0
512
640
64
0
768
704
64
0
1024
768
64
0
0
832
64
1
0
896
64
1
2304
960
64
0
2560
1024
64
0
2816
1088
64
0
3072
1152
64
0
3328
1216
64
0
0
1280
64
1
0
1344
64
1
4608
1408
64
0
4864
1472
64
0
5120
1536
64
0
5376
1600
64
0
5632
1664
64
0
0
1728
64
1
0
1792
64
1
6912
1856
64
0
7168
1920
64
0
7424
1984
64
0
64
0
64
1
64
64
64
1
64
128
64
1
64
192
64
1
64
256
64
1
64
320
64
1
64
384
64
1
64
448
64
1
64
512
64
0
320
576
64
0
576
640
64
0
832
704
64
0
1088
768
64
0
64
832
64
1
64
896
64
1
2368
960
64
0
2624
1024
64
0
2880
1088
64
0
3136
1152
64
0
3392
1216
64
0
64
1280
64
1
64
1344
64
1
4672
1408
64
0
4928
1472
64
0
5184
1536
64
0
5440
1600
64
0
5696
1664
64
0
64
1728
64
1
64
1792
64
1
6976
1856
64
0
7232
1920
64
0
7488
1984
64
0
0
0
64
1
0
64
64
1
0
128
64
1
0
192
64
1
0
256
64
1
0
320
64
1
0
384
64
1
0
448
64
1
128
512
64
0
384
576
64
0
640
640
64
0
896
704
64
0
0
768
64
1
0
832
64
1
0
896
64
1
2432
960
64
0
2688
1024
64
0
2944
1088
64
0
3200
1152
64
0
0
1216
64
1
0
1280
64
1
0
1344
64
1
4736
1408
64
0
4992
1472
64
0
5248
1536
64
0
5504
1600
64
0
0
1664
64
1
0
1728
64
1
0
1792
64
1
7040
1856
64
0
7296
1920
64
0
7552
1984
64
0
64
0
64
1
64
64
64
1
64
128
64
1
64
192
64
1
64
256
64
1
64
320
64
1
64
384
64
1
64
448
64
1
192
512
64
0
448
576
64
0
704
640
64
0
960
704
64
0
64
768
64
1
64
832
64
1
64
896
64
1
2496
960
64
0
2752
1024
64
0
3008
1088
64
0
3264
1152
64
0
64
1216
64
1
64
1280
64
1
64
1344
64
1
4800
1408
64
0
5056
1472
64
0
5312
1536
64
0
5568
1600
64
0
64
1664
64
1
64
1728
64
1
64
1792
64
1
7104
1856
64
0
7360
1920
64
0
7616
1984
64
0
0
0
64
1
0
64
64
1
0
128
64
1
0
192
64
1
0
256
64
1
0
320
64
1
0
384
64
1
0
448
64
1
0
512
64
1
1280
576
64
0
1536
640
64
0
1792
704
64
0
2048
768
64
0
0
832
64
1
0
896
64
1
0
960
64
1
3584
1024
64
0
3840
1088
64
0
4096
1152
64
0
4352
1216
64
0
0
1280
64
1
0
1344
64
1
0
1408
64
1
5888
1472
64
0
6144
1536
64
0
6400
1600
64
0
6656
1664
64
0
0
1728
64
1
0
1792
64
1
0
1856
64
1
8192
1920
64
0
8448
1984
64
0
64
0
64
1
64
64
64
1
64
128
64
1
64
192
64
1
64
256
64
1
64
320
64
1
64
384
64
1
64
448
64
1
64
512
64
1
1344
576
64
0
1600
640
64
0
1856
704
64
0
2112
768
64
0
64
832
64
1
64
896
64
1
64
960
64
1
3648
1024
64
0
3904
1088
64
0
4160
1152
64
0
4416
1216
64
0
64
1280
64
1
64
1344
64
1
64
1408
64
1
5952
1472
64
0
6208
1536
64
0
6464
1600
64
0
6720
1664
64
0
64
1728
64
1
64
1792
64
1
64
1856
64
1
8256
1920
64
0
8512
1984
64
0
0
0
64
1
0
64
64
1
0
128
64
1
0
192
64
1
0
256
64
1
0
320
64
1
0
384
64
1
0
448
64
1
1152
512
64
0
1408
576
64
0
1664
640
64
0
1920
704
64
0
2176
768
64
0
0
832
64
1
0
896
64
1
3456
960
64
0
3712
1024
64
0
3968
1088
64
0
4224
1152
64
0
4480
1216
64
0
0
1280
64
1
0
1344
64
1
5760
1408
64
0
6016
1472
64
0
6272
1536
64
0
6528
1600
64
0
6784
1664
64
0
0
1728
64
1
0
1792
64
1
8064
1856
64
0
8320
1920
64
0
8576
1984
64
0
64
0
64
1
64
64
64
1
64
128
64
1
64
192
64
1
64
256
64
1
64
320
64
1
64
384
64
1
64
448
64
1
1216
512
64
0
1472
576
64
0
1728
640
64
0
1984
704
64
0
2240
768
64
0
64
832
64
1
64
896
64
1
3520
960
64
0
3776
1024
64
0
4032
1088
64
0
4288
1152
64
0
4544
1216
64
0
64
1280
64
1
64
1344
64
1
5824
1408
64
0
6080
1472
64
0
6336
1536
64
0
6592
1600
64
0
6848
1664
64
0
64
1728
64
1
64
1792
64
1
8128
1856
64
0
8384
1920
64
0
8640
1984
64
0
0
0
64
1
0
64
64
1
0
128
64
1
0
192
64
1
0
256
64
1
0
320
64
1
0
384
64
1
0
448
64
1
1280
512
64
0
1536
576
64
0
1792
640
64
0
2048
704
64
0
0
768
64
1
0
832
64
1
0
896
64
1
3584
960
64
0
3840
1024
64
0
4096
1088
64
0
4352
1152
64
0
0
1216
64
1
0
1280
64
1
0
1344
64
1
5888
1408
64
0
6144
1472
64
0
6400
1536
64
0
6656
1600
64
0
0
1664
64
1
0
1728
64
1
0
1792
64
1
8192
1856
64
0
8448
1920
64
0
8704
1984
64
0
64
0
64
1
64
64
64
1
64
128
64
1
64
192
64
1
64
256
64
1
64
320
64
1
64
384
64
1
64
448
64
1
1344
512
64
0
1600
576
64
0
1856
640
64
0
2112
704
64
0
64
768
64
1
64
832
64
1
64
896
64
1
3648
960
64
0
3904
1024
64
0
4160
1088
64
0
4416
1152
64
0
64
1216
64
1
64
1280
64
1
64
1344
64
1
5952
1408
64
0
6208
1472
64
0
6464
1536
64
0
6720
1600
64
0
64
1664
64
1
64
1728
64
1
64
1792
64
1
8256
1856
64
0
8512
1920
64
0
8768
1984
64
0
6400
0
64
0
6656
64
64
0
0
128
64
1
0
192
64
1
0
256
64
1
8192
320
64
0
8448
384
64
0
8704
448
64
0
8960
512
64
0
0
576
64
1
0
640
64
1
0
704
64
1
0
768
64
1
0
832
64
1
0
896
64
1
0
960
64
1
0
1024
64
1
0
1088
64
1
0
1152
64
1
0
1216
64
1
0
1280
64
1
0
1344
64
1
0
1408
64
1
0
1472
64
1
0
1536
64
1
0
1600
64
1
0
1664
64
1
0
1728
64
1
0
1792
64
1
0
1856
64
1
0
1920
64
1
0
1984
64
1
6464
0
64
0
6720
64
64
0
64
128
64
1
64
192
64
1
64
256
64
1
8256
320
64
0
8512
384
64
0
8768
448
64
0
9024
512
64
0
64
576
64
1
64
640
64
1
64
704
64
1
64
768
64
1
64
832
64
1
64
896
64
1
64
960
64
1
64
1024
64
1
64
1088
64
1
64
1152
64
1
64
1216
64
1
64
1280
64
1
64
1344
64
1
64
1408
64
1
64
1472
64
1
64
1536
64
1
64
1600
64
1
64
1664
64
1
64
1728
64
1
64
1792
64
1
64
1856
64
1
64
1920
64
1
64
1984
64
1
6528
0
64
0
6784
64
64
0
0
128
64
1
0
192
64
1
8064
256
64
0
8320
320
64
0
8576
384
64
0
8832
448
64
0
9088
512
64
0
0
576
64
1
0
640
64
1
0
704
64
1
0
768
64
1
0
832
64
1
0
896
64
1
0
960
64
1
0
1024
64
1
128
1088
64
1
128
1152
64
1
128
1216
64
1
128
1280
64
1
128
1344
64
1
128
1408
64
1
128
1472
64
1
128
1536
64
1
128
1600
64
1
128
1664
64
1
128
1728
64
1
128
1792
64
1
128
1856
64
1
128
1920
64
1
128
1984
64
1
6592
0
64
0
6848
64
64
0
64
128
64
1
64
192
64
1
8128
256
64
0
8384
320
64
0
8640
384
64
0
8896
448
64
0
9152
512
64
0
64
576
64
1
64
640
64
1
64
704
64
1
64
768
64
1
64
832
64
1
64
896
64
1
64
960
64
1
64
1024
64
1
192
1088
64
1
192
1152
64
1
192
1216
64
1
192
1280
64
1
192
1344
64
1
192
1408
64
1
192
1472
64
1
192
1536
64
1
192
1600
64
1
192
1664
64
1
192
1728
64
1
192
1792
64
1
192
1856
64
1
192
1920
64
1
192
1984
64
1
6656
0
64
0
0
64
64
1
0
128
64
1
0
192
64
1
8192
256
64
0
8448
320
64
0
8704
384
64
0
8960
448
64
0
0
512
64
1
0
576
64
1
0
640
64
1
0
704
64
1
0
768
64
1
0
832
64
1
0
896
64
1
0
960
64
1
0
1024
64
1
256
1088
64
1
256
1152
64
1
256
1216
64
1
256
1280
64
1
256
1344
64
1
256
1408
64
1
256
1472
64
1
256
1536
64
1
256
1600
64
1
256
1664
64
1
256
1728
64
1
256
1792
64
1
256
1856
64
1
256
1920
64
1
256
1984
64
1
6720
0
64
0
64
64
64
1
64
128
64
1
64
192
64
1
8256
256
64
0
8512
320
64
0
8768
384
64
0
9024
448
64
0
64
512
64
1
64
576
64
1
64
640
64
1
64
704
64
1
64
768
64
1
64
832
64
1
64
896
64
1
64
960
64
1
64
1024
64
1
320
1088
64
1
320
1152
64
1
320
1216
64
1
320
1280
64
1
320
1344
64
1
320
1408
64
1
320
1472
64
1
320
1536
64
1
320
1600
64
1
320
1664
64
1
320
1728
64
1
320
1792
64
1
320
1856
64
1
320
1920
64
1
320
1984
64
1
7552
0
64
0
7808
64
64
0
0
128
64
1
0
192
64
1
0
256
64
1
9344
320
64
0
9600
384
64
0
9856
448
64
0
10112
512
64
0
0
576
64
1
0
640
64
1
0
704
64
1
0
768
64
1
0
832
64
1
0
896
64
1
0
960
64
1
0
1024
64
1
384
1088
64
1
384
1152
64
1
384
1216
64
1
384
1280
64
1
384
1344
64
1
384
1408
64
1
384
1472
64
1
384
1536
64
1
384
1600
64
1
384
1664
64
1
384
1728
64
1
384
1792
64
1
384
1856
64
1
384
1920
64
1
384
1984
64
1
7616
0
64
0
7872
64
64
0
64
128
64
1
64
192
64
1
64
256
64
1
9408
320
64
0
9664
384
64
0
9920
448
64
0
10176
512
64
0
64
576
64
1
64
640
64
1
64
704
64
1
64
768
64
1
64
832
64
1
64
896
64
1
64
960
64
1
64
1024
64
1
448
1088
64
1
448
1152
64
1
448
1216
64
1
448
1280
64
1
448
1344
64
1
448
1408
64
1
448
1472
64
1
448
1536
64
1
448
1600
64
1
448
1664
64
1
448
1728
64
1
448
1792
64
1
448
1856
64
1
448
1920
64
1
448
1984
64
1
7680
0
64
0
7936
64
64
0
0
128
64
1
0
192
64
1
9216
256
64
0
9472
320
64
0
9728
384
64
0
9984
448
64
0
10240
512
64
0
0
576
64
1
0
640
64
1
0
704
64
1
0
768
64
1
0
832
64
1
0
896
64
1
0
960
64
1
0
1024
64
1
512
1088
64
1
512
1152
64
1
512
1216
64
1
512
1280
64
1
512
1344
64
1
512
1408
64
1
512
1472
64
1
512
1536
64
1
512
1600
64
1
512
1664
64
1
512
1728
64
1
512
1792
64
1
512
1856
64
1
512
1920
64
1
512
1984
64
1
7744
0
64
0
8000
64
64
0
64
128
64
1
64
192
64
1
9280
256
64
0
9536
320
64
0
9792
384
64
0
10048
448
64
0
10304
512
64
0
64
576
64
1
64
640
64
1
64
704
64
1
64
768
64
1
64
832
64
1
64
896
64
1
64
960
64
1
64
1024
64
1
576
1088
64
1
576
1152
64
1
576
1216
64
1
576
1280
64
1
576
1344
64
1
576
1408
64
1
576
1472
64
1
576
1536
64
1
576
1600
64
1
576
1664
64
1
576
1728
64
1
576
1792
64
1
576
1856
64
1
576
1920
64
1
576
1984
64
1
7808
0
64
0
0
64
64
1
0
128
64
1
0
192
64
1
9344
256
64
0
9600
320
64
0
9856
384
64
0
10112
448
64
0
0
512
64
1
0
576
64
1
0
640
64
1
0
704
64
1
0
768
64
1
0
832
64
1
0
896
64
1
0
960
64
1
0
1024
64
1
640
1088
64
1
640
1152
64
1
640
1216
64
1
640
1280
64
1
640
1344
64
1
640
1408
64
1
640
1472
64
1
640
1536
64
1
640
1600
64
1
640
1664
64
1
640
1728
64
1
640
1792
64
1
640
1856
64
1
640
1920
64
1
640
1984
64
1
7872
0
64
0
64
64
64
1
64
128
64
1
64
192
64
1
9408
256
64
0
9664
320
64
0
9920
384
64
0
10176
448
64
0
64
512
64
1
64
576
64
1
64
640
64
1
64
704
64
1
64
768
64
1
64
832
64
1
64
896
64
1
64
960
64
1
64
1024
64
1
704
1088
64
1
704
1152
64
1
704
1216
64
1
704
1280
64
1
704
1344
64
1
704
1408
64
1
704
1472
64
1
704
1536
64
1
704
1600
64
1
704
1664
64
1
704
1728
64
1
704
1792
64
1
704
1856
64
1
704
1920
64
1
704
1984
64
1
8704
0
64
0
8960
64
64
0
0
128
64
1
0
192
64
1
0
256
64
1
0
320
64
1
0
384
64
1
0
448
64
1
0
512
64
1
0
576
64
1
0
640
64
1
0
704
64
1
0
768
64
1
0
832
64
1
0
896
64
1
0
960
64
1
0
1024
64
1
768
1088
64
1
768
1152
64
1
768
1216
64
1
768
1280
64
1
768
1344
64
1
768
1408
64
1
768
1472
64
1
768
1536
64
1
768
1600
64
1
768
1664
64
1
768
1728
64
1
768
1792
64
1
768
1856
64
1
768
1920
64
1
768
1984
64
1
8768
0
64
0
9024
64
64
0
64
128
64
1
64
192
64
1
64
256
64
1
64
320
64
1
64
384
64
1
64
448
64
1
64
512
64
1
64
576
64
1
64
640
64
1
64
704
64
1
64
768
64
1
64
832
64
1
64
896
64
1
64
960
64
1
64
1024
64
1
832
1088
64
1
832
1152
64
1
832
1216
64
1
832
1280
64
1
832
1344
64
1
832
1408
64
1
832
1472
64
1
832
1536
64
1
832
1600
64
1
832
1664
64
1
832
1728
64
1
832
1792
64
1
832
1856
64
1
832
1920
64
1
832
1984
64
1
8832
0
64
0
9088
64
64
0
0
128
64
1
0
192
64
1
0
256
64
1
0
320
64
1
0
384
64
1
0
448
64
1
0
512
64
1
0
576
64
1
0
640
64
1
0
704
64
1
0
768
64
1
0
832
64
1
0
896
64
1
0
960
64
1
0
1024
64
1
896
1088
64
1
896
1152
64
1
896
1216
64
1
896
1280
64
1
896
1344
64
1
896
1408
64
1
896
1472
64
1
896
1536
64
1
896
1600
64
1
896
1664
64
1
896
1728
64
1
896
1792
64
1
896
1856
64
1
896
1920
64
1
896
1984
64
1
8896
0
64
0
9152
64
64
0
64
128
64
1
64
192
64
1
64
256
64
1
64
320
64
1
64
384
64
1
64
448
64
1
64
512
64
1
64
576
64
1
64
640
64
1
64
704
64
1
64
768
64
1
64
832
64
1
64
896
64
1
64
960
64
1
64
1024
64
1
960
1088
64
1
960
1152
64
1
960
1216
64
1
960
1280
64
1
960
1344
64
1
960
1408
64
1
960
1472
64
1
960
1536
64
1
960
1600
64
1
960
1664
64
1
960
1728
64
1
960
1792
64
1
960
1856
64
1
960
1920
64
1
960
1984
64
1
8960
0
64
0
0
64
64
1
0
128
64
1
0
192
64
1
0
256
64
1
0
320
64
1
0
384
64
1
0
448
64
1
0
512
64
1
0
576
64
1
0
640
64
1
0
704
64
1
0
768
64
1
0
832
64
1
0
896
64
1
0
960
64
1
0
1024
64
1
1024
1088
64
1
1024
1152
64
1
1024
1216
64
1
1024
1280
64
1
1024
1344
64
1
1024
1408
64
1
1024
1472
64
1
1024
1536
64
1
1024
1600
64
1
1024
1664
64
1
1024
1728
64
1
1024
1792
64
1
1024
1856
64
1
1024
1920
64
1
1024
1984
64
1
9024
0
64
0
64
64
64
1
64
128
64
1
64
192
64
1
64
256
64
1
64
320
64
1
64
384
64
1
64
448
64
1
64
512
64
1
64
576
64
1
64
640
64
1
64
704
64
1
64
768
64
1
64
832
64
1
64
896
64
1
64
960
64
1
64
1024
64
1
1088
1088
64
1
1088
1152
64
1
1088
1216
64
1
1088
1280
64
1
1088
1344
64
1
1088
1408
64
1
1088
1472
64
1
1088
1536
64
1
1088
1600
64
1
1088
1664
64
1
1088
1728
64
1
1088
1792
64
1
1088
1856
64
1
1088
1920
64
1
1088
1984
64
1
