0
0
64
1
0
64
64
1
0
128
64
1
0
192
64
1
0
256
64
1
0
320
64
1
0
384
64
1
0
448
64
1
0
512
64
1
0
576
64
1
0
640
64
1
0
704
64
1
0
768
64
1
0
832
64
1
0
896
64
1
0
960
64
1
0
1024
64
1
0
1088
64
1
0
1152
64
1
0
1216
64
1
0
1280
64
1
0
1344
64
1
0
1408
64
1
0
1472
64
1
0
1536
64
1
0
1600
64
1
0
1664
64
1
0
1728
64
1
0
1792
64
1
0
1856
64
1
0
1920
64
1
0
1984
64
1
64
0
64
1
64
64
64
1
64
128
64
1
64
192
64
1
64
256
64
1
64
320
64
1
64
384
64
1
64
448
64
1
64
512
64
1
64
576
64
1
64
640
64
1
64
704
64
1
64
768
64
1
64
832
64
1
64
896
64
1
64
960
64
1
64
1024
64
1
64
1088
64
1
64
1152
64
1
64
1216
64
1
64
1280
64
1
64
1344
64
1
64
1408
64
1
64
1472
64
1
64
1536
64
1
64
1600
64
1
64
1664
64
1
64
1728
64
1
64
1792
64
1
64
1856
64
1
64
1920
64
1
64
1984
64
1
0
0
64
1
0
64
64
1
0
128
64
1
0
192
64
1
0
256
64
1
0
320
64
1
0
384
64
1
0
448
64
1
0
512
64
1
0
576
64
1
0
640
64
1
0
704
64
1
0
768
64
1
0
832
64
1
0
896
64
1
0
960
64
1
0
1024
64
1
0
1088
64
1
0
1152
64
1
0
1216
64
0
128
1280
64
0
256
1344
64
0
384
1408
64
0
512
1472
64
0
640
1536
64
0
768
1600
64
0
896
1664
64
0
1024
1728
64
0
1152
1792
64
0
0
1856
64
1
0
1920
64
1
0
1984
64
1
64
0
64
1
64
64
64
1
64
128
64
1
64
192
64
1
64
256
64
1
64
320
64
1
64
384
64
1
64
448
64
1
64
512
64
1
64
576
64
1
64
640
64
1
64
704
64
1
64
768
64
1
64
832
64
1
64
896
64
1
64
960
64
1
64
1024
64
1
64
1088
64
1
64
1152
64
1
64
1216
64
0
192
1280
64
0
320
1344
64
0
448
1408
64
0
576
1472
64
0
704
1536
64
0
832
1600
64
0
960
1664
64
0
1088
1728
64
0
1216
1792
64
0
64
1856
64
1
64
1920
64
1
64
1984
64
1
0
0
64
1
0
64
64
1
0
128
64
1
1280
192
64
0
1408
256
64
0
1536
320
64
0
1664
384
64
0
1792
448
64
0
1920
512
64
0
2048
576
64
0
2176
640
64
0
2304
704
64
0
2432
768
64
0
0
832
64
1
0
896
64
1
0
960
64
1
0
1024
64
1
0
1088
64
1
0
1152
64
1
2560
1216
64
0
2688
1280
64
0
2816
1344
64
0
2944
1408
64
0
3072
1472
64
0
3200
1536
64
0
3328
1600
64
0
3456
1664
64
0
3584
1728
64
0
3712
1792
64
0
0
1856
64
1
0
1920
64
1
0
1984
64
1
64
0
64
1
64
64
64
1
64
128
64
1
1344
192
64
0
1472
256
64
0
1600
320
64
0
1728
384
64
0
1856
448
64
0
1984
512
64
0
2112
576
64
0
2240
640
64
0
2368
704
64
0
2496
768
64
0
64
832
64
1
64
896
64
1
64
960
64
1
64
1024
64
1
64
1088
64
1
64
1152
64
1
2624
1216
64
0
2752
1280
64
0
2880
1344
64
0
3008
1408
64
0
3136
1472
64
0
3264
1536
64
0
3392
1600
64
0
3520
1664
64
0
3648
1728
64
0
3776
1792
64
0
64
1856
64
1
64
1920
64
1
64
1984
64
1
0
0
64
1
0
64
64
1
0
128
64
1
3840
192
64
0
3968
256
64
0
4096
320
64
0
4224
384
64
0
4352
448
64
0
4480
512
64
0
4608
576
64
0
4736
640
64
0
4864
704
64
0
4992
768
64
0
0
832
64
1
0
896
64
1
0
960
64
1
0
1024
64
1
0
1088
64
1
0
1152
64
1
5120
1216
64
0
5248
1280
64
0
5376
1344
64
0
5504
1408
64
0
5632
1472
64
0
5760
1536
64
0
5888
1600
64
0
6016
1664
64
0
6144
1728
64
0
6272
1792
64
0
0
1856
64
1
0
1920
64
1
0
1984
64
1
64
0
64
1
64
64
64
1
64
128
64
1
3904
192
64
0
4032
256
64
0
4160
320
64
0
4288
384
64
0
4416
448
64
0
4544
512
64
0
4672
576
64
0
4800
640
64
0
4928
704
64
0
5056
768
64
0
64
832
64
1
64
896
64
1
64
960
64
1
64
1024
64
1
64
1088
64
1
64
1152
64
1
5184
1216
64
0
5312
1280
64
0
5440
1344
64
0
5568
1408
64
0
5696
1472
64
0
5824
1536
64
0
5952
1600
64
0
6080
1664
64
0
6208
1728
64
0
6336
1792
64
0
64
1856
64
1
64
1920
64
1
64
1984
64
1
0
0
64
1
0
64
64
1
0
128
64
1
6400
192
64
0
6528
256
64
0
6656
320
64
0
6784
384
64
0
6912
448
64
0
7040
512
64
0
7168
576
64
0
7296
640
64
0
7424
704
64
0
7552
768
64
0
0
832
64
1
0
896
64
1
0
960
64
1
0
1024
64
1
0
1088
64
1
0
1152
64
1
7680
1216
64
0
7808
1280
64
0
7936
1344
64
0
8064
1408
64
0
8192
1472
64
0
8320
1536
64
0
8448
1600
64
0
8576
1664
64
0
8704
1728
64
0
8832
1792
64
0
0
1856
64
1
0
1920
64
1
0
1984
64
1
64
0
64
1
64
64
64
1
64
128
64
1
6464
192
64
0
6592
256
64
0
6720
320
64
0
6848
384
64
0
6976
448
64
0
7104
512
64
0
7232
576
64
0
7360
640
64
0
7488
704
64
0
7616
768
64
0
64
832
64
1
64
896
64
1
64
960
64
1
64
1024
64
1
64
1088
64
1
64
1152
64
1
7744
1216
64
0
7872
1280
64
0
8000
1344
64
0
8128
1408
64
0
8256
1472
64
0
8384
1536
64
0
8512
1600
64
0
8640
1664
64
0
8768
1728
64
0
8896
1792
64
0
64
1856
64
1
64
1920
64
1
64
1984
64
1
0
0
64
1
0
64
64
1
0
128
64
1
8960
192
64
0
9088
256
64
0
9216
320
64
0
9344
384
64
0
9472
448
64
0
9600
512
64
0
9728
576
64
0
9856
640
64
0
9984
704
64
0
10112
768
64
0
0
832
64
1
0
896
64
1
0
960
64
1
0
1024
64
1
0
1088
64
1
0
1152
64
1
10240
1216
64
0
10368
1280
64
0
10496
1344
64
0
10624
1408
64
0
10752
1472
64
0
10880
1536
64
0
11008
1600
64
0
11136
1664
64
0
11264
1728
64
0
11392
1792
64
0
0
1856
64
1
0
1920
64
1
0
1984
64
1
64
0
64
1
64
64
64
1
64
128
64
1
9024
192
64
0
9152
256
64
0
9280
320
64
0
9408
384
64
0
9536
448
64
0
9664
512
64
0
9792
576
64
0
9920
640
64
0
10048
704
64
0
10176
768
64
0
64
832
64
1
64
896
64
1
64
960
64
1
64
1024
64
1
64
1088
64
1
64
1152
64
1
10304
1216
64
0
10432
1280
64
0
10560
1344
64
0
10688
1408
64
0
10816
1472
64
0
10944
1536
64
0
11072
1600
64
0
11200
1664
64
0
11328
1728
64
0
11456
1792
64
0
64
1856
64
1
64
1920
64
1
64
1984
64
1
0
0
64
1
0
64
64
1
0
128
64
1
11520
192
64
0
11648
256
64
0
11776
320
64
0
11904
384
64
0
12032
448
64
0
12160
512
64
0
12288
576
64
0
12416
640
64
0
12544
704
64
0
12672
768
64
0
0
832
64
1
0
896
64
1
0
960
64
1
0
1024
64
1
0
1088
64
1
0
1152
64
1
0
1216
64
1
0
1280
64
1
0
1344
64
1
0
1408
64
1
0
1472
64
1
0
1536
64
1
0
1600
64
1
0
1664
64
1
0
1728
64
1
0
1792
64
1
0
1856
64
1
0
1920
64
1
0
1984
64
1
64
0
64
1
64
64
64
1
64
128
64
1
11584
192
64
0
11712
256
64
0
11840
320
64
0
11968
384
64
0
12096
448
64
0
12224
512
64
0
12352
576
64
0
12480
640
64
0
12608
704
64
0
12736
768
64
0
64
832
64
1
64
896
64
1
64
960
64
1
64
1024
64
1
64
1088
64
1
64
1152
64
1
64
1216
64
1
64
1280
64
1
64
1344
64
1
64
1408
64
1
64
1472
64
1
64
1536
64
1
64
1600
64
1
64
1664
64
1
64
1728
64
1
64
1792
64
1
64
1856
64
1
64
1920
64
1
64
1984
64
1
0
0
64
1
0
64
64
1
0
128
64
1
0
192
64
1
0
256
64
1
0
320
64
1
0
384
64
1
0
448
64
1
0
512
64
1
0
576
64
1
0
640
64
1
0
704
64
1
0
768
64
1
0
832
64
1
0
896
64
1
0
960
64
1
0
1024
64
1
0
1088
64
1
0
1152
64
1
0
1216
64
1
0
1280
64
1
0
1344
64
1
0
1408
64
1
0
1472
64
1
0
1536
64
1
0
1600
64
1
0
1664
64
1
0
1728
64
1
0
1792
64
1
0
1856
64
1
0
1920
64
1
0
1984
64
1
64
0
64
1
64
64
64
1
64
128
64
1
64
192
64
1
64
256
64
1
64
320
64
1
64
384
64
1
64
448
64
1
64
512
64
1
64
576
64
1
64
640
64
1
64
704
64
1
64
768
64
1
64
832
64
1
64
896
64
1
64
960
64
1
64
1024
64
1
64
1088
64
1
64
1152
64
1
64
1216
64
1
64
1280
64
1
64
1344
64
1
64
1408
64
1
64
1472
64
1
64
1536
64
1
64
1600
64
1
64
1664
64
1
64
1728
64
1
64
1792
64
1
64
1856
64
1
64
1920
64
1
64
1984
64
1
