0
0
64
0
256
64
64
0
512
128
64
0
1536
192
64
0
1792
256
64
0
2048
320
64
0
3072
384
64
0
3328
448
64
0
3584
512
64
0
0
576
64
1
0
640
64
1
0
704
64
1
0
768
64
1
0
832
64
1
0
896
64
1
0
960
64
1
0
1024
64
1
0
1088
64
1
0
1152
64
1
0
1216
64
1
0
1280
64
1
0
1344
64
1
0
1408
64
1
0
1472
64
1
0
1536
64
1
0
1600
64
1
0
1664
64
1
0
1728
64
1
0
1792
64
1
0
1856
64
1
0
1920
64
1
0
1984
64
1
64
0
64
0
320
64
64
0
576
128
64
0
1600
192
64
0
1856
256
64
0
2112
320
64
0
3136
384
64
0
3392
448
64
0
3648
512
64
0
64
576
64
1
64
640
64
1
64
704
64
1
64
768
64
1
64
832
64
1
64
896
64
1
64
960
64
1
64
1024
64
1
64
1088
64
1
64
1152
64
1
64
1216
64
1
64
1280
64
1
64
1344
64
1
64
1408
64
1
64
1472
64
1
64
1536
64
1
64
1600
64
1
64
1664
64
1
64
1728
64
1
64
1792
64
1
64
1856
64
1
64
1920
64
1
64
1984
64
1
