0
0
64
1
0
64
64
1
0
128
64
1
0
192
64
1
0
256
64
1
0
320
64
1
0
384
64
1
0
448
64
1
0
512
64
1
0
576
64
1
0
640
64
1
0
704
64
0
64
768
64
0
128
832
64
0
192
896
64
0
256
960
64
0
320
1024
64
0
384
1088
64
0
448
1152
64
0
512
1216
64
0
0
1280
64
1
640
1344
64
0
704
1408
64
0
768
1472
64
0
832
1536
64
0
896
1600
64
0
960
1664
64
0
1024
1728
64
0
1088
1792
64
0
1152
1856
64
0
0
1920
64
1
1280
1984
64
0
0
0
64
1
0
64
64
1
0
128
64
1
0
192
64
1
0
256
64
1
0
320
64
1
0
384
64
1
0
448
64
1
0
512
64
1
0
576
64
1
0
640
64
0
64
704
64
0
128
768
64
0
192
832
64
0
256
896
64
0
320
960
64
0
384
1024
64
0
448
1088
64
0
512
1152
64
0
576
1216
64
0
640
1280
64
0
704
1344
64
0
768
1408
64
0
832
1472
64
0
896
1536
64
0
960
1600
64
0
1024
1664
64
0
1088
1728
64
0
1152
1792
64
0
1216
1856
64
0
1280
1920
64
0
1344
1984
64
0
0
0
64
1
0
64
64
1
0
128
64
1
0
192
64
1
0
256
64
1
0
320
64
1
0
384
64
1
0
448
64
1
0
512
64
1
0
576
64
1
64
640
64
0
128
704
64
0
192
768
64
0
256
832
64
0
320
896
64
0
384
960
64
0
448
1024
64
0
512
1088
64
0
576
1152
64
0
0
1216
64
1
704
1280
64
0
768
1344
64
0
832
1408
64
0
896
1472
64
0
960
1536
64
0
1024
1600
64
0
1088
1664
64
0
1152
1728
64
0
1216
1792
64
0
0
1856
64
1
1344
1920
64
0
1408
1984
64
0
0
0
64
1
0
64
64
0
64
128
64
0
128
192
64
0
192
256
64
0
256
320
64
0
320
384
64
0
384
448
64
0
448
512
64
0
512
576
64
0
0
640
64
1
640
704
64
0
704
768
64
0
768
832
64
0
832
896
64
0
896
960
64
0
960
1024
64
0
1024
1088
64
0
1088
1152
64
0
1152
1216
64
0
0
1280
64
1
1280
1344
64
0
1344
1408
64
0
1408
1472
64
0
1472
1536
64
0
1536
1600
64
0
1600
1664
64
0
1664
1728
64
0
1728
1792
64
0
1792
1856
64
0
0
1920
64
1
1920
1984
64
0
0
0
64
0
64
64
64
0
128
128
64
0
192
192
64
0
256
256
64
0
320
320
64
0
384
384
64
0
448
448
64
0
512
512
64
0
576
576
64
0
640
640
64
0
704
704
64
0
768
768
64
0
832
832
64
0
896
896
64
0
960
960
64
0
1024
1024
64
0
1088
1088
64
0
1152
1152
64
0
1216
1216
64
0
1280
1280
64
0
1344
1344
64
0
1408
1408
64
0
1472
1472
64
0
1536
1536
64
0
1600
1600
64
0
1664
1664
64
0
1728
1728
64
0
1792
1792
64
0
1856
1856
64
0
1920
1920
64
0
1984
1984
64
0
64
0
64
0
128
64
64
0
192
128
64
0
256
192
64
0
320
256
64
0
384
320
64
0
448
384
64
0
512
448
64
0
576
512
64
0
0
576
64
1
704
640
64
0
768
704
64
0
832
768
64
0
896
832
64
0
960
896
64
0
1024
960
64
0
1088
1024
64
0
1152
1088
64
0
1216
1152
64
0
0
1216
64
1
1344
1280
64
0
1408
1344
64
0
1472
1408
64
0
1536
1472
64
0
1600
1536
64
0
1664
1600
64
0
1728
1664
64
0
1792
1728
64
0
1856
1792
64
0
0
1856
64
1
1984
1920
64
0
2048
1984
64
0
0
0
64
1
640
64
64
0
704
128
64
0
768
192
64
0
832
256
64
0
896
320
64
0
960
384
64
0
1024
448
64
0
1088
512
64
0
1152
576
64
0
0
640
64
1
1280
704
64
0
1344
768
64
0
1408
832
64
0
1472
896
64
0
1536
960
64
0
1600
1024
64
0
1664
1088
64
0
1728
1152
64
0
1792
1216
64
0
0
1280
64
1
1920
1344
64
0
1984
1408
64
0
2048
1472
64
0
2112
1536
64
0
2176
1600
64
0
2240
1664
64
0
2304
1728
64
0
2368
1792
64
0
2432
1856
64
0
0
1920
64
1
2560
1984
64
0
640
0
64
0
704
64
64
0
768
128
64
0
832
192
64
0
896
256
64
0
960
320
64
0
1024
384
64
0
1088
448
64
0
1152
512
64
0
1216
576
64
0
1280
640
64
0
1344
704
64
0
1408
768
64
0
1472
832
64
0
1536
896
64
0
1600
960
64
0
1664
1024
64
0
1728
1088
64
0
1792
1152
64
0
1856
1216
64
0
1920
1280
64
0
1984
1344
64
0
2048
1408
64
0
2112
1472
64
0
2176
1536
64
0
2240
1600
64
0
2304
1664
64
0
2368
1728
64
0
2432
1792
64
0
2496
1856
64
0
2560
1920
64
0
2624
1984
64
0
704
0
64
0
768
64
64
0
832
128
64
0
896
192
64
0
960
256
64
0
1024
320
64
0
1088
384
64
0
1152
448
64
0
1216
512
64
0
0
576
64
1
1344
640
64
0
1408
704
64
0
1472
768
64
0
1536
832
64
0
1600
896
64
0
1664
960
64
0
1728
1024
64
0
1792
1088
64
0
1856
1152
64
0
0
1216
64
1
1984
1280
64
0
2048
1344
64
0
2112
1408
64
0
2176
1472
64
0
2240
1536
64
0
2304
1600
64
0
2368
1664
64
0
2432
1728
64
0
2496
1792
64
0
0
1856
64
1
2624
1920
64
0
2688
1984
64
0
1344
0
64
0
1408
64
64
0
1472
128
64
0
1536
192
64
0
1600
256
64
0
1664
320
64
0
1728
384
64
0
1792
448
64
0
0
512
64
1
1920
576
64
0
1984
640
64
0
2048
704
64
0
2112
768
64
0
2176
832
64
0
2240
896
64
0
2304
960
64
0
2368
1024
64
0
2432
1088
64
0
0
1152
64
1
2560
1216
64
0
2624
1280
64
0
2688
1344
64
0
2752
1408
64
0
2816
1472
64
0
2880
1536
64
0
2944
1600
64
0
3008
1664
64
0
3072
1728
64
0
0
1792
64
1
3200
1856
64
0
3264
1920
64
0
3328
1984
64
0
1408
0
64
0
1472
64
64
0
1536
128
64
0
1600
192
64
0
1664
256
64
0
1728
320
64
0
1792
384
64
0
1856
448
64
0
1920
512
64
0
1984
576
64
0
2048
640
64
0
2112
704
64
0
2176
768
64
0
2240
832
64
0
2304
896
64
0
2368
960
64
0
2432
1024
64
0
2496
1088
64
0
2560
1152
64
0
2624
1216
64
0
2688
1280
64
0
2752
1344
64
0
2816
1408
64
0
2880
1472
64
0
2944
1536
64
0
3008
1600
64
0
3072
1664
64
0
3136
1728
64
0
3200
1792
64
0
3264
1856
64
0
3328
1920
64
0
3392
1984
64
0
1472
0
64
0
1536
64
64
0
1600
128
64
0
1664
192
64
0
1728
256
64
0
1792
320
64
0
1856
384
64
0
0
448
64
1
1984
512
64
0
2048
576
64
0
2112
640
64
0
2176
704
64
0
2240
768
64
0
2304
832
64
0
2368
896
64
0
2432
960
64
0
2496
1024
64
0
0
1088
64
1
2624
1152
64
0
2688
1216
64
0
2752
1280
64
0
2816
1344
64
0
2880
1408
64
0
2944
1472
64
0
3008
1536
64
0
3072
1600
64
0
3136
1664
64
0
0
1728
64
1
3264
1792
64
0
3328
1856
64
0
3392
1920
64
0
3456
1984
64
0
1984
0
64
0
2048
64
64
0
2112
128
64
0
2176
192
64
0
2240
256
64
0
2304
320
64
0
2368
384
64
0
2432
448
64
0
0
512
64
1
2560
576
64
0
2624
640
64
0
2688
704
64
0
2752
768
64
0
2816
832
64
0
2880
896
64
0
2944
960
64
0
3008
1024
64
0
3072
1088
64
0
0
1152
64
1
3200
1216
64
0
3264
1280
64
0
3328
1344
64
0
3392
1408
64
0
3456
1472
64
0
3520
1536
64
0
3584
1600
64
0
3648
1664
64
0
3712
1728
64
0
0
1792
64
1
3840
1856
64
0
3904
1920
64
0
3968
1984
64
0
2048
0
64
0
2112
64
64
0
2176
128
64
0
2240
192
64
0
2304
256
64
0
2368
320
64
0
2432
384
64
0
2496
448
64
0
2560
512
64
0
2624
576
64
0
2688
640
64
0
2752
704
64
0
2816
768
64
0
2880
832
64
0
2944
896
64
0
3008
960
64
0
3072
1024
64
0
3136
1088
64
0
3200
1152
64
0
3264
1216
64
0
3328
1280
64
0
3392
1344
64
0
3456
1408
64
0
3520
1472
64
0
3584
1536
64
0
3648
1600
64
0
3712
1664
64
0
3776
1728
64
0
3840
1792
64
0
3904
1856
64
0
3968
1920
64
0
4032
1984
64
0
2112
0
64
0
2176
64
64
0
2240
128
64
0
2304
192
64
0
2368
256
64
0
2432
320
64
0
2496
384
64
0
0
448
64
1
2624
512
64
0
2688
576
64
0
2752
640
64
0
2816
704
64
0
2880
768
64
0
2944
832
64
0
3008
896
64
0
3072
960
64
0
3136
1024
64
0
0
1088
64
1
3264
1152
64
0
3328
1216
64
0
3392
1280
64
0
3456
1344
64
0
3520
1408
64
0
3584
1472
64
0
3648
1536
64
0
3712
1600
64
0
3776
1664
64
0
0
1728
64
1
3904
1792
64
0
3968
1856
64
0
4032
1920
64
0
4096
1984
64
0
2624
0
64
0
2688
64
64
0
2752
128
64
0
2816
192
64
0
2880
256
64
0
2944
320
64
0
3008
384
64
0
3072
448
64
0
0
512
64
1
3200
576
64
0
3264
640
64
0
3328
704
64
0
3392
768
64
0
3456
832
64
0
3520
896
64
0
3584
960
64
0
3648
1024
64
0
3712
1088
64
0
0
1152
64
1
3840
1216
64
0
3904
1280
64
0
3968
1344
64
0
4032
1408
64
0
4096
1472
64
0
4160
1536
64
0
4224
1600
64
0
4288
1664
64
0
4352
1728
64
0
0
1792
64
1
4480
1856
64
0
4544
1920
64
0
4608
1984
64
0
2688
0
64
0
2752
64
64
0
2816
128
64
0
2880
192
64
0
2944
256
64
0
3008
320
64
0
3072
384
64
0
3136
448
64
0
3200
512
64
0
3264
576
64
0
3328
640
64
0
3392
704
64
0
3456
768
64
0
3520
832
64
0
3584
896
64
0
3648
960
64
0
3712
1024
64
0
3776
1088
64
0
3840
1152
64
0
3904
1216
64
0
3968
1280
64
0
4032
1344
64
0
4096
1408
64
0
4160
1472
64
0
4224
1536
64
0
4288
1600
64
0
4352
1664
64
0
4416
1728
64
0
4480
1792
64
0
4544
1856
64
0
4608
1920
64
0
4672
1984
64
0
2752
0
64
0
2816
64
64
0
2880
128
64
0
2944
192
64
0
3008
256
64
0
3072
320
64
0
3136
384
64
0
0
448
64
1
3264
512
64
0
3328
576
64
0
3392
640
64
0
3456
704
64
0
3520
768
64
0
3584
832
64
0
3648
896
64
0
3712
960
64
0
3776
1024
64
0
0
1088
64
1
3904
1152
64
0
3968
1216
64
0
4032
1280
64
0
4096
1344
64
0
4160
1408
64
0
4224
1472
64
0
4288
1536
64
0
4352
1600
64
0
4416
1664
64
0
0
1728
64
1
4544
1792
64
0
4608
1856
64
0
4672
1920
64
0
4736
1984
64
0
3392
0
64
0
3456
64
64
0
3520
128
64
0
3584
192
64
0
3648
256
64
0
3712
320
64
0
0
384
64
1
3840
448
64
0
3904
512
64
0
3968
576
64
0
4032
640
64
0
4096
704
64
0
4160
768
64
0
4224
832
64
0
4288
896
64
0
4352
960
64
0
0
1024
64
1
4480
1088
64
0
4544
1152
64
0
4608
1216
64
0
4672
1280
64
0
4736
1344
64
0
4800
1408
64
0
4864
1472
64
0
4928
1536
64
0
4992
1600
64
0
0
1664
64
1
5120
1728
64
0
5184
1792
64
0
5248
1856
64
0
5312
1920
64
0
5376
1984
64
0
3456
0
64
0
3520
64
64
0
3584
128
64
0
3648
192
64
0
3712
256
64
0
3776
320
64
0
3840
384
64
0
3904
448
64
0
3968
512
64
0
4032
576
64
0
4096
640
64
0
4160
704
64
0
4224
768
64
0
4288
832
64
0
4352
896
64
0
4416
960
64
0
4480
1024
64
0
4544
1088
64
0
4608
1152
64
0
4672
1216
64
0
4736
1280
64
0
4800
1344
64
0
4864
1408
64
0
4928
1472
64
0
4992
1536
64
0
5056
1600
64
0
5120
1664
64
0
5184
1728
64
0
5248
1792
64
0
5312
1856
64
0
5376
1920
64
0
5440
1984
64
0
3520
0
64
0
3584
64
64
0
3648
128
64
0
3712
192
64
0
3776
256
64
0
0
320
64
1
3904
384
64
0
3968
448
64
0
4032
512
64
0
4096
576
64
0
4160
640
64
0
4224
704
64
0
4288
768
64
0
4352
832
64
0
4416
896
64
0
0
960
64
1
4544
1024
64
0
4608
1088
64
0
4672
1152
64
0
4736
1216
64
0
4800
1280
64
0
4864
1344
64
0
4928
1408
64
0
4992
1472
64
0
5056
1536
64
0
0
1600
64
1
5184
1664
64
0
5248
1728
64
0
5312
1792
64
0
5376
1856
64
0
5440
1920
64
0
5504
1984
64
0
4032
0
64
0
4096
64
64
0
4160
128
64
0
4224
192
64
0
4288
256
64
0
4352
320
64
0
0
384
64
1
4480
448
64
0
4544
512
64
0
4608
576
64
0
4672
640
64
0
4736
704
64
0
4800
768
64
0
4864
832
64
0
4928
896
64
0
4992
960
64
0
0
1024
64
1
5120
1088
64
0
5184
1152
64
0
5248
1216
64
0
5312
1280
64
0
5376
1344
64
0
5440
1408
64
0
5504
1472
64
0
5568
1536
64
0
5632
1600
64
0
0
1664
64
1
5760
1728
64
0
5824
1792
64
0
5888
1856
64
0
5952
1920
64
0
6016
1984
64
0
4096
0
64
0
4160
64
64
0
4224
128
64
0
4288
192
64
0
4352
256
64
0
4416
320
64
0
4480
384
64
0
4544
448
64
0
4608
512
64
0
4672
576
64
0
4736
640
64
0
4800
704
64
0
4864
768
64
0
4928
832
64
0
4992
896
64
0
5056
960
64
0
5120
1024
64
0
5184
1088
64
0
5248
1152
64
0
5312
1216
64
0
5376
1280
64
0
5440
1344
64
0
5504
1408
64
0
5568
1472
64
0
5632
1536
64
0
5696
1600
64
0
5760
1664
64
0
5824
1728
64
0
5888
1792
64
0
5952
1856
64
0
6016
1920
64
0
6080
1984
64
0
4160
0
64
0
4224
64
64
0
4288
128
64
0
4352
192
64
0
4416
256
64
0
0
320
64
1
4544
384
64
0
4608
448
64
0
4672
512
64
0
4736
576
64
0
4800
640
64
0
4864
704
64
0
4928
768
64
0
4992
832
64
0
5056
896
64
0
0
960
64
1
5184
1024
64
0
5248
1088
64
0
5312
1152
64
0
5376
1216
64
0
5440
1280
64
0
5504
1344
64
0
5568
1408
64
0
5632
1472
64
0
5696
1536
64
0
0
1600
64
1
5824
1664
64
0
5888
1728
64
0
5952
1792
64
0
6016
1856
64
0
6080
1920
64
0
6144
1984
64
0
4672
0
64
0
4736
64
64
0
4800
128
64
0
4864
192
64
0
4928
256
64
0
4992
320
64
0
0
384
64
1
5120
448
64
0
5184
512
64
0
5248
576
64
0
5312
640
64
0
5376
704
64
0
5440
768
64
0
5504
832
64
0
5568
896
64
0
5632
960
64
0
0
1024
64
1
5760
1088
64
0
5824
1152
64
0
5888
1216
64
0
5952
1280
64
0
6016
1344
64
0
6080
1408
64
0
6144
1472
64
0
6208
1536
64
0
6272
1600
64
0
0
1664
64
1
0
1728
64
1
0
1792
64
1
0
1856
64
1
0
1920
64
1
0
1984
64
1
4736
0
64
0
4800
64
64
0
4864
128
64
0
4928
192
64
0
4992
256
64
0
5056
320
64
0
5120
384
64
0
5184
448
64
0
5248
512
64
0
5312
576
64
0
5376
640
64
0
5440
704
64
0
5504
768
64
0
5568
832
64
0
5632
896
64
0
5696
960
64
0
5760
1024
64
0
5824
1088
64
0
5888
1152
64
0
5952
1216
64
0
6016
1280
64
0
6080
1344
64
0
6144
1408
64
0
6208
1472
64
0
6272
1536
64
0
6336
1600
64
0
0
1664
64
1
0
1728
64
1
0
1792
64
1
0
1856
64
1
0
1920
64
1
0
1984
64
1
4800
0
64
0
4864
64
64
0
4928
128
64
0
4992
192
64
0
5056
256
64
0
0
320
64
1
5184
384
64
0
5248
448
64
0
5312
512
64
0
5376
576
64
0
5440
640
64
0
5504
704
64
0
5568
768
64
0
5632
832
64
0
5696
896
64
0
0
960
64
1
5824
1024
64
0
5888
1088
64
0
5952
1152
64
0
6016
1216
64
0
6080
1280
64
0
6144
1344
64
0
6208
1408
64
0
6272
1472
64
0
6336
1536
64
0
0
1600
64
1
0
1664
64
1
0
1728
64
1
0
1792
64
1
0
1856
64
1
0
1920
64
1
0
1984
64
1
5440
0
64
0
5504
64
64
0
5568
128
64
0
5632
192
64
0
0
256
64
1
0
320
64
1
0
384
64
1
0
448
64
1
0
512
64
1
0
576
64
1
0
640
64
1
0
704
64
1
0
768
64
1
0
832
64
1
0
896
64
1
0
960
64
1
0
1024
64
1
0
1088
64
1
0
1152
64
1
0
1216
64
1
0
1280
64
1
0
1344
64
1
0
1408
64
1
0
1472
64
1
0
1536
64
1
0
1600
64
1
0
1664
64
1
0
1728
64
1
0
1792
64
1
0
1856
64
1
0
1920
64
1
0
1984
64
1
5504
0
64
0
5568
64
64
0
5632
128
64
0
5696
192
64
0
64
256
64
1
64
320
64
1
64
384
64
1
64
448
64
1
64
512
64
1
64
576
64
1
64
640
64
1
64
704
64
1
64
768
64
1
64
832
64
1
64
896
64
1
64
960
64
1
64
1024
64
1
64
1088
64
1
64
1152
64
1
64
1216
64
1
64
1280
64
1
64
1344
64
1
64
1408
64
1
64
1472
64
1
64
1536
64
1
64
1600
64
1
64
1664
64
1
64
1728
64
1
64
1792
64
1
64
1856
64
1
64
1920
64
1
64
1984
64
1
5568
0
64
0
5632
64
64
0
5696
128
64
0
0
192
64
1
128
256
64
1
128
320
64
1
128
384
64
1
128
448
64
1
128
512
64
1
128
576
64
1
128
640
64
1
128
704
64
1
128
768
64
1
128
832
64
1
128
896
64
1
128
960
64
1
128
1024
64
1
128
1088
64
1
128
1152
64
1
128
1216
64
1
128
1280
64
1
128
1344
64
1
128
1408
64
1
128
1472
64
1
128
1536
64
1
128
1600
64
1
128
1664
64
1
128
1728
64
1
128
1792
64
1
128
1856
64
1
128
1920
64
1
128
1984
64
1
6080
0
64
0
6144
64
64
0
6208
128
64
0
6272
192
64
0
192
256
64
1
192
320
64
1
192
384
64
1
192
448
64
1
192
512
64
1
192
576
64
1
192
640
64
1
192
704
64
1
192
768
64
1
192
832
64
1
192
896
64
1
192
960
64
1
192
1024
64
1
192
1088
64
1
192
1152
64
1
192
1216
64
1
192
1280
64
1
192
1344
64
1
192
1408
64
1
192
1472
64
1
192
1536
64
1
192
1600
64
1
192
1664
64
1
192
1728
64
1
192
1792
64
1
192
1856
64
1
192
1920
64
1
192
1984
64
1
6144
0
64
0
6208
64
64
0
6272
128
64
0
6336
192
64
0
256
256
64
1
256
320
64
1
256
384
64
1
256
448
64
1
256
512
64
1
256
576
64
1
256
640
64
1
256
704
64
1
256
768
64
1
256
832
64
1
256
896
64
1
256
960
64
1
256
1024
64
1
256
1088
64
1
256
1152
64
1
256
1216
64
1
256
1280
64
1
256
1344
64
1
256
1408
64
1
256
1472
64
1
256
1536
64
1
256
1600
64
1
256
1664
64
1
256
1728
64
1
256
1792
64
1
256
1856
64
1
256
1920
64
1
256
1984
64
1
6208
0
64
0
6272
64
64
0
6336
128
64
0
0
192
64
1
320
256
64
1
320
320
64
1
320
384
64
1
320
448
64
1
320
512
64
1
320
576
64
1
320
640
64
1
320
704
64
1
320
768
64
1
320
832
64
1
320
896
64
1
320
960
64
1
320
1024
64
1
320
1088
64
1
320
1152
64
1
320
1216
64
1
320
1280
64
1
320
1344
64
1
320
1408
64
1
320
1472
64
1
320
1536
64
1
320
1600
64
1
320
1664
64
1
320
1728
64
1
320
1792
64
1
320
1856
64
1
320
1920
64
1
320
1984
64
1
0
0
64
1
0
64
64
1
0
128
64
1
0
192
64
1
384
256
64
1
384
320
64
1
384
384
64
1
384
448
64
1
384
512
64
1
384
576
64
1
384
640
64
1
384
704
64
1
384
768
64
1
384
832
64
1
384
896
64
1
384
960
64
1
384
1024
64
1
384
1088
64
1
384
1152
64
1
384
1216
64
1
384
1280
64
1
384
1344
64
1
384
1408
64
1
384
1472
64
1
384
1536
64
1
384
1600
64
1
384
1664
64
1
384
1728
64
1
384
1792
64
1
384
1856
64
1
384
1920
64
1
384
1984
64
1
0
0
64
1
0
64
64
1
0
128
64
1
0
192
64
1
448
256
64
1
448
320
64
1
448
384
64
1
448
448
64
1
448
512
64
1
448
576
64
1
448
640
64
1
448
704
64
1
448
768
64
1
448
832
64
1
448
896
64
1
448
960
64
1
448
1024
64
1
448
1088
64
1
448
1152
64
1
448
1216
64
1
448
1280
64
1
448
1344
64
1
448
1408
64
1
448
1472
64
1
448
1536
64
1
448
1600
64
1
448
1664
64
1
448
1728
64
1
448
1792
64
1
448
1856
64
1
448
1920
64
1
448
1984
64
1
0
0
64
1
0
64
64
1
0
128
64
1
0
192
64
1
512
256
64
1
512
320
64
1
512
384
64
1
512
448
64
1
512
512
64
1
512
576
64
1
512
640
64
1
512
704
64
1
512
768
64
1
512
832
64
1
512
896
64
1
512
960
64
1
512
1024
64
1
512
1088
64
1
512
1152
64
1
512
1216
64
1
512
1280
64
1
512
1344
64
1
512
1408
64
1
512
1472
64
1
512
1536
64
1
512
1600
64
1
512
1664
64
1
512
1728
64
1
512
1792
64
1
512
1856
64
1
512
1920
64
1
512
1984
64
1
