0
0
32
0
64
32
32
0
320
64
32
0
384
96
32
0
0
128
32
1
0
160
32
1
0
192
32
1
0
224
32
1
0
256
32
1
0
288
32
1
0
320
32
1
0
352
32
1
0
384
32
1
0
416
32
1
0
448
32
1
0
480
32
1
0
512
32
1
0
544
32
1
0
576
32
1
0
608
32
1
0
640
32
1
0
672
32
1
0
704
32
1
0
736
32
1
0
768
32
1
0
800
32
1
0
832
32
1
0
864
32
1
0
896
32
1
0
928
32
1
0
960
32
1
0
992
32
1
32
0
32
0
96
32
32
0
352
64
32
0
416
96
32
0
32
128
32
1
32
160
32
1
32
192
32
1
32
224
32
1
32
256
32
1
32
288
32
1
32
320
32
1
32
352
32
1
32
384
32
1
32
416
32
1
32
448
32
1
32
480
32
1
32
512
32
1
32
544
32
1
32
576
32
1
32
608
32
1
32
640
32
1
32
672
32
1
32
704
32
1
32
736
32
1
32
768
32
1
32
800
32
1
32
832
32
1
32
864
32
1
32
896
32
1
32
928
32
1
32
960
32
1
32
992
32
1
64
0
32
0
128
32
32
0
384
64
32
0
448
96
32
0
64
128
32
1
64
160
32
1
64
192
32
1
64
224
32
1
64
256
32
1
64
288
32
1
64
320
32
1
64
352
32
1
64
384
32
1
64
416
32
1
64
448
32
1
64
480
32
1
64
512
32
1
64
544
32
1
64
576
32
1
64
608
32
1
64
640
32
1
64
672
32
1
64
704
32
1
64
736
32
1
64
768
32
1
64
800
32
1
64
832
32
1
64
864
32
1
64
896
32
1
64
928
32
1
64
960
32
1
64
992
32
1
160
0
32
0
224
32
32
0
480
64
32
0
544
96
32
0
96
128
32
1
96
160
32
1
96
192
32
1
96
224
32
1
96
256
32
1
96
288
32
1
96
320
32
1
96
352
32
1
96
384
32
1
96
416
32
1
96
448
32
1
96
480
32
1
96
512
32
1
96
544
32
1
96
576
32
1
96
608
32
1
96
640
32
1
96
672
32
1
96
704
32
1
96
736
32
1
96
768
32
1
96
800
32
1
96
832
32
1
96
864
32
1
96
896
32
1
96
928
32
1
96
960
32
1
96
992
32
1
192
0
32
0
256
32
32
0
512
64
32
0
576
96
32
0
128
128
32
1
128
160
32
1
128
192
32
1
128
224
32
1
128
256
32
1
128
288
32
1
128
320
32
1
128
352
32
1
128
384
32
1
128
416
32
1
128
448
32
1
128
480
32
1
128
512
32
1
128
544
32
1
128
576
32
1
128
608
32
1
128
640
32
1
128
672
32
1
128
704
32
1
128
736
32
1
128
768
32
1
128
800
32
1
128
832
32
1
128
864
32
1
128
896
32
1
128
928
32
1
128
960
32
1
128
992
32
1
224
0
32
0
288
32
32
0
544
64
32
0
608
96
32
0
160
128
32
1
160
160
32
1
160
192
32
1
160
224
32
1
160
256
32
1
160
288
32
1
160
320
32
1
160
352
32
1
160
384
32
1
160
416
32
1
160
448
32
1
160
480
32
1
160
512
32
1
160
544
32
1
160
576
32
1
160
608
32
1
160
640
32
1
160
672
32
1
160
704
32
1
160
736
32
1
160
768
32
1
160
800
32
1
160
832
32
1
160
864
32
1
160
896
32
1
160
928
32
1
160
960
32
1
160
992
32
1
320
0
32
0
384
32
32
0
640
64
32
0
704
96
32
0
192
128
32
1
192
160
32
1
192
192
32
1
192
224
32
1
192
256
32
1
192
288
32
1
192
320
32
1
192
352
32
1
192
384
32
1
192
416
32
1
192
448
32
1
192
480
32
1
192
512
32
1
192
544
32
1
192
576
32
1
192
608
32
1
192
640
32
1
192
672
32
1
192
704
32
1
192
736
32
1
192
768
32
1
192
800
32
1
192
832
32
1
192
864
32
1
192
896
32
1
192
928
32
1
192
960
32
1
192
992
32
1
352
0
32
0
416
32
32
0
672
64
32
0
736
96
32
0
224
128
32
1
224
160
32
1
224
192
32
1
224
224
32
1
224
256
32
1
224
288
32
1
224
320
32
1
224
352
32
1
224
384
32
1
224
416
32
1
224
448
32
1
224
480
32
1
224
512
32
1
224
544
32
1
224
576
32
1
224
608
32
1
224
640
32
1
224
672
32
1
224
704
32
1
224
736
32
1
224
768
32
1
224
800
32
1
224
832
32
1
224
864
32
1
224
896
32
1
224
928
32
1
224
960
32
1
224
992
32
1
384
0
32
0
448
32
32
0
704
64
32
0
768
96
32
0
256
128
32
1
256
160
32
1
256
192
32
1
256
224
32
1
256
256
32
1
256
288
32
1
256
320
32
1
256
352
32
1
256
384
32
1
256
416
32
1
256
448
32
1
256
480
32
1
256
512
32
1
256
544
32
1
256
576
32
1
256
608
32
1
256
640
32
1
256
672
32
1
256
704
32
1
256
736
32
1
256
768
32
1
256
800
32
1
256
832
32
1
256
864
32
1
256
896
32
1
256
928
32
1
256
960
32
1
256
992
32
1
