0
0
64
1
0
64
64
1
0
128
64
1
0
192
64
1
0
256
64
1
0
320
64
1
0
384
64
1
1408
448
64
0
1664
512
64
0
1920
576
64
0
2176
640
64
0
2432
704
64
0
0
768
64
1
3968
832
64
0
4224
896
64
0
4480
960
64
0
4736
1024
64
0
4992
1088
64
0
0
1152
64
1
6528
1216
64
0
6784
1280
64
0
7040
1344
64
0
7296
1408
64
0
7552
1472
64
0
0
1536
64
1
9088
1600
64
0
9344
1664
64
0
9600
1728
64
0
9856
1792
64
0
10112
1856
64
0
0
1920
64
1
11648
1984
64
0
64
0
64
1
64
64
64
1
64
128
64
1
64
192
64
1
64
256
64
1
64
320
64
1
64
384
64
1
1472
448
64
0
1728
512
64
0
1984
576
64
0
2240
640
64
0
2496
704
64
0
64
768
64
1
4032
832
64
0
4288
896
64
0
4544
960
64
0
4800
1024
64
0
5056
1088
64
0
64
1152
64
1
6592
1216
64
0
6848
1280
64
0
7104
1344
64
0
7360
1408
64
0
7616
1472
64
0
64
1536
64
1
9152
1600
64
0
9408
1664
64
0
9664
1728
64
0
9920
1792
64
0
10176
1856
64
0
64
1920
64
1
11712
1984
64
0
11904
0
64
0
12160
64
64
0
12416
128
64
0
12672
192
64
0
0
256
64
1
0
320
64
1
0
384
64
1
0
448
64
1
0
512
64
1
0
576
64
1
0
640
64
1
0
704
64
1
0
768
64
1
0
832
64
1
0
896
64
1
0
960
64
1
0
1024
64
1
0
1088
64
1
0
1152
64
1
0
1216
64
1
0
1280
64
1
0
1344
64
1
0
1408
64
1
0
1472
64
1
0
1536
64
1
0
1600
64
1
0
1664
64
1
0
1728
64
1
0
1792
64
1
0
1856
64
1
0
1920
64
1
0
1984
64
1
11968
0
64
0
12224
64
64
0
12480
128
64
0
12736
192
64
0
64
256
64
1
64
320
64
1
64
384
64
1
64
448
64
1
64
512
64
1
64
576
64
1
64
640
64
1
64
704
64
1
64
768
64
1
64
832
64
1
64
896
64
1
64
960
64
1
64
1024
64
1
64
1088
64
1
64
1152
64
1
64
1216
64
1
64
1280
64
1
64
1344
64
1
64
1408
64
1
64
1472
64
1
64
1536
64
1
64
1600
64
1
64
1664
64
1
64
1728
64
1
64
1792
64
1
64
1856
64
1
64
1920
64
1
64
1984
64
1
