0
0
64
1
0
64
64
1
0
128
64
1
0
192
64
1
0
256
64
1
0
320
64
1
0
384
64
0
128
448
64
0
256
512
64
0
384
576
64
0
0
640
64
1
640
704
64
0
768
768
64
0
896
832
64
0
1024
896
64
0
0
960
64
1
1280
1024
64
0
1408
1088
64
0
1536
1152
64
0
1664
1216
64
0
0
1280
64
1
1920
1344
64
0
2048
1408
64
0
2176
1472
64
0
2304
1536
64
0
0
1600
64
1
0
1664
64
1
0
1728
64
1
0
1792
64
1
0
1856
64
1
0
1920
64
1
0
1984
64
1
64
0
64
1
64
64
64
1
64
128
64
1
64
192
64
1
64
256
64
1
64
320
64
1
64
384
64
0
192
448
64
0
320
512
64
0
448
576
64
0
64
640
64
1
704
704
64
0
832
768
64
0
960
832
64
0
1088
896
64
0
64
960
64
1
1344
1024
64
0
1472
1088
64
0
1600
1152
64
0
1728
1216
64
0
64
1280
64
1
1984
1344
64
0
2112
1408
64
0
2240
1472
64
0
2368
1536
64
0
64
1600
64
1
64
1664
64
1
64
1728
64
1
64
1792
64
1
64
1856
64
1
64
1920
64
1
64
1984
64
1
0
0
64
1
0
64
64
1
0
128
64
1
0
192
64
1
0
256
64
1
0
320
64
0
128
384
64
0
256
448
64
0
384
512
64
0
512
576
64
0
640
640
64
0
768
704
64
0
896
768
64
0
1024
832
64
0
1152
896
64
0
1280
960
64
0
1408
1024
64
0
1536
1088
64
0
1664
1152
64
0
1792
1216
64
0
1920
1280
64
0
2048
1344
64
0
2176
1408
64
0
2304
1472
64
0
2432
1536
64
0
128
1600
64
1
128
1664
64
1
128
1728
64
1
128
1792
64
1
128
1856
64
1
128
1920
64
1
128
1984
64
1
64
0
64
1
64
64
64
1
64
128
64
1
64
192
64
1
64
256
64
1
64
320
64
0
192
384
64
0
320
448
64
0
448
512
64
0
576
576
64
0
704
640
64
0
832
704
64
0
960
768
64
0
1088
832
64
0
1216
896
64
0
1344
960
64
0
1472
1024
64
0
1600
1088
64
0
1728
1152
64
0
1856
1216
64
0
1984
1280
64
0
2112
1344
64
0
2240
1408
64
0
2368
1472
64
0
2496
1536
64
0
192
1600
64
1
192
1664
64
1
192
1728
64
1
192
1792
64
1
192
1856
64
1
192
1920
64
1
192
1984
64
1
0
0
64
1
0
64
64
1
0
128
64
1
0
192
64
1
0
256
64
1
128
320
64
0
256
384
64
0
384
448
64
0
512
512
64
0
0
576
64
1
768
640
64
0
896
704
64
0
1024
768
64
0
1152
832
64
0
0
896
64
1
1408
960
64
0
1536
1024
64
0
1664
1088
64
0
1792
1152
64
0
0
1216
64
1
2048
1280
64
0
2176
1344
64
0
2304
1408
64
0
2432
1472
64
0
0
1536
64
1
256
1600
64
1
256
1664
64
1
256
1728
64
1
256
1792
64
1
256
1856
64
1
256
1920
64
1
256
1984
64
1
64
0
64
1
64
64
64
1
64
128
64
1
64
192
64
1
64
256
64
1
192
320
64
0
320
384
64
0
448
448
64
0
576
512
64
0
64
576
64
1
832
640
64
0
960
704
64
0
1088
768
64
0
1216
832
64
0
64
896
64
1
1472
960
64
0
1600
1024
64
0
1728
1088
64
0
1856
1152
64
0
64
1216
64
1
2112
1280
64
0
2240
1344
64
0
2368
1408
64
0
2496
1472
64
0
64
1536
64
1
320
1600
64
1
320
1664
64
1
320
1728
64
1
320
1792
64
1
320
1856
64
1
320
1920
64
1
320
1984
64
1
0
0
64
1
0
64
64
0
128
128
64
0
256
192
64
0
384
256
64
0
0
320
64
1
640
384
64
0
768
448
64
0
896
512
64
0
1024
576
64
0
0
640
64
1
1280
704
64
0
1408
768
64
0
1536
832
64
0
1664
896
64
0
0
960
64
1
1920
1024
64
0
2048
1088
64
0
2176
1152
64
0
2304
1216
64
0
0
1280
64
1
2560
1344
64
0
2688
1408
64
0
2816
1472
64
0
2944
1536
64
0
384
1600
64
1
384
1664
64
1
384
1728
64
1
384
1792
64
1
384
1856
64
1
384
1920
64
1
384
1984
64
1
64
0
64
1
64
64
64
0
192
128
64
0
320
192
64
0
448
256
64
0
64
320
64
1
704
384
64
0
832
448
64
0
960
512
64
0
1088
576
64
0
64
640
64
1
1344
704
64
0
1472
768
64
0
1600
832
64
0
1728
896
64
0
64
960
64
1
1984
1024
64
0
2112
1088
64
0
2240
1152
64
0
2368
1216
64
0
64
1280
64
1
2624
1344
64
0
2752
1408
64
0
2880
1472
64
0
3008
1536
64
0
448
1600
64
1
448
1664
64
1
448
1728
64
1
448
1792
64
1
448
1856
64
1
448
1920
64
1
448
1984
64
1
0
0
64
0
128
64
64
0
256
128
64
0
384
192
64
0
512
256
64
0
640
320
64
0
768
384
64
0
896
448
64
0
1024
512
64
0
1152
576
64
0
1280
640
64
0
1408
704
64
0
1536
768
64
0
1664
832
64
0
1792
896
64
0
1920
960
64
0
2048
1024
64
0
2176
1088
64
0
2304
1152
64
0
2432
1216
64
0
2560
1280
64
0
2688
1344
64
0
2816
1408
64
0
2944
1472
64
0
3072
1536
64
0
512
1600
64
1
512
1664
64
1
512
1728
64
1
512
1792
64
1
512
1856
64
1
512
1920
64
1
512
1984
64
1
64
0
64
0
192
64
64
0
320
128
64
0
448
192
64
0
576
256
64
0
704
320
64
0
832
384
64
0
960
448
64
0
1088
512
64
0
1216
576
64
0
1344
640
64
0
1472
704
64
0
1600
768
64
0
1728
832
64
0
1856
896
64
0
1984
960
64
0
2112
1024
64
0
2240
1088
64
0
2368
1152
64
0
2496
1216
64
0
2624
1280
64
0
2752
1344
64
0
2880
1408
64
0
3008
1472
64
0
3136
1536
64
0
576
1600
64
1
576
1664
64
1
576
1728
64
1
576
1792
64
1
576
1856
64
1
576
1920
64
1
576
1984
64
1
128
0
64
0
256
64
64
0
384
128
64
0
512
192
64
0
0
256
64
1
768
320
64
0
896
384
64
0
1024
448
64
0
1152
512
64
0
0
576
64
1
1408
640
64
0
1536
704
64
0
1664
768
64
0
1792
832
64
0
0
896
64
1
2048
960
64
0
2176
1024
64
0
2304
1088
64
0
2432
1152
64
0
0
1216
64
1
2688
1280
64
0
2816
1344
64
0
2944
1408
64
0
3072
1472
64
0
0
1536
64
1
640
1600
64
1
640
1664
64
1
640
1728
64
1
640
1792
64
1
640
1856
64
1
640
1920
64
1
640
1984
64
1
192
0
64
0
320
64
64
0
448
128
64
0
576
192
64
0
64
256
64
1
832
320
64
0
960
384
64
0
1088
448
64
0
1216
512
64
0
64
576
64
1
1472
640
64
0
1600
704
64
0
1728
768
64
0
1856
832
64
0
64
896
64
1
2112
960
64
0
2240
1024
64
0
2368
1088
64
0
2496
1152
64
0
64
1216
64
1
2752
1280
64
0
2880
1344
64
0
3008
1408
64
0
3136
1472
64
0
64
1536
64
1
704
1600
64
1
704
1664
64
1
704
1728
64
1
704
1792
64
1
704
1856
64
1
704
1920
64
1
704
1984
64
1
0
0
64
1
640
64
64
0
768
128
64
0
896
192
64
0
1024
256
64
0
0
320
64
1
1280
384
64
0
1408
448
64
0
1536
512
64
0
1664
576
64
0
0
640
64
1
1920
704
64
0
2048
768
64
0
2176
832
64
0
2304
896
64
0
0
960
64
1
2560
1024
64
0
2688
1088
64
0
2816
1152
64
0
2944
1216
64
0
0
1280
64
1
0
1344
64
1
0
1408
64
1
0
1472
64
1
0
1536
64
1
768
1600
64
1
768
1664
64
1
768
1728
64
1
768
1792
64
1
768
1856
64
1
768
1920
64
1
768
1984
64
1
64
0
64
1
704
64
64
0
832
128
64
0
960
192
64
0
1088
256
64
0
64
320
64
1
1344
384
64
0
1472
448
64
0
1600
512
64
0
1728
576
64
0
64
640
64
1
1984
704
64
0
2112
768
64
0
2240
832
64
0
2368
896
64
0
64
960
64
1
2624
1024
64
0
2752
1088
64
0
2880
1152
64
0
3008
1216
64
0
64
1280
64
1
64
1344
64
1
64
1408
64
1
64
1472
64
1
64
1536
64
1
832
1600
64
1
832
1664
64
1
832
1728
64
1
832
1792
64
1
832
1856
64
1
832
1920
64
1
832
1984
64
1
640
0
64
0
768
64
64
0
896
128
64
0
1024
192
64
0
1152
256
64
0
1280
320
64
0
1408
384
64
0
1536
448
64
0
1664
512
64
0
1792
576
64
0
1920
640
64
0
2048
704
64
0
2176
768
64
0
2304
832
64
0
2432
896
64
0
2560
960
64
0
2688
1024
64
0
2816
1088
64
0
2944
1152
64
0
3072
1216
64
0
0
1280
64
1
0
1344
64
1
0
1408
64
1
0
1472
64
1
0
1536
64
1
896
1600
64
1
896
1664
64
1
896
1728
64
1
896
1792
64
1
896
1856
64
1
896
1920
64
1
896
1984
64
1
704
0
64
0
832
64
64
0
960
128
64
0
1088
192
64
0
1216
256
64
0
1344
320
64
0
1472
384
64
0
1600
448
64
0
1728
512
64
0
1856
576
64
0
1984
640
64
0
2112
704
64
0
2240
768
64
0
2368
832
64
0
2496
896
64
0
2624
960
64
0
2752
1024
64
0
2880
1088
64
0
3008
1152
64
0
3136
1216
64
0
64
1280
64
1
64
1344
64
1
64
1408
64
1
64
1472
64
1
64
1536
64
1
960
1600
64
1
960
1664
64
1
960
1728
64
1
960
1792
64
1
960
1856
64
1
960
1920
64
1
960
1984
64
1
768
0
64
0
896
64
64
0
1024
128
64
0
1152
192
64
0
0
256
64
1
1408
320
64
0
1536
384
64
0
1664
448
64
0
1792
512
64
0
0
576
64
1
2048
640
64
0
2176
704
64
0
2304
768
64
0
2432
832
64
0
0
896
64
1
2688
960
64
0
2816
1024
64
0
2944
1088
64
0
3072
1152
64
0
0
1216
64
1
0
1280
64
1
0
1344
64
1
0
1408
64
1
0
1472
64
1
0
1536
64
1
1024
1600
64
1
1024
1664
64
1
1024
1728
64
1
1024
1792
64
1
1024
1856
64
1
1024
1920
64
1
1024
1984
64
1
832
0
64
0
960
64
64
0
1088
128
64
0
1216
192
64
0
64
256
64
1
1472
320
64
0
1600
384
64
0
1728
448
64
0
1856
512
64
0
64
576
64
1
2112
640
64
0
2240
704
64
0
2368
768
64
0
2496
832
64
0
64
896
64
1
2752
960
64
0
2880
1024
64
0
3008
1088
64
0
3136
1152
64
0
64
1216
64
1
64
1280
64
1
64
1344
64
1
64
1408
64
1
64
1472
64
1
64
1536
64
1
1088
1600
64
1
1088
1664
64
1
1088
1728
64
1
1088
1792
64
1
1088
1856
64
1
1088
1920
64
1
1088
1984
64
1
