0
0
64
0
512
64
64
0
1024
128
64
0
1536
192
64
0
2048
256
64
0
2560
320
64
0
3072
384
64
0
3584
448
64
0
4096
512
64
0
4608
576
64
0
5120
640
64
0
5632
704
64
0
6144
768
64
0
6656
832
64
0
7168
896
64
0
7680
960
64
0
0
1024
64
1
0
1088
64
1
0
1152
64
1
0
1216
64
1
0
1280
64
1
0
1344
64
1
0
1408
64
1
0
1472
64
1
0
1536
64
1
0
1600
64
1
0
1664
64
1
0
1728
64
1
0
1792
64
1
0
1856
64
1
0
1920
64
1
0
1984
64
1
64
0
64
0
576
64
64
0
1088
128
64
0
1600
192
64
0
2112
256
64
0
2624
320
64
0
3136
384
64
0
3648
448
64
0
4160
512
64
0
4672
576
64
0
5184
640
64
0
5696
704
64
0
6208
768
64
0
6720
832
64
0
7232
896
64
0
7744
960
64
0
64
1024
64
1
64
1088
64
1
64
1152
64
1
64
1216
64
1
64
1280
64
1
64
1344
64
1
64
1408
64
1
64
1472
64
1
64
1536
64
1
64
1600
64
1
64
1664
64
1
64
1728
64
1
64
1792
64
1
64
1856
64
1
64
1920
64
1
64
1984
64
1
128
0
64
0
640
64
64
0
1152
128
64
0
1664
192
64
0
2176
256
64
0
2688
320
64
0
3200
384
64
0
3712
448
64
0
4224
512
64
0
4736
576
64
0
5248
640
64
0
5760
704
64
0
6272
768
64
0
6784
832
64
0
7296
896
64
0
7808
960
64
0
128
1024
64
1
128
1088
64
1
128
1152
64
1
128
1216
64
1
128
1280
64
1
128
1344
64
1
128
1408
64
1
128
1472
64
1
128
1536
64
1
128
1600
64
1
128
1664
64
1
128
1728
64
1
128
1792
64
1
128
1856
64
1
128
1920
64
1
128
1984
64
1
192
0
64
0
704
64
64
0
1216
128
64
0
1728
192
64
0
2240
256
64
0
2752
320
64
0
3264
384
64
0
3776
448
64
0
4288
512
64
0
4800
576
64
0
5312
640
64
0
5824
704
64
0
6336
768
64
0
6848
832
64
0
7360
896
64
0
7872
960
64
0
192
1024
64
1
192
1088
64
1
192
1152
64
1
192
1216
64
1
192
1280
64
1
192
1344
64
1
192
1408
64
1
192
1472
64
1
192
1536
64
1
192
1600
64
1
192
1664
64
1
192
1728
64
1
192
1792
64
1
192
1856
64
1
192
1920
64
1
192
1984
64
1
256
0
64
0
768
64
64
0
1280
128
64
0
1792
192
64
0
2304
256
64
0
2816
320
64
0
3328
384
64
0
3840
448
64
0
4352
512
64
0
4864
576
64
0
5376
640
64
0
5888
704
64
0
6400
768
64
0
6912
832
64
0
7424
896
64
0
7936
960
64
0
256
1024
64
1
256
1088
64
1
256
1152
64
1
256
1216
64
1
256
1280
64
1
256
1344
64
1
256
1408
64
1
256
1472
64
1
256
1536
64
1
256
1600
64
1
256
1664
64
1
256
1728
64
1
256
1792
64
1
256
1856
64
1
256
1920
64
1
256
1984
64
1
320
0
64
0
832
64
64
0
1344
128
64
0
1856
192
64
0
2368
256
64
0
2880
320
64
0
3392
384
64
0
3904
448
64
0
4416
512
64
0
4928
576
64
0
5440
640
64
0
5952
704
64
0
6464
768
64
0
6976
832
64
0
7488
896
64
0
8000
960
64
0
320
1024
64
1
320
1088
64
1
320
1152
64
1
320
1216
64
1
320
1280
64
1
320
1344
64
1
320
1408
64
1
320
1472
64
1
320
1536
64
1
320
1600
64
1
320
1664
64
1
320
1728
64
1
320
1792
64
1
320
1856
64
1
320
1920
64
1
320
1984
64
1
384
0
64
0
896
64
64
0
1408
128
64
0
1920
192
64
0
2432
256
64
0
2944
320
64
0
3456
384
64
0
3968
448
64
0
4480
512
64
0
4992
576
64
0
5504
640
64
0
6016
704
64
0
6528
768
64
0
7040
832
64
0
7552
896
64
0
8064
960
64
0
384
1024
64
1
384
1088
64
1
384
1152
64
1
384
1216
64
1
384
1280
64
1
384
1344
64
1
384
1408
64
1
384
1472
64
1
384
1536
64
1
384
1600
64
1
384
1664
64
1
384
1728
64
1
384
1792
64
1
384
1856
64
1
384
1920
64
1
384
1984
64
1
448
0
64
0
960
64
64
0
1472
128
64
0
1984
192
64
0
2496
256
64
0
3008
320
64
0
3520
384
64
0
4032
448
64
0
4544
512
64
0
5056
576
64
0
5568
640
64
0
6080
704
64
0
6592
768
64
0
7104
832
64
0
7616
896
64
0
8128
960
64
0
448
1024
64
1
448
1088
64
1
448
1152
64
1
448
1216
64
1
448
1280
64
1
448
1344
64
1
448
1408
64
1
448
1472
64
1
448
1536
64
1
448
1600
64
1
448
1664
64
1
448
1728
64
1
448
1792
64
1
448
1856
64
1
448
1920
64
1
448
1984
64
1
